activity_id,timestamp,elapsed_seconds,power_w,heart_rate_bpm,cadence_rpm,speed_m_s,altitude_m,temperature_c,segment_id,segment_number,source_elapsed_seconds,source_row_index,source_file,activity_split,segment_selected_from_activity,power_missing,hr_missing
fit:8a75cee6164235add2ce2b8c9e55cf1b077c18fcb8e48a1a967d0a06c8f89fb3,2026-09-08T05:31:21+00:00,0,0,84,0,1.972,14.399999999999977,19,fit:8a75cee6164235add2ce2b8c9e55cf1b077c18fcb8e48a1a967d0a06c8f89fb3:segment:003,3,4463.0,4381,activities/128_260908061657.csv,1,1,0,0
fit:8a75cee6164235add2ce2b8c9e55cf1b077c18fcb8e48a1a967d0a06c8f89fb3,2026-09-08T05:31:22+00:00,1,144,86,26,2.221,13.799999999999955,19,fit:8a75cee6164235add2ce2b8c9e55cf1b077c18fcb8e48a1a967d0a06c8f89fb3:segment:003,3,4464.0,4382,activities/128_260908061657.csv,1,1,0,0
fit:8a75cee6164235add2ce2b8c9e55cf1b077c18fcb8e48a1a967d0a06c8f89fb3,2026-09-08T05:31:23+00:00,2,256,86,26,2.566,13.799999999999955,19,fit:8a75cee6164235add2ce2b8c9e55cf1b077c18fcb8e48a1a967d0a06c8f89fb3:segment:003,3,4465.0,4383,activities/128_260908061657.csv,1,1,0,0
fit:8a75cee6164235add2ce2b8c9e55cf1b077c18fcb8e48a1a967d0a06c8f89fb3,2026-09-08T05:31:24+00:00,3,254,89,37,3.189,13.799999999999955,19,fit:8a75cee6164235add2ce2b8c9e55cf1b077c18fcb8e48a1a967d0a06c8f89fb3:segment:003,3,4466.0,4384,activities/128_260908061657.csv,1,1,0,0
fit:8a75cee6164235add2ce2b8c9e55cf1b077c18fcb8e48a1a967d0a06c8f89fb3,2026-09-08T05:31:25+00:00,4,250,91,47,3.761,13.799999999999955,19,fit:8a75cee6164235add2ce2b8c9e55cf1b077c18fcb8e48a1a967d0a06c8f89fb3:segment:003,3,4467.0,4385,activities/128_260908061657.csv,1,1,0,0
fit:8a75cee6164235add2ce2b8c9e55cf1b077c18fcb8e48a1a967d0a06c8f89fb3,2026-09-08T05:31:26+00:00,5,247,92,54,4.14,14.200000000000045,19,fit:8a75cee6164235add2ce2b8c9e55cf1b077c18fcb8e48a1a967d0a06c8f89fb3:segment:003,3,4468.0,4386,activities/128_260908061657.csv,1,1,0,0
fit:8a75cee6164235add2ce2b8c9e55cf1b077c18fcb8e48a1a967d0a06c8f89fb3,2026-09-08T05:31:27+00:00,6,247,93,61,4.776,14.200000000000045,19,fit:8a75cee6164235add2ce2b8c9e55cf1b077c18fcb8e48a1a967d0a06c8f89fb3:segment:003,3,4469.0,4387,activities/128_260908061657.csv,1,1,0,0
fit:8a75cee6164235add2ce2b8c9e55cf1b077c18fcb8e48a1a967d0a06c8f89fb3,2026-09-08T05:31:28+00:00,7,146,94,61,4.763,14.200000000000045,19,fit:8a75cee6164235add2ce2b8c9e55cf1b077c18fcb8e48a1a967d0a06c8f89fb3:segment:003,3,4470.0,4388,activities/128_260908061657.csv,1,1,0,0
fit:8a75cee6164235add2ce2b8c9e55cf1b077c18fcb8e48a1a967d0a06c8f89fb3,2026-09-08T05:31:29+00:00,8,64,94,37,5.206,13.200000000000045,19,fit:8a75cee6164235add2ce2b8c9e55cf1b077c18fcb8e48a1a967d0a06c8f89fb3:segment:003,3,4471.0,4389,activities/128_260908061657.csv,1,1,0,0
fit:8a75cee6164235add2ce2b8c9e55cf1b077c18fcb8e48a1a967d0a06c8f89fb3,2026-09-08T05:31:30+00:00,9,198,96,37,5.382,12.600000000000023,19,fit:8a75cee6164235add2ce2b8c9e55cf1b077c18fcb8e48a1a967d0a06c8f89fb3:segment:003,3,4472.0,4390,activities/128_260908061657.csv,1,1,0,0
fit:8a75cee6164235add2ce2b8c9e55cf1b077c18fcb8e48a1a967d0a06c8f89fb3,2026-09-08T05:31:31+00:00,10,171,97,73,6.155,12.600000000000023,19,fit:8a75cee6164235add2ce2b8c9e55cf1b077c18fcb8e48a1a967d0a06c8f89fb3:segment:003,3,4473.0,4391,activities/128_260908061657.csv,1,1,0,0
fit:8a75cee6164235add2ce2b8c9e55cf1b077c18fcb8e48a1a967d0a06c8f89fb3,2026-09-08T05:31:32+00:00,11,195,98,75,6.642,12.600000000000023,19,fit:8a75cee6164235add2ce2b8c9e55cf1b077c18fcb8e48a1a967d0a06c8f89fb3:segment:003,3,4474.0,4392,activities/128_260908061657.csv,1,1,0,0
fit:8a75cee6164235add2ce2b8c9e55cf1b077c18fcb8e48a1a967d0a06c8f89fb3,2026-09-08T05:31:33+00:00,12,182,99,77,6.941,12.600000000000023,19,fit:8a75cee6164235add2ce2b8c9e55cf1b077c18fcb8e48a1a967d0a06c8f89fb3:segment:003,3,4475.0,4393,activities/128_260908061657.csv,1,1,0,0
fit:8a75cee6164235add2ce2b8c9e55cf1b077c18fcb8e48a1a967d0a06c8f89fb3,2026-09-08T05:31:34+00:00,13,187,100,77,7.217,12.600000000000023,19,fit:8a75cee6164235add2ce2b8c9e55cf1b077c18fcb8e48a1a967d0a06c8f89fb3:segment:003,3,4476.0,4394,activities/128_260908061657.csv,1,1,0,0
fit:8a75cee6164235add2ce2b8c9e55cf1b077c18fcb8e48a1a967d0a06c8f89fb3,2026-09-08T05:31:35+00:00,14,162,100,79,7.504,12.600000000000023,19,fit:8a75cee6164235add2ce2b8c9e55cf1b077c18fcb8e48a1a967d0a06c8f89fb3:segment:003,3,4477.0,4395,activities/128_260908061657.csv,1,1,0,0
fit:8a75cee6164235add2ce2b8c9e55cf1b077c18fcb8e48a1a967d0a06c8f89fb3,2026-09-08T05:31:36+00:00,15,194,100,80,7.68,12.600000000000023,19,fit:8a75cee6164235add2ce2b8c9e55cf1b077c18fcb8e48a1a967d0a06c8f89fb3:segment:003,3,4478.0,4396,activities/128_260908061657.csv,1,1,0,0
fit:8a75cee6164235add2ce2b8c9e55cf1b077c18fcb8e48a1a967d0a06c8f89fb3,2026-09-08T05:31:37+00:00,16,210,100,81,7.763,12.399999999999977,19,fit:8a75cee6164235add2ce2b8c9e55cf1b077c18fcb8e48a1a967d0a06c8f89fb3:segment:003,3,4479.0,4397,activities/128_260908061657.csv,1,1,0,0
fit:8a75cee6164235add2ce2b8c9e55cf1b077c18fcb8e48a1a967d0a06c8f89fb3,2026-09-08T05:31:38+00:00,17,192,99,81,7.846,12.200000000000045,19,fit:8a75cee6164235add2ce2b8c9e55cf1b077c18fcb8e48a1a967d0a06c8f89fb3:segment:003,3,4480.0,4398,activities/128_260908061657.csv,1,1,0,0
fit:8a75cee6164235add2ce2b8c9e55cf1b077c18fcb8e48a1a967d0a06c8f89fb3,2026-09-08T05:31:39+00:00,18,193,99,82,7.87,12.200000000000045,19,fit:8a75cee6164235add2ce2b8c9e55cf1b077c18fcb8e48a1a967d0a06c8f89fb3:segment:003,3,4481.0,4399,activities/128_260908061657.csv,1,1,0,0
fit:8a75cee6164235add2ce2b8c9e55cf1b077c18fcb8e48a1a967d0a06c8f89fb3,2026-09-08T05:31:40+00:00,19,177,99,82,7.957,12.200000000000045,19,fit:8a75cee6164235add2ce2b8c9e55cf1b077c18fcb8e48a1a967d0a06c8f89fb3:segment:003,3,4482.0,4400,activities/128_260908061657.csv,1,1,0,0
fit:8a75cee6164235add2ce2b8c9e55cf1b077c18fcb8e48a1a967d0a06c8f89fb3,2026-09-08T05:31:41+00:00,20,183,98,83,7.972,12.399999999999977,19,fit:8a75cee6164235add2ce2b8c9e55cf1b077c18fcb8e48a1a967d0a06c8f89fb3:segment:003,3,4483.0,4401,activities/128_260908061657.csv,1,1,0,0
fit:8a75cee6164235add2ce2b8c9e55cf1b077c18fcb8e48a1a967d0a06c8f89fb3,2026-09-08T05:31:42+00:00,21,305,98,82,8.057,12.0,19,fit:8a75cee6164235add2ce2b8c9e55cf1b077c18fcb8e48a1a967d0a06c8f89fb3:segment:003,3,4484.0,4402,activities/128_260908061657.csv,1,1,0,0
fit:8a75cee6164235add2ce2b8c9e55cf1b077c18fcb8e48a1a967d0a06c8f89fb3,2026-09-08T05:31:43+00:00,22,305,98,83,8.071,12.0,19,fit:8a75cee6164235add2ce2b8c9e55cf1b077c18fcb8e48a1a967d0a06c8f89fb3:segment:003,3,4485.0,4403,activities/128_260908061657.csv,1,1,0,0
fit:8a75cee6164235add2ce2b8c9e55cf1b077c18fcb8e48a1a967d0a06c8f89fb3,2026-09-08T05:31:44+00:00,23,202,98,84,8.096,12.0,19,fit:8a75cee6164235add2ce2b8c9e55cf1b077c18fcb8e48a1a967d0a06c8f89fb3:segment:003,3,4486.0,4404,activities/128_260908061657.csv,1,1,0,0
fit:8a75cee6164235add2ce2b8c9e55cf1b077c18fcb8e48a1a967d0a06c8f89fb3,2026-09-08T05:31:45+00:00,24,222,99,84,8.194,12.0,19,fit:8a75cee6164235add2ce2b8c9e55cf1b077c18fcb8e48a1a967d0a06c8f89fb3:segment:003,3,4487.0,4405,activities/128_260908061657.csv,1,1,0,0
fit:8a75cee6164235add2ce2b8c9e55cf1b077c18fcb8e48a1a967d0a06c8f89fb3,2026-09-08T05:31:46+00:00,25,203,100,85,8.235,12.200000000000045,19,fit:8a75cee6164235add2ce2b8c9e55cf1b077c18fcb8e48a1a967d0a06c8f89fb3:segment:003,3,4488.0,4406,activities/128_260908061657.csv,1,1,0,0
fit:8a75cee6164235add2ce2b8c9e55cf1b077c18fcb8e48a1a967d0a06c8f89fb3,2026-09-08T05:31:47+00:00,26,193,101,86,8.222,12.200000000000045,19,fit:8a75cee6164235add2ce2b8c9e55cf1b077c18fcb8e48a1a967d0a06c8f89fb3:segment:003,3,4489.0,4407,activities/128_260908061657.csv,1,1,0,0
fit:8a75cee6164235add2ce2b8c9e55cf1b077c18fcb8e48a1a967d0a06c8f89fb3,2026-09-08T05:31:48+00:00,27,163,103,85,8.284,12.200000000000045,19,fit:8a75cee6164235add2ce2b8c9e55cf1b077c18fcb8e48a1a967d0a06c8f89fb3:segment:003,3,4490.0,4408,activities/128_260908061657.csv,1,1,0,0
fit:8a75cee6164235add2ce2b8c9e55cf1b077c18fcb8e48a1a967d0a06c8f89fb3,2026-09-08T05:31:49+00:00,28,148,103,85,8.319,12.200000000000045,19,fit:8a75cee6164235add2ce2b8c9e55cf1b077c18fcb8e48a1a967d0a06c8f89fb3:segment:003,3,4491.0,4409,activities/128_260908061657.csv,1,1,0,0
fit:8a75cee6164235add2ce2b8c9e55cf1b077c18fcb8e48a1a967d0a06c8f89fb3,2026-09-08T05:31:50+00:00,29,163,105,84,8.22,12.0,19,fit:8a75cee6164235add2ce2b8c9e55cf1b077c18fcb8e48a1a967d0a06c8f89fb3:segment:003,3,4492.0,4410,activities/128_260908061657.csv,1,1,0,0
fit:8a75cee6164235add2ce2b8c9e55cf1b077c18fcb8e48a1a967d0a06c8f89fb3,2026-09-08T05:31:51+00:00,30,117,107,83,8.201,12.0,19,fit:8a75cee6164235add2ce2b8c9e55cf1b077c18fcb8e48a1a967d0a06c8f89fb3:segment:003,3,4493.0,4411,activities/128_260908061657.csv,1,1,0,0
fit:8a75cee6164235add2ce2b8c9e55cf1b077c18fcb8e48a1a967d0a06c8f89fb3,2026-09-08T05:31:52+00:00,31,117,109,81,8.155,12.0,19,fit:8a75cee6164235add2ce2b8c9e55cf1b077c18fcb8e48a1a967d0a06c8f89fb3:segment:003,3,4494.0,4412,activities/128_260908061657.csv,1,1,0,0
fit:8a75cee6164235add2ce2b8c9e55cf1b077c18fcb8e48a1a967d0a06c8f89fb3,2026-09-08T05:31:53+00:00,32,137,111,81,8.067,12.0,19,fit:8a75cee6164235add2ce2b8c9e55cf1b077c18fcb8e48a1a967d0a06c8f89fb3:segment:003,3,4495.0,4413,activities/128_260908061657.csv,1,1,0,0
fit:8a75cee6164235add2ce2b8c9e55cf1b077c18fcb8e48a1a967d0a06c8f89fb3,2026-09-08T05:31:54+00:00,33,222,113,79,7.814,12.600000000000023,19,fit:8a75cee6164235add2ce2b8c9e55cf1b077c18fcb8e48a1a967d0a06c8f89fb3:segment:003,3,4496.0,4414,activities/128_260908061657.csv,1,1,0,0
fit:8a75cee6164235add2ce2b8c9e55cf1b077c18fcb8e48a1a967d0a06c8f89fb3,2026-09-08T05:31:55+00:00,34,213,115,75,7.655,12.600000000000023,19,fit:8a75cee6164235add2ce2b8c9e55cf1b077c18fcb8e48a1a967d0a06c8f89fb3:segment:003,3,4497.0,4415,activities/128_260908061657.csv,1,1,0,0
fit:8a75cee6164235add2ce2b8c9e55cf1b077c18fcb8e48a1a967d0a06c8f89fb3,2026-09-08T05:31:56+00:00,35,226,117,75,7.496,12.600000000000023,19,fit:8a75cee6164235add2ce2b8c9e55cf1b077c18fcb8e48a1a967d0a06c8f89fb3:segment:003,3,4498.0,4416,activities/128_260908061657.csv,1,1,0,0
fit:8a75cee6164235add2ce2b8c9e55cf1b077c18fcb8e48a1a967d0a06c8f89fb3,2026-09-08T05:31:57+00:00,36,227,117,77,7.5,13.200000000000045,19,fit:8a75cee6164235add2ce2b8c9e55cf1b077c18fcb8e48a1a967d0a06c8f89fb3:segment:003,3,4499.0,4417,activities/128_260908061657.csv,1,1,0,0
fit:8a75cee6164235add2ce2b8c9e55cf1b077c18fcb8e48a1a967d0a06c8f89fb3,2026-09-08T05:31:58+00:00,37,227,119,79,7.516,13.799999999999955,19,fit:8a75cee6164235add2ce2b8c9e55cf1b077c18fcb8e48a1a967d0a06c8f89fb3:segment:003,3,4500.0,4418,activities/128_260908061657.csv,1,1,0,0
fit:8a75cee6164235add2ce2b8c9e55cf1b077c18fcb8e48a1a967d0a06c8f89fb3,2026-09-08T05:31:59+00:00,38,222,119,80,7.606,13.799999999999955,19,fit:8a75cee6164235add2ce2b8c9e55cf1b077c18fcb8e48a1a967d0a06c8f89fb3:segment:003,3,4501.0,4419,activities/128_260908061657.csv,1,1,0,0
fit:8a75cee6164235add2ce2b8c9e55cf1b077c18fcb8e48a1a967d0a06c8f89fb3,2026-09-08T05:32:00+00:00,39,179,120,82,7.764,13.799999999999955,19,fit:8a75cee6164235add2ce2b8c9e55cf1b077c18fcb8e48a1a967d0a06c8f89fb3:segment:003,3,4502.0,4420,activities/128_260908061657.csv,1,1,0,0
fit:8a75cee6164235add2ce2b8c9e55cf1b077c18fcb8e48a1a967d0a06c8f89fb3,2026-09-08T05:32:01+00:00,40,165,121,83,7.874,13.799999999999955,19,fit:8a75cee6164235add2ce2b8c9e55cf1b077c18fcb8e48a1a967d0a06c8f89fb3:segment:003,3,4503.0,4421,activities/128_260908061657.csv,1,1,0,0
fit:8a75cee6164235add2ce2b8c9e55cf1b077c18fcb8e48a1a967d0a06c8f89fb3,2026-09-08T05:32:02+00:00,41,150,121,85,8.084,13.600000000000023,19,fit:8a75cee6164235add2ce2b8c9e55cf1b077c18fcb8e48a1a967d0a06c8f89fb3:segment:003,3,4504.0,4422,activities/128_260908061657.csv,1,1,0,0
fit:8a75cee6164235add2ce2b8c9e55cf1b077c18fcb8e48a1a967d0a06c8f89fb3,2026-09-08T05:32:03+00:00,42,136,122,87,8.239,13.600000000000023,19,fit:8a75cee6164235add2ce2b8c9e55cf1b077c18fcb8e48a1a967d0a06c8f89fb3:segment:003,3,4505.0,4423,activities/128_260908061657.csv,1,1,0,0
fit:8a75cee6164235add2ce2b8c9e55cf1b077c18fcb8e48a1a967d0a06c8f89fb3,2026-09-08T05:32:04+00:00,43,136,122,88,8.454,13.600000000000023,19,fit:8a75cee6164235add2ce2b8c9e55cf1b077c18fcb8e48a1a967d0a06c8f89fb3:segment:003,3,4506.0,4424,activities/128_260908061657.csv,1,1,0,0
fit:8a75cee6164235add2ce2b8c9e55cf1b077c18fcb8e48a1a967d0a06c8f89fb3,2026-09-08T05:32:05+00:00,44,131,122,88,8.635,13.200000000000045,19,fit:8a75cee6164235add2ce2b8c9e55cf1b077c18fcb8e48a1a967d0a06c8f89fb3:segment:003,3,4507.0,4425,activities/128_260908061657.csv,1,1,0,0
fit:8a75cee6164235add2ce2b8c9e55cf1b077c18fcb8e48a1a967d0a06c8f89fb3,2026-09-08T05:32:06+00:00,45,119,122,89,8.797,11.199999999999989,19,fit:8a75cee6164235add2ce2b8c9e55cf1b077c18fcb8e48a1a967d0a06c8f89fb3:segment:003,3,4508.0,4426,activities/128_260908061657.csv,1,1,0,0
fit:8a75cee6164235add2ce2b8c9e55cf1b077c18fcb8e48a1a967d0a06c8f89fb3,2026-09-08T05:32:07+00:00,46,140,122,91,8.861,11.199999999999989,19,fit:8a75cee6164235add2ce2b8c9e55cf1b077c18fcb8e48a1a967d0a06c8f89fb3:segment:003,3,4509.0,4427,activities/128_260908061657.csv,1,1,0,0
fit:8a75cee6164235add2ce2b8c9e55cf1b077c18fcb8e48a1a967d0a06c8f89fb3,2026-09-08T05:32:08+00:00,47,143,122,91,8.945,11.199999999999989,19,fit:8a75cee6164235add2ce2b8c9e55cf1b077c18fcb8e48a1a967d0a06c8f89fb3:segment:003,3,4510.0,4428,activities/128_260908061657.csv,1,1,0,0
fit:8a75cee6164235add2ce2b8c9e55cf1b077c18fcb8e48a1a967d0a06c8f89fb3,2026-09-08T05:32:09+00:00,48,150,123,91,8.936,12.200000000000045,20,fit:8a75cee6164235add2ce2b8c9e55cf1b077c18fcb8e48a1a967d0a06c8f89fb3:segment:003,3,4511.0,4429,activities/128_260908061657.csv,1,1,0,0
fit:8a75cee6164235add2ce2b8c9e55cf1b077c18fcb8e48a1a967d0a06c8f89fb3,2026-09-08T05:32:10+00:00,49,199,123,91,8.892,12.600000000000023,20,fit:8a75cee6164235add2ce2b8c9e55cf1b077c18fcb8e48a1a967d0a06c8f89fb3:segment:003,3,4512.0,4430,activities/128_260908061657.csv,1,1,0,0
fit:8a75cee6164235add2ce2b8c9e55cf1b077c18fcb8e48a1a967d0a06c8f89fb3,2026-09-08T05:32:11+00:00,50,172,123,91,9.01,12.600000000000023,20,fit:8a75cee6164235add2ce2b8c9e55cf1b077c18fcb8e48a1a967d0a06c8f89fb3:segment:003,3,4513.0,4431,activities/128_260908061657.csv,1,1,0,0
fit:8a75cee6164235add2ce2b8c9e55cf1b077c18fcb8e48a1a967d0a06c8f89fb3,2026-09-08T05:32:12+00:00,51,172,123,91,8.975,12.600000000000023,20,fit:8a75cee6164235add2ce2b8c9e55cf1b077c18fcb8e48a1a967d0a06c8f89fb3:segment:003,3,4514.0,4432,activities/128_260908061657.csv,1,1,0,0
fit:8a75cee6164235add2ce2b8c9e55cf1b077c18fcb8e48a1a967d0a06c8f89fb3,2026-09-08T05:32:13+00:00,52,159,123,91,8.885,12.600000000000023,20,fit:8a75cee6164235add2ce2b8c9e55cf1b077c18fcb8e48a1a967d0a06c8f89fb3:segment:003,3,4515.0,4433,activities/128_260908061657.csv,1,1,0,0
fit:8a75cee6164235add2ce2b8c9e55cf1b077c18fcb8e48a1a967d0a06c8f89fb3,2026-09-08T05:32:14+00:00,53,152,123,91,8.872,12.200000000000045,20,fit:8a75cee6164235add2ce2b8c9e55cf1b077c18fcb8e48a1a967d0a06c8f89fb3:segment:003,3,4516.0,4434,activities/128_260908061657.csv,1,1,0,0
fit:8a75cee6164235add2ce2b8c9e55cf1b077c18fcb8e48a1a967d0a06c8f89fb3,2026-09-08T05:32:15+00:00,54,162,123,91,8.89,12.200000000000045,20,fit:8a75cee6164235add2ce2b8c9e55cf1b077c18fcb8e48a1a967d0a06c8f89fb3:segment:003,3,4517.0,4435,activities/128_260908061657.csv,1,1,0,0
fit:8a75cee6164235add2ce2b8c9e55cf1b077c18fcb8e48a1a967d0a06c8f89fb3,2026-09-08T05:32:16+00:00,55,154,122,91,8.855,12.200000000000045,20,fit:8a75cee6164235add2ce2b8c9e55cf1b077c18fcb8e48a1a967d0a06c8f89fb3:segment:003,3,4518.0,4436,activities/128_260908061657.csv,1,1,0,0
fit:8a75cee6164235add2ce2b8c9e55cf1b077c18fcb8e48a1a967d0a06c8f89fb3,2026-09-08T05:32:17+00:00,56,188,122,91,8.838,12.200000000000045,20,fit:8a75cee6164235add2ce2b8c9e55cf1b077c18fcb8e48a1a967d0a06c8f89fb3:segment:003,3,4519.0,4437,activities/128_260908061657.csv,1,1,0,0
fit:8a75cee6164235add2ce2b8c9e55cf1b077c18fcb8e48a1a967d0a06c8f89fb3,2026-09-08T05:32:18+00:00,57,168,122,91,8.863,11.399999999999977,20,fit:8a75cee6164235add2ce2b8c9e55cf1b077c18fcb8e48a1a967d0a06c8f89fb3:segment:003,3,4520.0,4438,activities/128_260908061657.csv,1,1,0,0
fit:8a75cee6164235add2ce2b8c9e55cf1b077c18fcb8e48a1a967d0a06c8f89fb3,2026-09-08T05:32:19+00:00,58,151,122,91,8.869,11.399999999999977,20,fit:8a75cee6164235add2ce2b8c9e55cf1b077c18fcb8e48a1a967d0a06c8f89fb3:segment:003,3,4521.0,4439,activities/128_260908061657.csv,1,1,0,0
fit:8a75cee6164235add2ce2b8c9e55cf1b077c18fcb8e48a1a967d0a06c8f89fb3,2026-09-08T05:32:20+00:00,59,162,122,91,8.856,11.399999999999977,20,fit:8a75cee6164235add2ce2b8c9e55cf1b077c18fcb8e48a1a967d0a06c8f89fb3:segment:003,3,4522.0,4440,activities/128_260908061657.csv,1,1,0,0
fit:8a75cee6164235add2ce2b8c9e55cf1b077c18fcb8e48a1a967d0a06c8f89fb3,2026-09-08T05:32:21+00:00,60,162,122,91,8.877,12.200000000000045,20,fit:8a75cee6164235add2ce2b8c9e55cf1b077c18fcb8e48a1a967d0a06c8f89fb3:segment:003,3,4523.0,4441,activities/128_260908061657.csv,1,1,0,0
fit:8a75cee6164235add2ce2b8c9e55cf1b077c18fcb8e48a1a967d0a06c8f89fb3,2026-09-08T05:32:22+00:00,61,150,122,91,8.956,12.0,20,fit:8a75cee6164235add2ce2b8c9e55cf1b077c18fcb8e48a1a967d0a06c8f89fb3:segment:003,3,4524.0,4442,activities/128_260908061657.csv,1,1,0,0
fit:8a75cee6164235add2ce2b8c9e55cf1b077c18fcb8e48a1a967d0a06c8f89fb3,2026-09-08T05:32:23+00:00,62,151,121,91,8.954,12.0,20,fit:8a75cee6164235add2ce2b8c9e55cf1b077c18fcb8e48a1a967d0a06c8f89fb3:segment:003,3,4525.0,4443,activities/128_260908061657.csv,1,1,0,0
fit:8a75cee6164235add2ce2b8c9e55cf1b077c18fcb8e48a1a967d0a06c8f89fb3,2026-09-08T05:32:24+00:00,63,135,121,91,8.957,12.0,20,fit:8a75cee6164235add2ce2b8c9e55cf1b077c18fcb8e48a1a967d0a06c8f89fb3:segment:003,3,4526.0,4444,activities/128_260908061657.csv,1,1,0,0
fit:8a75cee6164235add2ce2b8c9e55cf1b077c18fcb8e48a1a967d0a06c8f89fb3,2026-09-08T05:32:25+00:00,64,141,120,90,8.949,12.0,20,fit:8a75cee6164235add2ce2b8c9e55cf1b077c18fcb8e48a1a967d0a06c8f89fb3:segment:003,3,4527.0,4445,activities/128_260908061657.csv,1,1,0,0
fit:8a75cee6164235add2ce2b8c9e55cf1b077c18fcb8e48a1a967d0a06c8f89fb3,2026-09-08T05:32:26+00:00,65,125,120,90,8.94,14.0,20,fit:8a75cee6164235add2ce2b8c9e55cf1b077c18fcb8e48a1a967d0a06c8f89fb3:segment:003,3,4528.0,4446,activities/128_260908061657.csv,1,1,0,0
fit:8a75cee6164235add2ce2b8c9e55cf1b077c18fcb8e48a1a967d0a06c8f89fb3,2026-09-08T05:32:27+00:00,66,140,119,90,8.969,14.0,20,fit:8a75cee6164235add2ce2b8c9e55cf1b077c18fcb8e48a1a967d0a06c8f89fb3:segment:003,3,4529.0,4447,activities/128_260908061657.csv,1,1,0,0
fit:8a75cee6164235add2ce2b8c9e55cf1b077c18fcb8e48a1a967d0a06c8f89fb3,2026-09-08T05:32:28+00:00,67,140,119,90,8.958,14.0,20,fit:8a75cee6164235add2ce2b8c9e55cf1b077c18fcb8e48a1a967d0a06c8f89fb3:segment:003,3,4530.0,4448,activities/128_260908061657.csv,1,1,0,0
fit:8a75cee6164235add2ce2b8c9e55cf1b077c18fcb8e48a1a967d0a06c8f89fb3,2026-09-08T05:32:29+00:00,68,146,118,91,8.991,13.0,20,fit:8a75cee6164235add2ce2b8c9e55cf1b077c18fcb8e48a1a967d0a06c8f89fb3:segment:003,3,4531.0,4449,activities/128_260908061657.csv,1,1,0,0
fit:8a75cee6164235add2ce2b8c9e55cf1b077c18fcb8e48a1a967d0a06c8f89fb3,2026-09-08T05:32:30+00:00,69,221,118,92,9.037,11.600000000000023,20,fit:8a75cee6164235add2ce2b8c9e55cf1b077c18fcb8e48a1a967d0a06c8f89fb3:segment:003,3,4532.0,4450,activities/128_260908061657.csv,1,1,0,0
fit:8a75cee6164235add2ce2b8c9e55cf1b077c18fcb8e48a1a967d0a06c8f89fb3,2026-09-08T05:32:31+00:00,70,169,117,92,9.062,11.600000000000023,20,fit:8a75cee6164235add2ce2b8c9e55cf1b077c18fcb8e48a1a967d0a06c8f89fb3:segment:003,3,4533.0,4451,activities/128_260908061657.csv,1,1,0,0
fit:8a75cee6164235add2ce2b8c9e55cf1b077c18fcb8e48a1a967d0a06c8f89fb3,2026-09-08T05:32:32+00:00,71,130,117,92,9.067,11.600000000000023,20,fit:8a75cee6164235add2ce2b8c9e55cf1b077c18fcb8e48a1a967d0a06c8f89fb3:segment:003,3,4534.0,4452,activities/128_260908061657.csv,1,1,0,0
fit:8a75cee6164235add2ce2b8c9e55cf1b077c18fcb8e48a1a967d0a06c8f89fb3,2026-09-08T05:32:33+00:00,72,144,117,93,9.061,12.399999999999977,20,fit:8a75cee6164235add2ce2b8c9e55cf1b077c18fcb8e48a1a967d0a06c8f89fb3:segment:003,3,4535.0,4453,activities/128_260908061657.csv,1,1,0,0
fit:8a75cee6164235add2ce2b8c9e55cf1b077c18fcb8e48a1a967d0a06c8f89fb3,2026-09-08T05:32:34+00:00,73,127,117,93,9.031,12.0,20,fit:8a75cee6164235add2ce2b8c9e55cf1b077c18fcb8e48a1a967d0a06c8f89fb3:segment:003,3,4536.0,4454,activities/128_260908061657.csv,1,1,0,0
fit:8a75cee6164235add2ce2b8c9e55cf1b077c18fcb8e48a1a967d0a06c8f89fb3,2026-09-08T05:32:35+00:00,74,127,118,93,9.001,12.0,20,fit:8a75cee6164235add2ce2b8c9e55cf1b077c18fcb8e48a1a967d0a06c8f89fb3:segment:003,3,4537.0,4455,activities/128_260908061657.csv,1,1,0,0
fit:8a75cee6164235add2ce2b8c9e55cf1b077c18fcb8e48a1a967d0a06c8f89fb3,2026-09-08T05:32:36+00:00,75,9,118,93,8.992,12.0,20,fit:8a75cee6164235add2ce2b8c9e55cf1b077c18fcb8e48a1a967d0a06c8f89fb3:segment:003,3,4538.0,4456,activities/128_260908061657.csv,1,1,0,0
fit:8a75cee6164235add2ce2b8c9e55cf1b077c18fcb8e48a1a967d0a06c8f89fb3,2026-09-08T05:32:37+00:00,76,142,118,22,8.932,12.0,20,fit:8a75cee6164235add2ce2b8c9e55cf1b077c18fcb8e48a1a967d0a06c8f89fb3:segment:003,3,4539.0,4457,activities/128_260908061657.csv,1,1,0,0
fit:8a75cee6164235add2ce2b8c9e55cf1b077c18fcb8e48a1a967d0a06c8f89fb3,2026-09-08T05:32:38+00:00,77,92,118,87,8.735,12.200000000000045,20,fit:8a75cee6164235add2ce2b8c9e55cf1b077c18fcb8e48a1a967d0a06c8f89fb3:segment:003,3,4540.0,4458,activities/128_260908061657.csv,1,1,0,0
fit:8a75cee6164235add2ce2b8c9e55cf1b077c18fcb8e48a1a967d0a06c8f89fb3,2026-09-08T05:32:39+00:00,78,213,118,85,8.664,12.200000000000045,20,fit:8a75cee6164235add2ce2b8c9e55cf1b077c18fcb8e48a1a967d0a06c8f89fb3:segment:003,3,4541.0,4459,activities/128_260908061657.csv,1,1,0,0
fit:8a75cee6164235add2ce2b8c9e55cf1b077c18fcb8e48a1a967d0a06c8f89fb3,2026-09-08T05:32:40+00:00,79,153,118,87,8.492,12.200000000000045,20,fit:8a75cee6164235add2ce2b8c9e55cf1b077c18fcb8e48a1a967d0a06c8f89fb3:segment:003,3,4542.0,4460,activities/128_260908061657.csv,1,1,0,0
fit:8a75cee6164235add2ce2b8c9e55cf1b077c18fcb8e48a1a967d0a06c8f89fb3,2026-09-08T05:32:41+00:00,80,123,118,87,8.581,12.200000000000045,20,fit:8a75cee6164235add2ce2b8c9e55cf1b077c18fcb8e48a1a967d0a06c8f89fb3:segment:003,3,4543.0,4461,activities/128_260908061657.csv,1,1,0,0
fit:8a75cee6164235add2ce2b8c9e55cf1b077c18fcb8e48a1a967d0a06c8f89fb3,2026-09-08T05:32:42+00:00,81,120,117,91,8.641,12.200000000000045,20,fit:8a75cee6164235add2ce2b8c9e55cf1b077c18fcb8e48a1a967d0a06c8f89fb3:segment:003,3,4544.0,4462,activities/128_260908061657.csv,1,1,0,0
fit:8a75cee6164235add2ce2b8c9e55cf1b077c18fcb8e48a1a967d0a06c8f89fb3,2026-09-08T05:32:43+00:00,82,131,116,93,8.871,11.600000000000023,20,fit:8a75cee6164235add2ce2b8c9e55cf1b077c18fcb8e48a1a967d0a06c8f89fb3:segment:003,3,4545.0,4463,activities/128_260908061657.csv,1,1,0,0
fit:8a75cee6164235add2ce2b8c9e55cf1b077c18fcb8e48a1a967d0a06c8f89fb3,2026-09-08T05:32:44+00:00,83,171,115,94,8.999,11.600000000000023,20,fit:8a75cee6164235add2ce2b8c9e55cf1b077c18fcb8e48a1a967d0a06c8f89fb3:segment:003,3,4546.0,4464,activities/128_260908061657.csv,1,1,0,0
fit:8a75cee6164235add2ce2b8c9e55cf1b077c18fcb8e48a1a967d0a06c8f89fb3,2026-09-08T05:32:45+00:00,84,116,114,94,9.137,11.600000000000023,20,fit:8a75cee6164235add2ce2b8c9e55cf1b077c18fcb8e48a1a967d0a06c8f89fb3:segment:003,3,4547.0,4465,activities/128_260908061657.csv,1,1,0,0
fit:8a75cee6164235add2ce2b8c9e55cf1b077c18fcb8e48a1a967d0a06c8f89fb3,2026-09-08T05:32:46+00:00,85,122,113,96,9.3,10.600000000000023,20,fit:8a75cee6164235add2ce2b8c9e55cf1b077c18fcb8e48a1a967d0a06c8f89fb3:segment:003,3,4548.0,4466,activities/128_260908061657.csv,1,1,0,0
fit:8a75cee6164235add2ce2b8c9e55cf1b077c18fcb8e48a1a967d0a06c8f89fb3,2026-09-08T05:32:47+00:00,86,132,112,96,9.279,11.199999999999989,20,fit:8a75cee6164235add2ce2b8c9e55cf1b077c18fcb8e48a1a967d0a06c8f89fb3:segment:003,3,4549.0,4467,activities/128_260908061657.csv,1,1,0,0
fit:8a75cee6164235add2ce2b8c9e55cf1b077c18fcb8e48a1a967d0a06c8f89fb3,2026-09-08T05:32:48+00:00,87,132,111,96,9.351,11.199999999999989,20,fit:8a75cee6164235add2ce2b8c9e55cf1b077c18fcb8e48a1a967d0a06c8f89fb3:segment:003,3,4550.0,4468,activities/128_260908061657.csv,1,1,0,0
fit:8a75cee6164235add2ce2b8c9e55cf1b077c18fcb8e48a1a967d0a06c8f89fb3,2026-09-08T05:32:49+00:00,88,131,111,95,9.32,11.199999999999989,20,fit:8a75cee6164235add2ce2b8c9e55cf1b077c18fcb8e48a1a967d0a06c8f89fb3:segment:003,3,4551.0,4469,activities/128_260908061657.csv,1,1,0,0
fit:8a75cee6164235add2ce2b8c9e55cf1b077c18fcb8e48a1a967d0a06c8f89fb3,2026-09-08T05:32:50+00:00,89,146,110,94,9.345,10.199999999999989,20,fit:8a75cee6164235add2ce2b8c9e55cf1b077c18fcb8e48a1a967d0a06c8f89fb3:segment:003,3,4552.0,4470,activities/128_260908061657.csv,1,1,0,0
fit:8a75cee6164235add2ce2b8c9e55cf1b077c18fcb8e48a1a967d0a06c8f89fb3,2026-09-08T05:32:51+00:00,90,150,109,94,9.268,10.399999999999977,20,fit:8a75cee6164235add2ce2b8c9e55cf1b077c18fcb8e48a1a967d0a06c8f89fb3:segment:003,3,4553.0,4471,activities/128_260908061657.csv,1,1,0,0
fit:8a75cee6164235add2ce2b8c9e55cf1b077c18fcb8e48a1a967d0a06c8f89fb3,2026-09-08T05:32:52+00:00,91,132,109,94,9.153,10.399999999999977,20,fit:8a75cee6164235add2ce2b8c9e55cf1b077c18fcb8e48a1a967d0a06c8f89fb3:segment:003,3,4554.0,4472,activities/128_260908061657.csv,1,1,0,0
fit:8a75cee6164235add2ce2b8c9e55cf1b077c18fcb8e48a1a967d0a06c8f89fb3,2026-09-08T05:32:53+00:00,92,133,109,94,9.148,10.399999999999977,20,fit:8a75cee6164235add2ce2b8c9e55cf1b077c18fcb8e48a1a967d0a06c8f89fb3:segment:003,3,4555.0,4473,activities/128_260908061657.csv,1,1,0,0
fit:8a75cee6164235add2ce2b8c9e55cf1b077c18fcb8e48a1a967d0a06c8f89fb3,2026-09-08T05:32:54+00:00,93,159,109,94,9.164,10.399999999999977,20,fit:8a75cee6164235add2ce2b8c9e55cf1b077c18fcb8e48a1a967d0a06c8f89fb3:segment:003,3,4556.0,4474,activities/128_260908061657.csv,1,1,0,0
fit:8a75cee6164235add2ce2b8c9e55cf1b077c18fcb8e48a1a967d0a06c8f89fb3,2026-09-08T05:32:55+00:00,94,185,109,94,9.172,10.399999999999977,20,fit:8a75cee6164235add2ce2b8c9e55cf1b077c18fcb8e48a1a967d0a06c8f89fb3:segment:003,3,4557.0,4475,activities/128_260908061657.csv,1,1,0,0
fit:8a75cee6164235add2ce2b8c9e55cf1b077c18fcb8e48a1a967d0a06c8f89fb3,2026-09-08T05:32:56+00:00,95,204,109,94,9.201,10.399999999999977,20,fit:8a75cee6164235add2ce2b8c9e55cf1b077c18fcb8e48a1a967d0a06c8f89fb3:segment:003,3,4558.0,4476,activities/128_260908061657.csv,1,1,0,0
fit:8a75cee6164235add2ce2b8c9e55cf1b077c18fcb8e48a1a967d0a06c8f89fb3,2026-09-08T05:32:57+00:00,96,205,110,94,9.217,10.399999999999977,20,fit:8a75cee6164235add2ce2b8c9e55cf1b077c18fcb8e48a1a967d0a06c8f89fb3:segment:003,3,4559.0,4477,activities/128_260908061657.csv,1,1,0,0
fit:8a75cee6164235add2ce2b8c9e55cf1b077c18fcb8e48a1a967d0a06c8f89fb3,2026-09-08T05:32:58+00:00,97,173,110,92,9.164,10.399999999999977,20,fit:8a75cee6164235add2ce2b8c9e55cf1b077c18fcb8e48a1a967d0a06c8f89fb3:segment:003,3,4560.0,4478,activities/128_260908061657.csv,1,1,0,0
fit:8a75cee6164235add2ce2b8c9e55cf1b077c18fcb8e48a1a967d0a06c8f89fb3,2026-09-08T05:32:59+00:00,98,173,110,91,9.111,10.600000000000023,20,fit:8a75cee6164235add2ce2b8c9e55cf1b077c18fcb8e48a1a967d0a06c8f89fb3:segment:003,3,4561.0,4479,activities/128_260908061657.csv,1,1,0,0
fit:8a75cee6164235add2ce2b8c9e55cf1b077c18fcb8e48a1a967d0a06c8f89fb3,2026-09-08T05:33:00+00:00,99,143,111,91,9.008,10.600000000000023,20,fit:8a75cee6164235add2ce2b8c9e55cf1b077c18fcb8e48a1a967d0a06c8f89fb3:segment:003,3,4562.0,4480,activities/128_260908061657.csv,1,1,0,0
fit:8a75cee6164235add2ce2b8c9e55cf1b077c18fcb8e48a1a967d0a06c8f89fb3,2026-09-08T05:33:01+00:00,100,176,111,91,9.026,10.600000000000023,20,fit:8a75cee6164235add2ce2b8c9e55cf1b077c18fcb8e48a1a967d0a06c8f89fb3:segment:003,3,4563.0,4481,activities/128_260908061657.csv,1,1,0,0
fit:8a75cee6164235add2ce2b8c9e55cf1b077c18fcb8e48a1a967d0a06c8f89fb3,2026-09-08T05:33:02+00:00,101,151,111,91,8.954,10.199999999999989,20,fit:8a75cee6164235add2ce2b8c9e55cf1b077c18fcb8e48a1a967d0a06c8f89fb3:segment:003,3,4564.0,4482,activities/128_260908061657.csv,1,1,0,0
fit:8a75cee6164235add2ce2b8c9e55cf1b077c18fcb8e48a1a967d0a06c8f89fb3,2026-09-08T05:33:03+00:00,102,168,111,91,8.967,10.199999999999989,20,fit:8a75cee6164235add2ce2b8c9e55cf1b077c18fcb8e48a1a967d0a06c8f89fb3:segment:003,3,4565.0,4483,activities/128_260908061657.csv,1,1,0,0
fit:8a75cee6164235add2ce2b8c9e55cf1b077c18fcb8e48a1a967d0a06c8f89fb3,2026-09-08T05:33:04+00:00,103,159,111,91,8.992,10.199999999999989,20,fit:8a75cee6164235add2ce2b8c9e55cf1b077c18fcb8e48a1a967d0a06c8f89fb3:segment:003,3,4566.0,4484,activities/128_260908061657.csv,1,1,0,0
fit:8a75cee6164235add2ce2b8c9e55cf1b077c18fcb8e48a1a967d0a06c8f89fb3,2026-09-08T05:33:05+00:00,104,156,112,92,9.059,10.199999999999989,20,fit:8a75cee6164235add2ce2b8c9e55cf1b077c18fcb8e48a1a967d0a06c8f89fb3:segment:003,3,4567.0,4485,activities/128_260908061657.csv,1,1,0,0
fit:8a75cee6164235add2ce2b8c9e55cf1b077c18fcb8e48a1a967d0a06c8f89fb3,2026-09-08T05:33:06+00:00,105,142,112,92,8.977,10.199999999999989,20,fit:8a75cee6164235add2ce2b8c9e55cf1b077c18fcb8e48a1a967d0a06c8f89fb3:segment:003,3,4568.0,4486,activities/128_260908061657.csv,1,1,0,0
fit:8a75cee6164235add2ce2b8c9e55cf1b077c18fcb8e48a1a967d0a06c8f89fb3,2026-09-08T05:33:07+00:00,106,143,113,92,9.005,10.399999999999977,20,fit:8a75cee6164235add2ce2b8c9e55cf1b077c18fcb8e48a1a967d0a06c8f89fb3:segment:003,3,4569.0,4487,activities/128_260908061657.csv,1,1,0,0
fit:8a75cee6164235add2ce2b8c9e55cf1b077c18fcb8e48a1a967d0a06c8f89fb3,2026-09-08T05:33:08+00:00,107,141,113,93,8.968,10.399999999999977,20,fit:8a75cee6164235add2ce2b8c9e55cf1b077c18fcb8e48a1a967d0a06c8f89fb3:segment:003,3,4570.0,4488,activities/128_260908061657.csv,1,1,0,0
fit:8a75cee6164235add2ce2b8c9e55cf1b077c18fcb8e48a1a967d0a06c8f89fb3,2026-09-08T05:33:09+00:00,108,143,114,93,8.934,10.399999999999977,20,fit:8a75cee6164235add2ce2b8c9e55cf1b077c18fcb8e48a1a967d0a06c8f89fb3:segment:003,3,4571.0,4489,activities/128_260908061657.csv,1,1,0,0
fit:8a75cee6164235add2ce2b8c9e55cf1b077c18fcb8e48a1a967d0a06c8f89fb3,2026-09-08T05:33:10+00:00,109,136,115,93,8.892,10.0,20,fit:8a75cee6164235add2ce2b8c9e55cf1b077c18fcb8e48a1a967d0a06c8f89fb3:segment:003,3,4572.0,4490,activities/128_260908061657.csv,1,1,0,0
fit:8a75cee6164235add2ce2b8c9e55cf1b077c18fcb8e48a1a967d0a06c8f89fb3,2026-09-08T05:33:11+00:00,110,137,116,93,8.899,10.0,20,fit:8a75cee6164235add2ce2b8c9e55cf1b077c18fcb8e48a1a967d0a06c8f89fb3:segment:003,3,4573.0,4491,activities/128_260908061657.csv,1,1,0,0
fit:8a75cee6164235add2ce2b8c9e55cf1b077c18fcb8e48a1a967d0a06c8f89fb3,2026-09-08T05:33:12+00:00,111,143,116,94,9.041,10.0,20,fit:8a75cee6164235add2ce2b8c9e55cf1b077c18fcb8e48a1a967d0a06c8f89fb3:segment:003,3,4574.0,4492,activities/128_260908061657.csv,1,1,0,0
fit:8a75cee6164235add2ce2b8c9e55cf1b077c18fcb8e48a1a967d0a06c8f89fb3,2026-09-08T05:33:13+00:00,112,169,116,95,9.213,10.0,20,fit:8a75cee6164235add2ce2b8c9e55cf1b077c18fcb8e48a1a967d0a06c8f89fb3:segment:003,3,4575.0,4493,activities/128_260908061657.csv,1,1,0,0
fit:8a75cee6164235add2ce2b8c9e55cf1b077c18fcb8e48a1a967d0a06c8f89fb3,2026-09-08T05:33:14+00:00,113,158,117,95,9.283,9.0,20,fit:8a75cee6164235add2ce2b8c9e55cf1b077c18fcb8e48a1a967d0a06c8f89fb3:segment:003,3,4576.0,4494,activities/128_260908061657.csv,1,1,0,0
fit:8a75cee6164235add2ce2b8c9e55cf1b077c18fcb8e48a1a967d0a06c8f89fb3,2026-09-08T05:33:15+00:00,114,156,116,95,9.287,9.399999999999977,20,fit:8a75cee6164235add2ce2b8c9e55cf1b077c18fcb8e48a1a967d0a06c8f89fb3:segment:003,3,4577.0,4495,activities/128_260908061657.csv,1,1,0,0
fit:8a75cee6164235add2ce2b8c9e55cf1b077c18fcb8e48a1a967d0a06c8f89fb3,2026-09-08T05:33:16+00:00,115,158,116,94,9.333,9.399999999999977,20,fit:8a75cee6164235add2ce2b8c9e55cf1b077c18fcb8e48a1a967d0a06c8f89fb3:segment:003,3,4578.0,4496,activities/128_260908061657.csv,1,1,0,0
fit:8a75cee6164235add2ce2b8c9e55cf1b077c18fcb8e48a1a967d0a06c8f89fb3,2026-09-08T05:33:17+00:00,116,154,116,94,9.241,9.399999999999977,20,fit:8a75cee6164235add2ce2b8c9e55cf1b077c18fcb8e48a1a967d0a06c8f89fb3:segment:003,3,4579.0,4497,activities/128_260908061657.csv,1,1,0,0
fit:8a75cee6164235add2ce2b8c9e55cf1b077c18fcb8e48a1a967d0a06c8f89fb3,2026-09-08T05:33:18+00:00,117,154,116,94,9.215,9.399999999999977,20,fit:8a75cee6164235add2ce2b8c9e55cf1b077c18fcb8e48a1a967d0a06c8f89fb3:segment:003,3,4580.0,4498,activities/128_260908061657.csv,1,1,0,0
fit:8a75cee6164235add2ce2b8c9e55cf1b077c18fcb8e48a1a967d0a06c8f89fb3,2026-09-08T05:33:19+00:00,118,148,116,93,9.247,9.399999999999977,20,fit:8a75cee6164235add2ce2b8c9e55cf1b077c18fcb8e48a1a967d0a06c8f89fb3:segment:003,3,4581.0,4499,activities/128_260908061657.csv,1,1,0,0
fit:8a75cee6164235add2ce2b8c9e55cf1b077c18fcb8e48a1a967d0a06c8f89fb3,2026-09-08T05:33:20+00:00,119,164,116,93,9.248,9.399999999999977,20,fit:8a75cee6164235add2ce2b8c9e55cf1b077c18fcb8e48a1a967d0a06c8f89fb3:segment:003,3,4582.0,4500,activities/128_260908061657.csv,1,1,0,0
fit:8a75cee6164235add2ce2b8c9e55cf1b077c18fcb8e48a1a967d0a06c8f89fb3,2026-09-08T05:33:21+00:00,120,141,116,93,9.181,9.399999999999977,20,fit:8a75cee6164235add2ce2b8c9e55cf1b077c18fcb8e48a1a967d0a06c8f89fb3:segment:003,3,4583.0,4501,activities/128_260908061657.csv,1,1,0,0
fit:8a75cee6164235add2ce2b8c9e55cf1b077c18fcb8e48a1a967d0a06c8f89fb3,2026-09-08T05:33:22+00:00,121,157,116,92,9.026,9.399999999999977,20,fit:8a75cee6164235add2ce2b8c9e55cf1b077c18fcb8e48a1a967d0a06c8f89fb3:segment:003,3,4584.0,4502,activities/128_260908061657.csv,1,1,0,0
fit:8a75cee6164235add2ce2b8c9e55cf1b077c18fcb8e48a1a967d0a06c8f89fb3,2026-09-08T05:33:23+00:00,122,170,116,90,8.947,9.600000000000023,20,fit:8a75cee6164235add2ce2b8c9e55cf1b077c18fcb8e48a1a967d0a06c8f89fb3:segment:003,3,4585.0,4503,activities/128_260908061657.csv,1,1,0,0
fit:8a75cee6164235add2ce2b8c9e55cf1b077c18fcb8e48a1a967d0a06c8f89fb3,2026-09-08T05:33:24+00:00,123,189,116,89,8.781,9.600000000000023,20,fit:8a75cee6164235add2ce2b8c9e55cf1b077c18fcb8e48a1a967d0a06c8f89fb3:segment:003,3,4586.0,4504,activities/128_260908061657.csv,1,1,0,0
fit:8a75cee6164235add2ce2b8c9e55cf1b077c18fcb8e48a1a967d0a06c8f89fb3,2026-09-08T05:33:25+00:00,124,170,115,84,8.667,9.600000000000023,20,fit:8a75cee6164235add2ce2b8c9e55cf1b077c18fcb8e48a1a967d0a06c8f89fb3:segment:003,3,4587.0,4505,activities/128_260908061657.csv,1,1,0,0
fit:8a75cee6164235add2ce2b8c9e55cf1b077c18fcb8e48a1a967d0a06c8f89fb3,2026-09-08T05:33:26+00:00,125,170,115,84,8.502,9.600000000000023,20,fit:8a75cee6164235add2ce2b8c9e55cf1b077c18fcb8e48a1a967d0a06c8f89fb3:segment:003,3,4588.0,4506,activities/128_260908061657.csv,1,1,0,0
fit:8a75cee6164235add2ce2b8c9e55cf1b077c18fcb8e48a1a967d0a06c8f89fb3,2026-09-08T05:33:27+00:00,126,41,114,84,8.275,10.800000000000011,20,fit:8a75cee6164235add2ce2b8c9e55cf1b077c18fcb8e48a1a967d0a06c8f89fb3:segment:003,3,4589.0,4507,activities/128_260908061657.csv,1,1,0,0
fit:8a75cee6164235add2ce2b8c9e55cf1b077c18fcb8e48a1a967d0a06c8f89fb3,2026-09-08T05:33:28+00:00,127,143,113,82,7.865,10.800000000000011,20,fit:8a75cee6164235add2ce2b8c9e55cf1b077c18fcb8e48a1a967d0a06c8f89fb3:segment:003,3,4590.0,4508,activities/128_260908061657.csv,1,1,0,0
fit:8a75cee6164235add2ce2b8c9e55cf1b077c18fcb8e48a1a967d0a06c8f89fb3,2026-09-08T05:33:29+00:00,128,139,111,85,7.979,10.800000000000011,20,fit:8a75cee6164235add2ce2b8c9e55cf1b077c18fcb8e48a1a967d0a06c8f89fb3:segment:003,3,4591.0,4509,activities/128_260908061657.csv,1,1,0,0
fit:8a75cee6164235add2ce2b8c9e55cf1b077c18fcb8e48a1a967d0a06c8f89fb3,2026-09-08T05:33:30+00:00,129,125,111,89,8.268,9.800000000000011,20,fit:8a75cee6164235add2ce2b8c9e55cf1b077c18fcb8e48a1a967d0a06c8f89fb3:segment:003,3,4592.0,4510,activities/128_260908061657.csv,1,1,0,0
fit:8a75cee6164235add2ce2b8c9e55cf1b077c18fcb8e48a1a967d0a06c8f89fb3,2026-09-08T05:33:31+00:00,130,144,110,92,8.501,9.0,20,fit:8a75cee6164235add2ce2b8c9e55cf1b077c18fcb8e48a1a967d0a06c8f89fb3:segment:003,3,4593.0,4511,activities/128_260908061657.csv,1,1,0,0
fit:8a75cee6164235add2ce2b8c9e55cf1b077c18fcb8e48a1a967d0a06c8f89fb3,2026-09-08T05:33:32+00:00,131,144,109,93,8.776,9.0,20,fit:8a75cee6164235add2ce2b8c9e55cf1b077c18fcb8e48a1a967d0a06c8f89fb3:segment:003,3,4594.0,4512,activities/128_260908061657.csv,1,1,0,0
fit:8a75cee6164235add2ce2b8c9e55cf1b077c18fcb8e48a1a967d0a06c8f89fb3,2026-09-08T05:33:33+00:00,132,148,108,93,8.89,9.0,20,fit:8a75cee6164235add2ce2b8c9e55cf1b077c18fcb8e48a1a967d0a06c8f89fb3:segment:003,3,4595.0,4513,activities/128_260908061657.csv,1,1,0,0
fit:8a75cee6164235add2ce2b8c9e55cf1b077c18fcb8e48a1a967d0a06c8f89fb3,2026-09-08T05:33:34+00:00,133,134,108,93,9.06,9.0,20,fit:8a75cee6164235add2ce2b8c9e55cf1b077c18fcb8e48a1a967d0a06c8f89fb3:segment:003,3,4596.0,4514,activities/128_260908061657.csv,1,1,0,0
fit:8a75cee6164235add2ce2b8c9e55cf1b077c18fcb8e48a1a967d0a06c8f89fb3,2026-09-08T05:33:35+00:00,134,136,108,93,9.165,9.0,20,fit:8a75cee6164235add2ce2b8c9e55cf1b077c18fcb8e48a1a967d0a06c8f89fb3:segment:003,3,4597.0,4515,activities/128_260908061657.csv,1,1,0,0
fit:8a75cee6164235add2ce2b8c9e55cf1b077c18fcb8e48a1a967d0a06c8f89fb3,2026-09-08T05:33:36+00:00,135,139,107,94,9.252,9.0,20,fit:8a75cee6164235add2ce2b8c9e55cf1b077c18fcb8e48a1a967d0a06c8f89fb3:segment:003,3,4598.0,4516,activities/128_260908061657.csv,1,1,0,0
fit:8a75cee6164235add2ce2b8c9e55cf1b077c18fcb8e48a1a967d0a06c8f89fb3,2026-09-08T05:33:37+00:00,136,137,108,93,9.187,9.0,20,fit:8a75cee6164235add2ce2b8c9e55cf1b077c18fcb8e48a1a967d0a06c8f89fb3:segment:003,3,4599.0,4517,activities/128_260908061657.csv,1,1,0,0
fit:8a75cee6164235add2ce2b8c9e55cf1b077c18fcb8e48a1a967d0a06c8f89fb3,2026-09-08T05:33:38+00:00,137,144,109,94,9.192,8.399999999999977,20,fit:8a75cee6164235add2ce2b8c9e55cf1b077c18fcb8e48a1a967d0a06c8f89fb3:segment:003,3,4600.0,4518,activities/128_260908061657.csv,1,1,0,0
fit:8a75cee6164235add2ce2b8c9e55cf1b077c18fcb8e48a1a967d0a06c8f89fb3,2026-09-08T05:33:39+00:00,138,149,109,94,9.121,8.600000000000023,20,fit:8a75cee6164235add2ce2b8c9e55cf1b077c18fcb8e48a1a967d0a06c8f89fb3:segment:003,3,4601.0,4519,activities/128_260908061657.csv,1,1,0,0
fit:8a75cee6164235add2ce2b8c9e55cf1b077c18fcb8e48a1a967d0a06c8f89fb3,2026-09-08T05:33:40+00:00,139,136,109,94,9.139,8.600000000000023,20,fit:8a75cee6164235add2ce2b8c9e55cf1b077c18fcb8e48a1a967d0a06c8f89fb3:segment:003,3,4602.0,4520,activities/128_260908061657.csv,1,1,0,0
fit:8a75cee6164235add2ce2b8c9e55cf1b077c18fcb8e48a1a967d0a06c8f89fb3,2026-09-08T05:33:41+00:00,140,165,110,94,9.221,8.600000000000023,20,fit:8a75cee6164235add2ce2b8c9e55cf1b077c18fcb8e48a1a967d0a06c8f89fb3:segment:003,3,4603.0,4521,activities/128_260908061657.csv,1,1,0,0
fit:8a75cee6164235add2ce2b8c9e55cf1b077c18fcb8e48a1a967d0a06c8f89fb3,2026-09-08T05:33:42+00:00,141,157,110,93,9.285,7.600000000000023,20,fit:8a75cee6164235add2ce2b8c9e55cf1b077c18fcb8e48a1a967d0a06c8f89fb3:segment:003,3,4604.0,4522,activities/128_260908061657.csv,1,1,0,0
fit:8a75cee6164235add2ce2b8c9e55cf1b077c18fcb8e48a1a967d0a06c8f89fb3,2026-09-08T05:33:43+00:00,142,150,110,92,9.282,7.800000000000011,20,fit:8a75cee6164235add2ce2b8c9e55cf1b077c18fcb8e48a1a967d0a06c8f89fb3:segment:003,3,4605.0,4523,activities/128_260908061657.csv,1,1,0,0
fit:8a75cee6164235add2ce2b8c9e55cf1b077c18fcb8e48a1a967d0a06c8f89fb3,2026-09-08T05:33:44+00:00,143,154,110,90,9.125,7.800000000000011,20,fit:8a75cee6164235add2ce2b8c9e55cf1b077c18fcb8e48a1a967d0a06c8f89fb3:segment:003,3,4606.0,4524,activities/128_260908061657.csv,1,1,0,0
fit:8a75cee6164235add2ce2b8c9e55cf1b077c18fcb8e48a1a967d0a06c8f89fb3,2026-09-08T05:33:45+00:00,144,174,110,89,9.049,7.800000000000011,20,fit:8a75cee6164235add2ce2b8c9e55cf1b077c18fcb8e48a1a967d0a06c8f89fb3:segment:003,3,4607.0,4525,activities/128_260908061657.csv,1,1,0,0
fit:8a75cee6164235add2ce2b8c9e55cf1b077c18fcb8e48a1a967d0a06c8f89fb3,2026-09-08T05:33:46+00:00,145,170,110,88,8.855,7.800000000000011,20,fit:8a75cee6164235add2ce2b8c9e55cf1b077c18fcb8e48a1a967d0a06c8f89fb3:segment:003,3,4608.0,4526,activities/128_260908061657.csv,1,1,0,0
fit:8a75cee6164235add2ce2b8c9e55cf1b077c18fcb8e48a1a967d0a06c8f89fb3,2026-09-08T05:33:47+00:00,146,170,110,88,8.725,8.399999999999977,20,fit:8a75cee6164235add2ce2b8c9e55cf1b077c18fcb8e48a1a967d0a06c8f89fb3:segment:003,3,4609.0,4527,activities/128_260908061657.csv,1,1,0,0
fit:8a75cee6164235add2ce2b8c9e55cf1b077c18fcb8e48a1a967d0a06c8f89fb3,2026-09-08T05:33:48+00:00,147,156,110,88,8.68,8.399999999999977,20,fit:8a75cee6164235add2ce2b8c9e55cf1b077c18fcb8e48a1a967d0a06c8f89fb3:segment:003,3,4610.0,4528,activities/128_260908061657.csv,1,1,0,0
fit:8a75cee6164235add2ce2b8c9e55cf1b077c18fcb8e48a1a967d0a06c8f89fb3,2026-09-08T05:33:49+00:00,148,161,110,88,8.678,8.399999999999977,20,fit:8a75cee6164235add2ce2b8c9e55cf1b077c18fcb8e48a1a967d0a06c8f89fb3:segment:003,3,4611.0,4529,activities/128_260908061657.csv,1,1,0,0
fit:8a75cee6164235add2ce2b8c9e55cf1b077c18fcb8e48a1a967d0a06c8f89fb3,2026-09-08T05:33:50+00:00,149,176,110,88,8.659,8.399999999999977,20,fit:8a75cee6164235add2ce2b8c9e55cf1b077c18fcb8e48a1a967d0a06c8f89fb3:segment:003,3,4612.0,4530,activities/128_260908061657.csv,1,1,0,0
fit:8a75cee6164235add2ce2b8c9e55cf1b077c18fcb8e48a1a967d0a06c8f89fb3,2026-09-08T05:33:51+00:00,150,176,110,87,8.632,8.399999999999977,20,fit:8a75cee6164235add2ce2b8c9e55cf1b077c18fcb8e48a1a967d0a06c8f89fb3:segment:003,3,4613.0,4531,activities/128_260908061657.csv,1,1,0,0
fit:8a75cee6164235add2ce2b8c9e55cf1b077c18fcb8e48a1a967d0a06c8f89fb3,2026-09-08T05:33:52+00:00,151,158,110,87,8.088,8.399999999999977,20,fit:8a75cee6164235add2ce2b8c9e55cf1b077c18fcb8e48a1a967d0a06c8f89fb3:segment:003,3,4614.0,4532,activities/128_260908061657.csv,1,1,0,0
fit:8a75cee6164235add2ce2b8c9e55cf1b077c18fcb8e48a1a967d0a06c8f89fb3,2026-09-08T05:33:53+00:00,152,152,111,87,7.586,8.399999999999977,20,fit:8a75cee6164235add2ce2b8c9e55cf1b077c18fcb8e48a1a967d0a06c8f89fb3:segment:003,3,4615.0,4533,activities/128_260908061657.csv,1,1,0,0
fit:8a75cee6164235add2ce2b8c9e55cf1b077c18fcb8e48a1a967d0a06c8f89fb3,2026-09-08T05:33:54+00:00,153,152,111,89,8.214,8.399999999999977,20,fit:8a75cee6164235add2ce2b8c9e55cf1b077c18fcb8e48a1a967d0a06c8f89fb3:segment:003,3,4616.0,4534,activities/128_260908061657.csv,1,1,0,0
fit:8a75cee6164235add2ce2b8c9e55cf1b077c18fcb8e48a1a967d0a06c8f89fb3,2026-09-08T05:33:55+00:00,154,149,112,89,8.739,8.800000000000011,20,fit:8a75cee6164235add2ce2b8c9e55cf1b077c18fcb8e48a1a967d0a06c8f89fb3:segment:003,3,4617.0,4535,activities/128_260908061657.csv,1,1,0,0
fit:8a75cee6164235add2ce2b8c9e55cf1b077c18fcb8e48a1a967d0a06c8f89fb3,2026-09-08T05:33:56+00:00,155,142,112,90,8.75,8.800000000000011,20,fit:8a75cee6164235add2ce2b8c9e55cf1b077c18fcb8e48a1a967d0a06c8f89fb3:segment:003,3,4618.0,4536,activities/128_260908061657.csv,1,1,0,0
fit:8a75cee6164235add2ce2b8c9e55cf1b077c18fcb8e48a1a967d0a06c8f89fb3,2026-09-08T05:33:57+00:00,156,152,112,91,8.822,8.800000000000011,20,fit:8a75cee6164235add2ce2b8c9e55cf1b077c18fcb8e48a1a967d0a06c8f89fb3:segment:003,3,4619.0,4537,activities/128_260908061657.csv,1,1,0,0
fit:8a75cee6164235add2ce2b8c9e55cf1b077c18fcb8e48a1a967d0a06c8f89fb3,2026-09-08T05:33:58+00:00,157,151,113,92,8.93,8.600000000000023,20,fit:8a75cee6164235add2ce2b8c9e55cf1b077c18fcb8e48a1a967d0a06c8f89fb3:segment:003,3,4620.0,4538,activities/128_260908061657.csv,1,1,0,0
fit:8a75cee6164235add2ce2b8c9e55cf1b077c18fcb8e48a1a967d0a06c8f89fb3,2026-09-08T05:33:59+00:00,158,157,113,92,9.04,7.399999999999977,20,fit:8a75cee6164235add2ce2b8c9e55cf1b077c18fcb8e48a1a967d0a06c8f89fb3:segment:003,3,4621.0,4539,activities/128_260908061657.csv,1,1,0,0
fit:8a75cee6164235add2ce2b8c9e55cf1b077c18fcb8e48a1a967d0a06c8f89fb3,2026-09-08T05:34:00+00:00,159,162,112,91,9.036,7.399999999999977,20,fit:8a75cee6164235add2ce2b8c9e55cf1b077c18fcb8e48a1a967d0a06c8f89fb3:segment:003,3,4622.0,4540,activities/128_260908061657.csv,1,1,0,0
fit:8a75cee6164235add2ce2b8c9e55cf1b077c18fcb8e48a1a967d0a06c8f89fb3,2026-09-08T05:34:01+00:00,160,162,112,91,8.977,7.399999999999977,19,fit:8a75cee6164235add2ce2b8c9e55cf1b077c18fcb8e48a1a967d0a06c8f89fb3:segment:003,3,4623.0,4541,activities/128_260908061657.csv,1,1,0,0
fit:8a75cee6164235add2ce2b8c9e55cf1b077c18fcb8e48a1a967d0a06c8f89fb3,2026-09-08T05:34:02+00:00,161,177,112,91,8.942,8.199999999999989,19,fit:8a75cee6164235add2ce2b8c9e55cf1b077c18fcb8e48a1a967d0a06c8f89fb3:segment:003,3,4624.0,4542,activities/128_260908061657.csv,1,1,0,0
fit:8a75cee6164235add2ce2b8c9e55cf1b077c18fcb8e48a1a967d0a06c8f89fb3,2026-09-08T05:34:03+00:00,162,181,111,91,8.947,8.199999999999989,19,fit:8a75cee6164235add2ce2b8c9e55cf1b077c18fcb8e48a1a967d0a06c8f89fb3:segment:003,3,4625.0,4543,activities/128_260908061657.csv,1,1,0,0
fit:8a75cee6164235add2ce2b8c9e55cf1b077c18fcb8e48a1a967d0a06c8f89fb3,2026-09-08T05:34:04+00:00,163,160,111,91,8.93,8.199999999999989,19,fit:8a75cee6164235add2ce2b8c9e55cf1b077c18fcb8e48a1a967d0a06c8f89fb3:segment:003,3,4626.0,4544,activities/128_260908061657.csv,1,1,0,0
fit:8a75cee6164235add2ce2b8c9e55cf1b077c18fcb8e48a1a967d0a06c8f89fb3,2026-09-08T05:34:05+00:00,164,152,111,91,8.914,8.199999999999989,19,fit:8a75cee6164235add2ce2b8c9e55cf1b077c18fcb8e48a1a967d0a06c8f89fb3:segment:003,3,4627.0,4545,activities/128_260908061657.csv,1,1,0,0
fit:8a75cee6164235add2ce2b8c9e55cf1b077c18fcb8e48a1a967d0a06c8f89fb3,2026-09-08T05:34:06+00:00,165,166,111,91,8.887,8.199999999999989,19,fit:8a75cee6164235add2ce2b8c9e55cf1b077c18fcb8e48a1a967d0a06c8f89fb3:segment:003,3,4628.0,4546,activities/128_260908061657.csv,1,1,0,0
fit:8a75cee6164235add2ce2b8c9e55cf1b077c18fcb8e48a1a967d0a06c8f89fb3,2026-09-08T05:34:07+00:00,166,174,111,91,8.824,8.0,19,fit:8a75cee6164235add2ce2b8c9e55cf1b077c18fcb8e48a1a967d0a06c8f89fb3:segment:003,3,4629.0,4547,activities/128_260908061657.csv,1,1,0,0
fit:8a75cee6164235add2ce2b8c9e55cf1b077c18fcb8e48a1a967d0a06c8f89fb3,2026-09-08T05:34:08+00:00,167,161,113,91,8.794,8.0,19,fit:8a75cee6164235add2ce2b8c9e55cf1b077c18fcb8e48a1a967d0a06c8f89fb3:segment:003,3,4630.0,4548,activities/128_260908061657.csv,1,1,0,0
fit:8a75cee6164235add2ce2b8c9e55cf1b077c18fcb8e48a1a967d0a06c8f89fb3,2026-09-08T05:34:09+00:00,168,156,114,91,8.795,8.0,19,fit:8a75cee6164235add2ce2b8c9e55cf1b077c18fcb8e48a1a967d0a06c8f89fb3:segment:003,3,4631.0,4549,activities/128_260908061657.csv,1,1,0,0
fit:8a75cee6164235add2ce2b8c9e55cf1b077c18fcb8e48a1a967d0a06c8f89fb3,2026-09-08T05:34:10+00:00,169,144,114,91,8.805,8.399999999999977,19,fit:8a75cee6164235add2ce2b8c9e55cf1b077c18fcb8e48a1a967d0a06c8f89fb3:segment:003,3,4632.0,4550,activities/128_260908061657.csv,1,1,0,0
fit:8a75cee6164235add2ce2b8c9e55cf1b077c18fcb8e48a1a967d0a06c8f89fb3,2026-09-08T05:34:11+00:00,170,144,116,91,8.829,8.600000000000023,19,fit:8a75cee6164235add2ce2b8c9e55cf1b077c18fcb8e48a1a967d0a06c8f89fb3:segment:003,3,4633.0,4551,activities/128_260908061657.csv,1,1,0,0
fit:8a75cee6164235add2ce2b8c9e55cf1b077c18fcb8e48a1a967d0a06c8f89fb3,2026-09-08T05:34:12+00:00,171,144,116,91,8.868,8.600000000000023,19,fit:8a75cee6164235add2ce2b8c9e55cf1b077c18fcb8e48a1a967d0a06c8f89fb3:segment:003,3,4634.0,4552,activities/128_260908061657.csv,1,1,0,0
fit:8a75cee6164235add2ce2b8c9e55cf1b077c18fcb8e48a1a967d0a06c8f89fb3,2026-09-08T05:34:13+00:00,172,175,116,93,8.871,8.600000000000023,19,fit:8a75cee6164235add2ce2b8c9e55cf1b077c18fcb8e48a1a967d0a06c8f89fb3:segment:003,3,4635.0,4553,activities/128_260908061657.csv,1,1,0,0
fit:8a75cee6164235add2ce2b8c9e55cf1b077c18fcb8e48a1a967d0a06c8f89fb3,2026-09-08T05:34:14+00:00,173,151,117,94,9.051,8.600000000000023,19,fit:8a75cee6164235add2ce2b8c9e55cf1b077c18fcb8e48a1a967d0a06c8f89fb3:segment:003,3,4636.0,4554,activities/128_260908061657.csv,1,1,0,0
fit:8a75cee6164235add2ce2b8c9e55cf1b077c18fcb8e48a1a967d0a06c8f89fb3,2026-09-08T05:34:15+00:00,174,138,116,94,9.126,8.800000000000011,19,fit:8a75cee6164235add2ce2b8c9e55cf1b077c18fcb8e48a1a967d0a06c8f89fb3:segment:003,3,4637.0,4555,activities/128_260908061657.csv,1,1,0,0
fit:8a75cee6164235add2ce2b8c9e55cf1b077c18fcb8e48a1a967d0a06c8f89fb3,2026-09-08T05:34:16+00:00,175,143,116,94,9.175,8.800000000000011,19,fit:8a75cee6164235add2ce2b8c9e55cf1b077c18fcb8e48a1a967d0a06c8f89fb3:segment:003,3,4638.0,4556,activities/128_260908061657.csv,1,1,0,0
fit:8a75cee6164235add2ce2b8c9e55cf1b077c18fcb8e48a1a967d0a06c8f89fb3,2026-09-08T05:34:17+00:00,176,129,116,94,9.226,8.800000000000011,19,fit:8a75cee6164235add2ce2b8c9e55cf1b077c18fcb8e48a1a967d0a06c8f89fb3:segment:003,3,4639.0,4557,activities/128_260908061657.csv,1,1,0,0
fit:8a75cee6164235add2ce2b8c9e55cf1b077c18fcb8e48a1a967d0a06c8f89fb3,2026-09-08T05:34:18+00:00,177,149,114,93,9.151,8.600000000000023,19,fit:8a75cee6164235add2ce2b8c9e55cf1b077c18fcb8e48a1a967d0a06c8f89fb3:segment:003,3,4640.0,4558,activities/128_260908061657.csv,1,1,0,0
fit:8a75cee6164235add2ce2b8c9e55cf1b077c18fcb8e48a1a967d0a06c8f89fb3,2026-09-08T05:34:19+00:00,178,151,114,93,9.109,8.0,19,fit:8a75cee6164235add2ce2b8c9e55cf1b077c18fcb8e48a1a967d0a06c8f89fb3:segment:003,3,4641.0,4559,activities/128_260908061657.csv,1,1,0,0
fit:8a75cee6164235add2ce2b8c9e55cf1b077c18fcb8e48a1a967d0a06c8f89fb3,2026-09-08T05:34:20+00:00,179,158,113,92,9.094,8.0,19,fit:8a75cee6164235add2ce2b8c9e55cf1b077c18fcb8e48a1a967d0a06c8f89fb3:segment:003,3,4642.0,4560,activities/128_260908061657.csv,1,1,0,0
fit:8a75cee6164235add2ce2b8c9e55cf1b077c18fcb8e48a1a967d0a06c8f89fb3,2026-09-08T05:34:21+00:00,180,161,113,91,9.103,8.0,19,fit:8a75cee6164235add2ce2b8c9e55cf1b077c18fcb8e48a1a967d0a06c8f89fb3:segment:003,3,4643.0,4561,activities/128_260908061657.csv,1,1,0,0
fit:8a75cee6164235add2ce2b8c9e55cf1b077c18fcb8e48a1a967d0a06c8f89fb3,2026-09-08T05:34:22+00:00,181,108,113,91,9.119,8.0,19,fit:8a75cee6164235add2ce2b8c9e55cf1b077c18fcb8e48a1a967d0a06c8f89fb3:segment:003,3,4644.0,4562,activities/128_260908061657.csv,1,1,0,0
fit:8a75cee6164235add2ce2b8c9e55cf1b077c18fcb8e48a1a967d0a06c8f89fb3,2026-09-08T05:34:23+00:00,182,147,112,90,8.984,8.199999999999989,19,fit:8a75cee6164235add2ce2b8c9e55cf1b077c18fcb8e48a1a967d0a06c8f89fb3:segment:003,3,4645.0,4563,activities/128_260908061657.csv,1,1,0,0
fit:8a75cee6164235add2ce2b8c9e55cf1b077c18fcb8e48a1a967d0a06c8f89fb3,2026-09-08T05:34:24+00:00,183,135,112,90,8.903,8.199999999999989,19,fit:8a75cee6164235add2ce2b8c9e55cf1b077c18fcb8e48a1a967d0a06c8f89fb3:segment:003,3,4646.0,4564,activities/128_260908061657.csv,1,1,0,0
fit:8a75cee6164235add2ce2b8c9e55cf1b077c18fcb8e48a1a967d0a06c8f89fb3,2026-09-08T05:34:25+00:00,184,169,112,90,8.815,8.199999999999989,19,fit:8a75cee6164235add2ce2b8c9e55cf1b077c18fcb8e48a1a967d0a06c8f89fb3:segment:003,3,4647.0,4565,activities/128_260908061657.csv,1,1,0,0
fit:8a75cee6164235add2ce2b8c9e55cf1b077c18fcb8e48a1a967d0a06c8f89fb3,2026-09-08T05:34:26+00:00,185,169,112,91,8.832,8.199999999999989,19,fit:8a75cee6164235add2ce2b8c9e55cf1b077c18fcb8e48a1a967d0a06c8f89fb3:segment:003,3,4648.0,4566,activities/128_260908061657.csv,1,1,0,0
fit:8a75cee6164235add2ce2b8c9e55cf1b077c18fcb8e48a1a967d0a06c8f89fb3,2026-09-08T05:34:27+00:00,186,141,111,93,8.802,8.199999999999989,19,fit:8a75cee6164235add2ce2b8c9e55cf1b077c18fcb8e48a1a967d0a06c8f89fb3:segment:003,3,4649.0,4567,activities/128_260908061657.csv,1,1,0,0
fit:8a75cee6164235add2ce2b8c9e55cf1b077c18fcb8e48a1a967d0a06c8f89fb3,2026-09-08T05:34:28+00:00,187,170,111,93,8.986,8.199999999999989,19,fit:8a75cee6164235add2ce2b8c9e55cf1b077c18fcb8e48a1a967d0a06c8f89fb3:segment:003,3,4650.0,4568,activities/128_260908061657.csv,1,1,0,0
fit:8a75cee6164235add2ce2b8c9e55cf1b077c18fcb8e48a1a967d0a06c8f89fb3,2026-09-08T05:34:29+00:00,188,171,111,93,9.201,8.199999999999989,19,fit:8a75cee6164235add2ce2b8c9e55cf1b077c18fcb8e48a1a967d0a06c8f89fb3:segment:003,3,4651.0,4569,activities/128_260908061657.csv,1,1,0,0
fit:8a75cee6164235add2ce2b8c9e55cf1b077c18fcb8e48a1a967d0a06c8f89fb3,2026-09-08T05:34:30+00:00,189,146,111,94,9.126,8.199999999999989,19,fit:8a75cee6164235add2ce2b8c9e55cf1b077c18fcb8e48a1a967d0a06c8f89fb3:segment:003,3,4652.0,4570,activities/128_260908061657.csv,1,1,0,0
fit:8a75cee6164235add2ce2b8c9e55cf1b077c18fcb8e48a1a967d0a06c8f89fb3,2026-09-08T05:34:31+00:00,190,148,111,94,9.138,8.0,19,fit:8a75cee6164235add2ce2b8c9e55cf1b077c18fcb8e48a1a967d0a06c8f89fb3:segment:003,3,4653.0,4571,activities/128_260908061657.csv,1,1,0,0
fit:8a75cee6164235add2ce2b8c9e55cf1b077c18fcb8e48a1a967d0a06c8f89fb3,2026-09-08T05:34:32+00:00,191,147,112,94,9.16,8.0,19,fit:8a75cee6164235add2ce2b8c9e55cf1b077c18fcb8e48a1a967d0a06c8f89fb3:segment:003,3,4654.0,4572,activities/128_260908061657.csv,1,1,0,0
fit:8a75cee6164235add2ce2b8c9e55cf1b077c18fcb8e48a1a967d0a06c8f89fb3,2026-09-08T05:34:33+00:00,192,145,112,94,9.221,8.0,19,fit:8a75cee6164235add2ce2b8c9e55cf1b077c18fcb8e48a1a967d0a06c8f89fb3:segment:003,3,4655.0,4573,activities/128_260908061657.csv,1,1,0,0
fit:8a75cee6164235add2ce2b8c9e55cf1b077c18fcb8e48a1a967d0a06c8f89fb3,2026-09-08T05:34:34+00:00,193,154,112,94,9.295,7.800000000000011,19,fit:8a75cee6164235add2ce2b8c9e55cf1b077c18fcb8e48a1a967d0a06c8f89fb3:segment:003,3,4656.0,4574,activities/128_260908061657.csv,1,1,0,0
fit:8a75cee6164235add2ce2b8c9e55cf1b077c18fcb8e48a1a967d0a06c8f89fb3,2026-09-08T05:34:35+00:00,194,158,113,93,9.288,8.199999999999989,19,fit:8a75cee6164235add2ce2b8c9e55cf1b077c18fcb8e48a1a967d0a06c8f89fb3:segment:003,3,4657.0,4575,activities/128_260908061657.csv,1,1,0,0
fit:8a75cee6164235add2ce2b8c9e55cf1b077c18fcb8e48a1a967d0a06c8f89fb3,2026-09-08T05:34:36+00:00,195,178,114,93,9.167,8.199999999999989,19,fit:8a75cee6164235add2ce2b8c9e55cf1b077c18fcb8e48a1a967d0a06c8f89fb3:segment:003,3,4658.0,4576,activities/128_260908061657.csv,1,1,0,0
fit:8a75cee6164235add2ce2b8c9e55cf1b077c18fcb8e48a1a967d0a06c8f89fb3,2026-09-08T05:34:37+00:00,196,150,115,93,9.1,8.199999999999989,19,fit:8a75cee6164235add2ce2b8c9e55cf1b077c18fcb8e48a1a967d0a06c8f89fb3:segment:003,3,4659.0,4577,activities/128_260908061657.csv,1,1,0,0
fit:8a75cee6164235add2ce2b8c9e55cf1b077c18fcb8e48a1a967d0a06c8f89fb3,2026-09-08T05:34:38+00:00,197,152,115,93,9.112,7.800000000000011,19,fit:8a75cee6164235add2ce2b8c9e55cf1b077c18fcb8e48a1a967d0a06c8f89fb3:segment:003,3,4660.0,4578,activities/128_260908061657.csv,1,1,0,0
fit:8a75cee6164235add2ce2b8c9e55cf1b077c18fcb8e48a1a967d0a06c8f89fb3,2026-09-08T05:34:39+00:00,198,138,115,93,9.085,7.800000000000011,19,fit:8a75cee6164235add2ce2b8c9e55cf1b077c18fcb8e48a1a967d0a06c8f89fb3:segment:003,3,4661.0,4579,activities/128_260908061657.csv,1,1,0,0
fit:8a75cee6164235add2ce2b8c9e55cf1b077c18fcb8e48a1a967d0a06c8f89fb3,2026-09-08T05:34:40+00:00,199,148,116,93,9.334,7.800000000000011,19,fit:8a75cee6164235add2ce2b8c9e55cf1b077c18fcb8e48a1a967d0a06c8f89fb3:segment:003,3,4662.0,4580,activities/128_260908061657.csv,1,1,0,0
fit:8a75cee6164235add2ce2b8c9e55cf1b077c18fcb8e48a1a967d0a06c8f89fb3,2026-09-08T05:34:41+00:00,200,193,117,93,9.214,7.800000000000011,19,fit:8a75cee6164235add2ce2b8c9e55cf1b077c18fcb8e48a1a967d0a06c8f89fb3:segment:003,3,4663.0,4581,activities/128_260908061657.csv,1,1,0,0
fit:8a75cee6164235add2ce2b8c9e55cf1b077c18fcb8e48a1a967d0a06c8f89fb3,2026-09-08T05:34:42+00:00,201,193,117,93,9.237,7.800000000000011,19,fit:8a75cee6164235add2ce2b8c9e55cf1b077c18fcb8e48a1a967d0a06c8f89fb3:segment:003,3,4664.0,4582,activities/128_260908061657.csv,1,1,0,0
fit:8a75cee6164235add2ce2b8c9e55cf1b077c18fcb8e48a1a967d0a06c8f89fb3,2026-09-08T05:34:43+00:00,202,174,118,92,9.169,7.800000000000011,19,fit:8a75cee6164235add2ce2b8c9e55cf1b077c18fcb8e48a1a967d0a06c8f89fb3:segment:003,3,4665.0,4583,activities/128_260908061657.csv,1,1,0,0
fit:8a75cee6164235add2ce2b8c9e55cf1b077c18fcb8e48a1a967d0a06c8f89fb3,2026-09-08T05:34:44+00:00,203,194,118,91,9.063,7.800000000000011,19,fit:8a75cee6164235add2ce2b8c9e55cf1b077c18fcb8e48a1a967d0a06c8f89fb3:segment:003,3,4666.0,4584,activities/128_260908061657.csv,1,1,0,0
fit:8a75cee6164235add2ce2b8c9e55cf1b077c18fcb8e48a1a967d0a06c8f89fb3,2026-09-08T05:34:45+00:00,204,194,118,90,8.954,7.800000000000011,19,fit:8a75cee6164235add2ce2b8c9e55cf1b077c18fcb8e48a1a967d0a06c8f89fb3:segment:003,3,4667.0,4585,activities/128_260908061657.csv,1,1,0,0
fit:8a75cee6164235add2ce2b8c9e55cf1b077c18fcb8e48a1a967d0a06c8f89fb3,2026-09-08T05:34:46+00:00,205,149,118,90,8.862,7.800000000000011,19,fit:8a75cee6164235add2ce2b8c9e55cf1b077c18fcb8e48a1a967d0a06c8f89fb3:segment:003,3,4668.0,4586,activities/128_260908061657.csv,1,1,0,0
fit:8a75cee6164235add2ce2b8c9e55cf1b077c18fcb8e48a1a967d0a06c8f89fb3,2026-09-08T05:34:47+00:00,206,145,118,90,8.758,8.600000000000023,19,fit:8a75cee6164235add2ce2b8c9e55cf1b077c18fcb8e48a1a967d0a06c8f89fb3:segment:003,3,4669.0,4587,activities/128_260908061657.csv,1,1,0,0
fit:8a75cee6164235add2ce2b8c9e55cf1b077c18fcb8e48a1a967d0a06c8f89fb3,2026-09-08T05:34:48+00:00,207,159,117,90,8.707,8.600000000000023,19,fit:8a75cee6164235add2ce2b8c9e55cf1b077c18fcb8e48a1a967d0a06c8f89fb3:segment:003,3,4670.0,4588,activities/128_260908061657.csv,1,1,0,0
fit:8a75cee6164235add2ce2b8c9e55cf1b077c18fcb8e48a1a967d0a06c8f89fb3,2026-09-08T05:34:49+00:00,208,128,117,91,8.737,8.600000000000023,19,fit:8a75cee6164235add2ce2b8c9e55cf1b077c18fcb8e48a1a967d0a06c8f89fb3:segment:003,3,4671.0,4589,activities/128_260908061657.csv,1,1,0,0
fit:8a75cee6164235add2ce2b8c9e55cf1b077c18fcb8e48a1a967d0a06c8f89fb3,2026-09-08T05:34:50+00:00,209,122,117,91,8.772,8.600000000000023,19,fit:8a75cee6164235add2ce2b8c9e55cf1b077c18fcb8e48a1a967d0a06c8f89fb3:segment:003,3,4672.0,4590,activities/128_260908061657.csv,1,1,0,0
fit:8a75cee6164235add2ce2b8c9e55cf1b077c18fcb8e48a1a967d0a06c8f89fb3,2026-09-08T05:34:51+00:00,210,171,116,92,8.771,8.600000000000023,19,fit:8a75cee6164235add2ce2b8c9e55cf1b077c18fcb8e48a1a967d0a06c8f89fb3:segment:003,3,4673.0,4591,activities/128_260908061657.csv,1,1,0,0
fit:8a75cee6164235add2ce2b8c9e55cf1b077c18fcb8e48a1a967d0a06c8f89fb3,2026-09-08T05:34:52+00:00,211,156,116,92,8.947,8.600000000000023,19,fit:8a75cee6164235add2ce2b8c9e55cf1b077c18fcb8e48a1a967d0a06c8f89fb3:segment:003,3,4674.0,4592,activities/128_260908061657.csv,1,1,0,0
fit:8a75cee6164235add2ce2b8c9e55cf1b077c18fcb8e48a1a967d0a06c8f89fb3,2026-09-08T05:34:53+00:00,212,156,115,92,8.955,8.600000000000023,19,fit:8a75cee6164235add2ce2b8c9e55cf1b077c18fcb8e48a1a967d0a06c8f89fb3:segment:003,3,4675.0,4593,activities/128_260908061657.csv,1,1,0,0
fit:8a75cee6164235add2ce2b8c9e55cf1b077c18fcb8e48a1a967d0a06c8f89fb3,2026-09-08T05:34:54+00:00,213,145,115,93,9.027,8.800000000000011,19,fit:8a75cee6164235add2ce2b8c9e55cf1b077c18fcb8e48a1a967d0a06c8f89fb3:segment:003,3,4676.0,4594,activities/128_260908061657.csv,1,1,0,0
fit:8a75cee6164235add2ce2b8c9e55cf1b077c18fcb8e48a1a967d0a06c8f89fb3,2026-09-08T05:34:55+00:00,214,145,115,93,9.157,8.0,19,fit:8a75cee6164235add2ce2b8c9e55cf1b077c18fcb8e48a1a967d0a06c8f89fb3:segment:003,3,4677.0,4595,activities/128_260908061657.csv,1,1,0,0
fit:8a75cee6164235add2ce2b8c9e55cf1b077c18fcb8e48a1a967d0a06c8f89fb3,2026-09-08T05:34:56+00:00,215,143,115,93,9.194,8.0,19,fit:8a75cee6164235add2ce2b8c9e55cf1b077c18fcb8e48a1a967d0a06c8f89fb3:segment:003,3,4678.0,4596,activities/128_260908061657.csv,1,1,0,0
fit:8a75cee6164235add2ce2b8c9e55cf1b077c18fcb8e48a1a967d0a06c8f89fb3,2026-09-08T05:34:57+00:00,216,149,115,93,9.194,8.0,19,fit:8a75cee6164235add2ce2b8c9e55cf1b077c18fcb8e48a1a967d0a06c8f89fb3:segment:003,3,4679.0,4597,activities/128_260908061657.csv,1,1,0,0
fit:8a75cee6164235add2ce2b8c9e55cf1b077c18fcb8e48a1a967d0a06c8f89fb3,2026-09-08T05:34:58+00:00,217,168,115,93,9.178,8.199999999999989,19,fit:8a75cee6164235add2ce2b8c9e55cf1b077c18fcb8e48a1a967d0a06c8f89fb3:segment:003,3,4680.0,4598,activities/128_260908061657.csv,1,1,0,0
fit:8a75cee6164235add2ce2b8c9e55cf1b077c18fcb8e48a1a967d0a06c8f89fb3,2026-09-08T05:34:59+00:00,218,148,115,93,9.113,8.399999999999977,19,fit:8a75cee6164235add2ce2b8c9e55cf1b077c18fcb8e48a1a967d0a06c8f89fb3:segment:003,3,4681.0,4599,activities/128_260908061657.csv,1,1,0,0
fit:8a75cee6164235add2ce2b8c9e55cf1b077c18fcb8e48a1a967d0a06c8f89fb3,2026-09-08T05:35:00+00:00,219,148,115,94,9.089,8.399999999999977,19,fit:8a75cee6164235add2ce2b8c9e55cf1b077c18fcb8e48a1a967d0a06c8f89fb3:segment:003,3,4682.0,4600,activities/128_260908061657.csv,1,1,0,0
fit:8a75cee6164235add2ce2b8c9e55cf1b077c18fcb8e48a1a967d0a06c8f89fb3,2026-09-08T05:35:01+00:00,220,140,115,94,9.096,8.399999999999977,19,fit:8a75cee6164235add2ce2b8c9e55cf1b077c18fcb8e48a1a967d0a06c8f89fb3:segment:003,3,4683.0,4601,activities/128_260908061657.csv,1,1,0,0
fit:8a75cee6164235add2ce2b8c9e55cf1b077c18fcb8e48a1a967d0a06c8f89fb3,2026-09-08T05:35:02+00:00,221,146,115,94,9.123,8.399999999999977,19,fit:8a75cee6164235add2ce2b8c9e55cf1b077c18fcb8e48a1a967d0a06c8f89fb3:segment:003,3,4684.0,4602,activities/128_260908061657.csv,1,1,0,0
fit:8a75cee6164235add2ce2b8c9e55cf1b077c18fcb8e48a1a967d0a06c8f89fb3,2026-09-08T05:35:03+00:00,222,171,115,94,9.214,8.199999999999989,19,fit:8a75cee6164235add2ce2b8c9e55cf1b077c18fcb8e48a1a967d0a06c8f89fb3:segment:003,3,4685.0,4603,activities/128_260908061657.csv,1,1,0,0
fit:8a75cee6164235add2ce2b8c9e55cf1b077c18fcb8e48a1a967d0a06c8f89fb3,2026-09-08T05:35:04+00:00,223,187,114,94,9.25,8.199999999999989,19,fit:8a75cee6164235add2ce2b8c9e55cf1b077c18fcb8e48a1a967d0a06c8f89fb3:segment:003,3,4686.0,4604,activities/128_260908061657.csv,1,1,0,0
fit:8a75cee6164235add2ce2b8c9e55cf1b077c18fcb8e48a1a967d0a06c8f89fb3,2026-09-08T05:35:05+00:00,224,159,114,94,9.219,8.199999999999989,19,fit:8a75cee6164235add2ce2b8c9e55cf1b077c18fcb8e48a1a967d0a06c8f89fb3:segment:003,3,4687.0,4605,activities/128_260908061657.csv,1,1,0,0
fit:8a75cee6164235add2ce2b8c9e55cf1b077c18fcb8e48a1a967d0a06c8f89fb3,2026-09-08T05:35:06+00:00,225,142,114,93,9.194,7.800000000000011,19,fit:8a75cee6164235add2ce2b8c9e55cf1b077c18fcb8e48a1a967d0a06c8f89fb3:segment:003,3,4688.0,4606,activities/128_260908061657.csv,1,1,0,0
fit:8a75cee6164235add2ce2b8c9e55cf1b077c18fcb8e48a1a967d0a06c8f89fb3,2026-09-08T05:35:07+00:00,226,152,114,93,9.097,8.0,19,fit:8a75cee6164235add2ce2b8c9e55cf1b077c18fcb8e48a1a967d0a06c8f89fb3:segment:003,3,4689.0,4607,activities/128_260908061657.csv,1,1,0,0
fit:8a75cee6164235add2ce2b8c9e55cf1b077c18fcb8e48a1a967d0a06c8f89fb3,2026-09-08T05:35:08+00:00,227,153,114,94,9.078,8.0,19,fit:8a75cee6164235add2ce2b8c9e55cf1b077c18fcb8e48a1a967d0a06c8f89fb3:segment:003,3,4690.0,4608,activities/128_260908061657.csv,1,1,0,0
fit:8a75cee6164235add2ce2b8c9e55cf1b077c18fcb8e48a1a967d0a06c8f89fb3,2026-09-08T05:35:09+00:00,228,164,113,94,9.161,8.0,19,fit:8a75cee6164235add2ce2b8c9e55cf1b077c18fcb8e48a1a967d0a06c8f89fb3:segment:003,3,4691.0,4609,activities/128_260908061657.csv,1,1,0,0
fit:8a75cee6164235add2ce2b8c9e55cf1b077c18fcb8e48a1a967d0a06c8f89fb3,2026-09-08T05:35:10+00:00,229,139,113,94,9.21,8.0,19,fit:8a75cee6164235add2ce2b8c9e55cf1b077c18fcb8e48a1a967d0a06c8f89fb3:segment:003,3,4692.0,4610,activities/128_260908061657.csv,1,1,0,0
fit:8a75cee6164235add2ce2b8c9e55cf1b077c18fcb8e48a1a967d0a06c8f89fb3,2026-09-08T05:35:11+00:00,230,147,112,94,9.227,8.199999999999989,19,fit:8a75cee6164235add2ce2b8c9e55cf1b077c18fcb8e48a1a967d0a06c8f89fb3:segment:003,3,4693.0,4611,activities/128_260908061657.csv,1,1,0,0
fit:8a75cee6164235add2ce2b8c9e55cf1b077c18fcb8e48a1a967d0a06c8f89fb3,2026-09-08T05:35:12+00:00,231,149,112,94,9.207,8.199999999999989,19,fit:8a75cee6164235add2ce2b8c9e55cf1b077c18fcb8e48a1a967d0a06c8f89fb3:segment:003,3,4694.0,4612,activities/128_260908061657.csv,1,1,0,0
fit:8a75cee6164235add2ce2b8c9e55cf1b077c18fcb8e48a1a967d0a06c8f89fb3,2026-09-08T05:35:13+00:00,232,133,111,94,9.149,8.199999999999989,19,fit:8a75cee6164235add2ce2b8c9e55cf1b077c18fcb8e48a1a967d0a06c8f89fb3:segment:003,3,4695.0,4613,activities/128_260908061657.csv,1,1,0,0
fit:8a75cee6164235add2ce2b8c9e55cf1b077c18fcb8e48a1a967d0a06c8f89fb3,2026-09-08T05:35:14+00:00,233,134,110,94,9.096,8.199999999999989,19,fit:8a75cee6164235add2ce2b8c9e55cf1b077c18fcb8e48a1a967d0a06c8f89fb3:segment:003,3,4696.0,4614,activities/128_260908061657.csv,1,1,0,0
fit:8a75cee6164235add2ce2b8c9e55cf1b077c18fcb8e48a1a967d0a06c8f89fb3,2026-09-08T05:35:15+00:00,234,146,110,94,9.161,7.600000000000023,19,fit:8a75cee6164235add2ce2b8c9e55cf1b077c18fcb8e48a1a967d0a06c8f89fb3:segment:003,3,4697.0,4615,activities/128_260908061657.csv,1,1,0,0
fit:8a75cee6164235add2ce2b8c9e55cf1b077c18fcb8e48a1a967d0a06c8f89fb3,2026-09-08T05:35:16+00:00,235,135,110,94,9.19,7.600000000000023,19,fit:8a75cee6164235add2ce2b8c9e55cf1b077c18fcb8e48a1a967d0a06c8f89fb3:segment:003,3,4698.0,4616,activities/128_260908061657.csv,1,1,0,0
fit:8a75cee6164235add2ce2b8c9e55cf1b077c18fcb8e48a1a967d0a06c8f89fb3,2026-09-08T05:35:17+00:00,236,141,110,93,9.215,7.600000000000023,19,fit:8a75cee6164235add2ce2b8c9e55cf1b077c18fcb8e48a1a967d0a06c8f89fb3:segment:003,3,4699.0,4617,activities/128_260908061657.csv,1,1,0,0
fit:8a75cee6164235add2ce2b8c9e55cf1b077c18fcb8e48a1a967d0a06c8f89fb3,2026-09-08T05:35:18+00:00,237,156,110,93,9.18,7.600000000000023,19,fit:8a75cee6164235add2ce2b8c9e55cf1b077c18fcb8e48a1a967d0a06c8f89fb3:segment:003,3,4700.0,4618,activities/128_260908061657.csv,1,1,0,0
fit:8a75cee6164235add2ce2b8c9e55cf1b077c18fcb8e48a1a967d0a06c8f89fb3,2026-09-08T05:35:19+00:00,238,156,110,92,9.156,7.600000000000023,19,fit:8a75cee6164235add2ce2b8c9e55cf1b077c18fcb8e48a1a967d0a06c8f89fb3:segment:003,3,4701.0,4619,activities/128_260908061657.csv,1,1,0,0
fit:8a75cee6164235add2ce2b8c9e55cf1b077c18fcb8e48a1a967d0a06c8f89fb3,2026-09-08T05:35:20+00:00,239,148,110,92,9.056,7.600000000000023,19,fit:8a75cee6164235add2ce2b8c9e55cf1b077c18fcb8e48a1a967d0a06c8f89fb3:segment:003,3,4702.0,4620,activities/128_260908061657.csv,1,1,0,0
fit:8a75cee6164235add2ce2b8c9e55cf1b077c18fcb8e48a1a967d0a06c8f89fb3,2026-09-08T05:35:21+00:00,240,154,110,92,9.001,7.600000000000023,19,fit:8a75cee6164235add2ce2b8c9e55cf1b077c18fcb8e48a1a967d0a06c8f89fb3:segment:003,3,4703.0,4621,activities/128_260908061657.csv,1,1,0,0
fit:8a75cee6164235add2ce2b8c9e55cf1b077c18fcb8e48a1a967d0a06c8f89fb3,2026-09-08T05:35:22+00:00,241,163,110,91,8.935,7.600000000000023,19,fit:8a75cee6164235add2ce2b8c9e55cf1b077c18fcb8e48a1a967d0a06c8f89fb3:segment:003,3,4704.0,4622,activities/128_260908061657.csv,1,1,0,0
fit:8a75cee6164235add2ce2b8c9e55cf1b077c18fcb8e48a1a967d0a06c8f89fb3,2026-09-08T05:35:23+00:00,242,149,111,91,8.882,7.199999999999989,19,fit:8a75cee6164235add2ce2b8c9e55cf1b077c18fcb8e48a1a967d0a06c8f89fb3:segment:003,3,4705.0,4623,activities/128_260908061657.csv,1,1,0,0
fit:8a75cee6164235add2ce2b8c9e55cf1b077c18fcb8e48a1a967d0a06c8f89fb3,2026-09-08T05:35:24+00:00,243,146,111,92,8.932,7.199999999999989,19,fit:8a75cee6164235add2ce2b8c9e55cf1b077c18fcb8e48a1a967d0a06c8f89fb3:segment:003,3,4706.0,4624,activities/128_260908061657.csv,1,1,0,0
fit:8a75cee6164235add2ce2b8c9e55cf1b077c18fcb8e48a1a967d0a06c8f89fb3,2026-09-08T05:35:25+00:00,244,138,113,91,8.942,7.199999999999989,19,fit:8a75cee6164235add2ce2b8c9e55cf1b077c18fcb8e48a1a967d0a06c8f89fb3:segment:003,3,4707.0,4625,activities/128_260908061657.csv,1,1,0,0
fit:8a75cee6164235add2ce2b8c9e55cf1b077c18fcb8e48a1a967d0a06c8f89fb3,2026-09-08T05:35:26+00:00,245,134,114,91,8.922,7.600000000000023,19,fit:8a75cee6164235add2ce2b8c9e55cf1b077c18fcb8e48a1a967d0a06c8f89fb3:segment:003,3,4708.0,4626,activities/128_260908061657.csv,1,1,0,0
fit:8a75cee6164235add2ce2b8c9e55cf1b077c18fcb8e48a1a967d0a06c8f89fb3,2026-09-08T05:35:27+00:00,246,149,114,91,8.989,7.600000000000023,19,fit:8a75cee6164235add2ce2b8c9e55cf1b077c18fcb8e48a1a967d0a06c8f89fb3:segment:003,3,4709.0,4627,activities/128_260908061657.csv,1,1,0,0
fit:8a75cee6164235add2ce2b8c9e55cf1b077c18fcb8e48a1a967d0a06c8f89fb3,2026-09-08T05:35:28+00:00,247,137,115,90,8.98,7.600000000000023,19,fit:8a75cee6164235add2ce2b8c9e55cf1b077c18fcb8e48a1a967d0a06c8f89fb3:segment:003,3,4710.0,4628,activities/128_260908061657.csv,1,1,0,0
fit:8a75cee6164235add2ce2b8c9e55cf1b077c18fcb8e48a1a967d0a06c8f89fb3,2026-09-08T05:35:29+00:00,248,152,116,90,8.967,7.600000000000023,19,fit:8a75cee6164235add2ce2b8c9e55cf1b077c18fcb8e48a1a967d0a06c8f89fb3:segment:003,3,4711.0,4629,activities/128_260908061657.csv,1,1,0,0
fit:8a75cee6164235add2ce2b8c9e55cf1b077c18fcb8e48a1a967d0a06c8f89fb3,2026-09-08T05:35:30+00:00,249,152,116,91,8.951,7.600000000000023,19,fit:8a75cee6164235add2ce2b8c9e55cf1b077c18fcb8e48a1a967d0a06c8f89fb3:segment:003,3,4712.0,4630,activities/128_260908061657.csv,1,1,0,0
fit:8a75cee6164235add2ce2b8c9e55cf1b077c18fcb8e48a1a967d0a06c8f89fb3,2026-09-08T05:35:31+00:00,250,140,116,91,8.988,7.399999999999977,19,fit:8a75cee6164235add2ce2b8c9e55cf1b077c18fcb8e48a1a967d0a06c8f89fb3:segment:003,3,4713.0,4631,activities/128_260908061657.csv,1,1,0,0
fit:8a75cee6164235add2ce2b8c9e55cf1b077c18fcb8e48a1a967d0a06c8f89fb3,2026-09-08T05:35:32+00:00,251,140,115,91,9.01,7.399999999999977,19,fit:8a75cee6164235add2ce2b8c9e55cf1b077c18fcb8e48a1a967d0a06c8f89fb3:segment:003,3,4714.0,4632,activities/128_260908061657.csv,1,1,0,0
fit:8a75cee6164235add2ce2b8c9e55cf1b077c18fcb8e48a1a967d0a06c8f89fb3,2026-09-08T05:35:33+00:00,252,145,115,90,9.02,7.399999999999977,19,fit:8a75cee6164235add2ce2b8c9e55cf1b077c18fcb8e48a1a967d0a06c8f89fb3:segment:003,3,4715.0,4633,activities/128_260908061657.csv,1,1,0,0
fit:8a75cee6164235add2ce2b8c9e55cf1b077c18fcb8e48a1a967d0a06c8f89fb3,2026-09-08T05:35:34+00:00,253,140,114,90,9.0,7.399999999999977,19,fit:8a75cee6164235add2ce2b8c9e55cf1b077c18fcb8e48a1a967d0a06c8f89fb3:segment:003,3,4716.0,4634,activities/128_260908061657.csv,1,1,0,0
fit:8a75cee6164235add2ce2b8c9e55cf1b077c18fcb8e48a1a967d0a06c8f89fb3,2026-09-08T05:35:35+00:00,254,149,114,90,8.965,7.600000000000023,19,fit:8a75cee6164235add2ce2b8c9e55cf1b077c18fcb8e48a1a967d0a06c8f89fb3:segment:003,3,4717.0,4635,activities/128_260908061657.csv,1,1,0,0
fit:8a75cee6164235add2ce2b8c9e55cf1b077c18fcb8e48a1a967d0a06c8f89fb3,2026-09-08T05:35:36+00:00,255,129,114,91,8.919,7.600000000000023,19,fit:8a75cee6164235add2ce2b8c9e55cf1b077c18fcb8e48a1a967d0a06c8f89fb3:segment:003,3,4718.0,4636,activities/128_260908061657.csv,1,1,0,0
fit:8a75cee6164235add2ce2b8c9e55cf1b077c18fcb8e48a1a967d0a06c8f89fb3,2026-09-08T05:35:37+00:00,256,126,114,91,8.912,7.600000000000023,19,fit:8a75cee6164235add2ce2b8c9e55cf1b077c18fcb8e48a1a967d0a06c8f89fb3:segment:003,3,4719.0,4637,activities/128_260908061657.csv,1,1,0,0
fit:8a75cee6164235add2ce2b8c9e55cf1b077c18fcb8e48a1a967d0a06c8f89fb3,2026-09-08T05:35:38+00:00,257,111,114,91,8.86,7.600000000000023,19,fit:8a75cee6164235add2ce2b8c9e55cf1b077c18fcb8e48a1a967d0a06c8f89fb3:segment:003,3,4720.0,4638,activities/128_260908061657.csv,1,1,0,0
fit:8a75cee6164235add2ce2b8c9e55cf1b077c18fcb8e48a1a967d0a06c8f89fb3,2026-09-08T05:35:39+00:00,258,113,114,91,8.897,7.800000000000011,19,fit:8a75cee6164235add2ce2b8c9e55cf1b077c18fcb8e48a1a967d0a06c8f89fb3:segment:003,3,4721.0,4639,activities/128_260908061657.csv,1,1,0,0
fit:8a75cee6164235add2ce2b8c9e55cf1b077c18fcb8e48a1a967d0a06c8f89fb3,2026-09-08T05:35:40+00:00,259,113,114,91,8.812,7.800000000000011,19,fit:8a75cee6164235add2ce2b8c9e55cf1b077c18fcb8e48a1a967d0a06c8f89fb3:segment:003,3,4722.0,4640,activities/128_260908061657.csv,1,1,0,0
fit:8a75cee6164235add2ce2b8c9e55cf1b077c18fcb8e48a1a967d0a06c8f89fb3,2026-09-08T05:35:41+00:00,260,95,114,90,8.834,7.800000000000011,19,fit:8a75cee6164235add2ce2b8c9e55cf1b077c18fcb8e48a1a967d0a06c8f89fb3:segment:003,3,4723.0,4641,activities/128_260908061657.csv,1,1,0,0
fit:8a75cee6164235add2ce2b8c9e55cf1b077c18fcb8e48a1a967d0a06c8f89fb3,2026-09-08T05:35:42+00:00,261,95,114,90,8.866,7.800000000000011,19,fit:8a75cee6164235add2ce2b8c9e55cf1b077c18fcb8e48a1a967d0a06c8f89fb3:segment:003,3,4724.0,4642,activities/128_260908061657.csv,1,1,0,0
fit:8a75cee6164235add2ce2b8c9e55cf1b077c18fcb8e48a1a967d0a06c8f89fb3,2026-09-08T05:35:43+00:00,262,96,114,90,8.733,0.39999999999997726,19,fit:8a75cee6164235add2ce2b8c9e55cf1b077c18fcb8e48a1a967d0a06c8f89fb3:segment:003,3,4725.0,4643,activities/128_260908061657.csv,1,1,0,0
fit:8a75cee6164235add2ce2b8c9e55cf1b077c18fcb8e48a1a967d0a06c8f89fb3,2026-09-08T05:35:44+00:00,263,96,113,90,8.664,0.39999999999997726,19,fit:8a75cee6164235add2ce2b8c9e55cf1b077c18fcb8e48a1a967d0a06c8f89fb3:segment:003,3,4726.0,4644,activities/128_260908061657.csv,1,1,0,0
fit:8a75cee6164235add2ce2b8c9e55cf1b077c18fcb8e48a1a967d0a06c8f89fb3,2026-09-08T05:35:45+00:00,264,96,113,90,8.565,0.39999999999997726,19,fit:8a75cee6164235add2ce2b8c9e55cf1b077c18fcb8e48a1a967d0a06c8f89fb3:segment:003,3,4727.0,4645,activities/128_260908061657.csv,1,1,0,0
fit:8a75cee6164235add2ce2b8c9e55cf1b077c18fcb8e48a1a967d0a06c8f89fb3,2026-09-08T05:35:46+00:00,265,146,112,82,8.328,1.3999999999999773,19,fit:8a75cee6164235add2ce2b8c9e55cf1b077c18fcb8e48a1a967d0a06c8f89fb3:segment:003,3,4728.0,4646,activities/128_260908061657.csv,1,1,0,0
fit:8a75cee6164235add2ce2b8c9e55cf1b077c18fcb8e48a1a967d0a06c8f89fb3,2026-09-08T05:35:47+00:00,266,124,110,82,8.188,7.600000000000023,19,fit:8a75cee6164235add2ce2b8c9e55cf1b077c18fcb8e48a1a967d0a06c8f89fb3:segment:003,3,4729.0,4647,activities/128_260908061657.csv,1,1,0,0
fit:8a75cee6164235add2ce2b8c9e55cf1b077c18fcb8e48a1a967d0a06c8f89fb3,2026-09-08T05:35:48+00:00,267,130,108,83,8.194,7.600000000000023,19,fit:8a75cee6164235add2ce2b8c9e55cf1b077c18fcb8e48a1a967d0a06c8f89fb3:segment:003,3,4730.0,4648,activities/128_260908061657.csv,1,1,0,0
fit:8a75cee6164235add2ce2b8c9e55cf1b077c18fcb8e48a1a967d0a06c8f89fb3,2026-09-08T05:35:49+00:00,268,130,106,83,8.13,7.600000000000023,19,fit:8a75cee6164235add2ce2b8c9e55cf1b077c18fcb8e48a1a967d0a06c8f89fb3:segment:003,3,4731.0,4649,activities/128_260908061657.csv,1,1,0,0
fit:8a75cee6164235add2ce2b8c9e55cf1b077c18fcb8e48a1a967d0a06c8f89fb3,2026-09-08T05:35:50+00:00,269,144,106,83,8.044,7.600000000000023,19,fit:8a75cee6164235add2ce2b8c9e55cf1b077c18fcb8e48a1a967d0a06c8f89fb3:segment:003,3,4732.0,4650,activities/128_260908061657.csv,1,1,0,0
fit:8a75cee6164235add2ce2b8c9e55cf1b077c18fcb8e48a1a967d0a06c8f89fb3,2026-09-08T05:35:51+00:00,270,144,104,83,8.13,7.0,19,fit:8a75cee6164235add2ce2b8c9e55cf1b077c18fcb8e48a1a967d0a06c8f89fb3:segment:003,3,4733.0,4651,activities/128_260908061657.csv,1,1,0,0
fit:8a75cee6164235add2ce2b8c9e55cf1b077c18fcb8e48a1a967d0a06c8f89fb3,2026-09-08T05:35:52+00:00,271,141,103,83,8.226,7.0,19,fit:8a75cee6164235add2ce2b8c9e55cf1b077c18fcb8e48a1a967d0a06c8f89fb3:segment:003,3,4734.0,4652,activities/128_260908061657.csv,1,1,0,0
fit:8a75cee6164235add2ce2b8c9e55cf1b077c18fcb8e48a1a967d0a06c8f89fb3,2026-09-08T05:35:53+00:00,272,141,103,83,8.236,7.0,19,fit:8a75cee6164235add2ce2b8c9e55cf1b077c18fcb8e48a1a967d0a06c8f89fb3:segment:003,3,4735.0,4653,activities/128_260908061657.csv,1,1,0,0
fit:8a75cee6164235add2ce2b8c9e55cf1b077c18fcb8e48a1a967d0a06c8f89fb3,2026-09-08T05:35:54+00:00,273,160,103,82,8.138,7.399999999999977,19,fit:8a75cee6164235add2ce2b8c9e55cf1b077c18fcb8e48a1a967d0a06c8f89fb3:segment:003,3,4736.0,4654,activities/128_260908061657.csv,1,1,0,0
fit:8a75cee6164235add2ce2b8c9e55cf1b077c18fcb8e48a1a967d0a06c8f89fb3,2026-09-08T05:35:55+00:00,274,134,104,82,8.02,7.399999999999977,19,fit:8a75cee6164235add2ce2b8c9e55cf1b077c18fcb8e48a1a967d0a06c8f89fb3:segment:003,3,4737.0,4655,activities/128_260908061657.csv,1,1,0,0
fit:8a75cee6164235add2ce2b8c9e55cf1b077c18fcb8e48a1a967d0a06c8f89fb3,2026-09-08T05:35:56+00:00,275,160,105,83,8.095,7.399999999999977,19,fit:8a75cee6164235add2ce2b8c9e55cf1b077c18fcb8e48a1a967d0a06c8f89fb3:segment:003,3,4738.0,4656,activities/128_260908061657.csv,1,1,0,0
fit:8a75cee6164235add2ce2b8c9e55cf1b077c18fcb8e48a1a967d0a06c8f89fb3,2026-09-08T05:35:57+00:00,276,155,106,83,8.085,7.399999999999977,19,fit:8a75cee6164235add2ce2b8c9e55cf1b077c18fcb8e48a1a967d0a06c8f89fb3:segment:003,3,4739.0,4657,activities/128_260908061657.csv,1,1,0,0
fit:8a75cee6164235add2ce2b8c9e55cf1b077c18fcb8e48a1a967d0a06c8f89fb3,2026-09-08T05:35:58+00:00,277,155,107,83,8.106,7.800000000000011,19,fit:8a75cee6164235add2ce2b8c9e55cf1b077c18fcb8e48a1a967d0a06c8f89fb3:segment:003,3,4740.0,4658,activities/128_260908061657.csv,1,1,0,0
fit:8a75cee6164235add2ce2b8c9e55cf1b077c18fcb8e48a1a967d0a06c8f89fb3,2026-09-08T05:35:59+00:00,278,195,108,84,8.113,7.800000000000011,19,fit:8a75cee6164235add2ce2b8c9e55cf1b077c18fcb8e48a1a967d0a06c8f89fb3:segment:003,3,4741.0,4659,activities/128_260908061657.csv,1,1,0,0
fit:8a75cee6164235add2ce2b8c9e55cf1b077c18fcb8e48a1a967d0a06c8f89fb3,2026-09-08T05:36:00+00:00,279,157,108,85,8.192,7.800000000000011,19,fit:8a75cee6164235add2ce2b8c9e55cf1b077c18fcb8e48a1a967d0a06c8f89fb3:segment:003,3,4742.0,4660,activities/128_260908061657.csv,1,1,0,0
fit:8a75cee6164235add2ce2b8c9e55cf1b077c18fcb8e48a1a967d0a06c8f89fb3,2026-09-08T05:36:01+00:00,280,159,108,85,8.292,7.800000000000011,19,fit:8a75cee6164235add2ce2b8c9e55cf1b077c18fcb8e48a1a967d0a06c8f89fb3:segment:003,3,4743.0,4661,activities/128_260908061657.csv,1,1,0,0
fit:8a75cee6164235add2ce2b8c9e55cf1b077c18fcb8e48a1a967d0a06c8f89fb3,2026-09-08T05:36:02+00:00,281,144,108,86,8.343,6.800000000000011,19,fit:8a75cee6164235add2ce2b8c9e55cf1b077c18fcb8e48a1a967d0a06c8f89fb3:segment:003,3,4744.0,4662,activities/128_260908061657.csv,1,1,0,0
fit:8a75cee6164235add2ce2b8c9e55cf1b077c18fcb8e48a1a967d0a06c8f89fb3,2026-09-08T05:36:03+00:00,282,150,109,86,8.403,8.199999999999989,19,fit:8a75cee6164235add2ce2b8c9e55cf1b077c18fcb8e48a1a967d0a06c8f89fb3:segment:003,3,4745.0,4663,activities/128_260908061657.csv,1,1,0,0
fit:8a75cee6164235add2ce2b8c9e55cf1b077c18fcb8e48a1a967d0a06c8f89fb3,2026-09-08T05:36:04+00:00,283,143,109,86,8.54,8.199999999999989,19,fit:8a75cee6164235add2ce2b8c9e55cf1b077c18fcb8e48a1a967d0a06c8f89fb3:segment:003,3,4746.0,4664,activities/128_260908061657.csv,1,1,0,0
fit:8a75cee6164235add2ce2b8c9e55cf1b077c18fcb8e48a1a967d0a06c8f89fb3,2026-09-08T05:36:05+00:00,284,136,110,87,8.539,8.199999999999989,19,fit:8a75cee6164235add2ce2b8c9e55cf1b077c18fcb8e48a1a967d0a06c8f89fb3:segment:003,3,4747.0,4665,activities/128_260908061657.csv,1,1,0,0
fit:8a75cee6164235add2ce2b8c9e55cf1b077c18fcb8e48a1a967d0a06c8f89fb3,2026-09-08T05:36:06+00:00,285,165,110,87,8.499,8.199999999999989,19,fit:8a75cee6164235add2ce2b8c9e55cf1b077c18fcb8e48a1a967d0a06c8f89fb3:segment:003,3,4748.0,4666,activities/128_260908061657.csv,1,1,0,0
fit:8a75cee6164235add2ce2b8c9e55cf1b077c18fcb8e48a1a967d0a06c8f89fb3,2026-09-08T05:36:07+00:00,286,159,110,87,8.554,7.399999999999977,19,fit:8a75cee6164235add2ce2b8c9e55cf1b077c18fcb8e48a1a967d0a06c8f89fb3:segment:003,3,4749.0,4667,activities/128_260908061657.csv,1,1,0,0
fit:8a75cee6164235add2ce2b8c9e55cf1b077c18fcb8e48a1a967d0a06c8f89fb3,2026-09-08T05:36:08+00:00,287,157,110,87,8.58,7.399999999999977,19,fit:8a75cee6164235add2ce2b8c9e55cf1b077c18fcb8e48a1a967d0a06c8f89fb3:segment:003,3,4750.0,4668,activities/128_260908061657.csv,1,1,0,0
fit:8a75cee6164235add2ce2b8c9e55cf1b077c18fcb8e48a1a967d0a06c8f89fb3,2026-09-08T05:36:09+00:00,288,152,110,87,8.459,7.399999999999977,19,fit:8a75cee6164235add2ce2b8c9e55cf1b077c18fcb8e48a1a967d0a06c8f89fb3:segment:003,3,4751.0,4669,activities/128_260908061657.csv,1,1,0,0
fit:8a75cee6164235add2ce2b8c9e55cf1b077c18fcb8e48a1a967d0a06c8f89fb3,2026-09-08T05:36:10+00:00,289,155,110,87,8.498,6.800000000000011,19,fit:8a75cee6164235add2ce2b8c9e55cf1b077c18fcb8e48a1a967d0a06c8f89fb3:segment:003,3,4752.0,4670,activities/128_260908061657.csv,1,1,0,0
fit:8a75cee6164235add2ce2b8c9e55cf1b077c18fcb8e48a1a967d0a06c8f89fb3,2026-09-08T05:36:11+00:00,290,150,111,88,8.533,7.399999999999977,19,fit:8a75cee6164235add2ce2b8c9e55cf1b077c18fcb8e48a1a967d0a06c8f89fb3:segment:003,3,4753.0,4671,activities/128_260908061657.csv,1,1,0,0
fit:8a75cee6164235add2ce2b8c9e55cf1b077c18fcb8e48a1a967d0a06c8f89fb3,2026-09-08T05:36:12+00:00,291,175,111,88,8.514,7.399999999999977,19,fit:8a75cee6164235add2ce2b8c9e55cf1b077c18fcb8e48a1a967d0a06c8f89fb3:segment:003,3,4754.0,4672,activities/128_260908061657.csv,1,1,0,0
fit:8a75cee6164235add2ce2b8c9e55cf1b077c18fcb8e48a1a967d0a06c8f89fb3,2026-09-08T05:36:13+00:00,292,167,112,87,8.439,7.399999999999977,19,fit:8a75cee6164235add2ce2b8c9e55cf1b077c18fcb8e48a1a967d0a06c8f89fb3:segment:003,3,4755.0,4673,activities/128_260908061657.csv,1,1,0,0
fit:8a75cee6164235add2ce2b8c9e55cf1b077c18fcb8e48a1a967d0a06c8f89fb3,2026-09-08T05:36:14+00:00,293,154,112,87,8.545,6.399999999999977,19,fit:8a75cee6164235add2ce2b8c9e55cf1b077c18fcb8e48a1a967d0a06c8f89fb3:segment:003,3,4756.0,4674,activities/128_260908061657.csv,1,1,0,0
fit:8a75cee6164235add2ce2b8c9e55cf1b077c18fcb8e48a1a967d0a06c8f89fb3,2026-09-08T05:36:15+00:00,294,162,113,87,8.599,6.399999999999977,19,fit:8a75cee6164235add2ce2b8c9e55cf1b077c18fcb8e48a1a967d0a06c8f89fb3:segment:003,3,4757.0,4675,activities/128_260908061657.csv,1,1,0,0
fit:8a75cee6164235add2ce2b8c9e55cf1b077c18fcb8e48a1a967d0a06c8f89fb3,2026-09-08T05:36:16+00:00,295,148,113,87,8.671,6.399999999999977,19,fit:8a75cee6164235add2ce2b8c9e55cf1b077c18fcb8e48a1a967d0a06c8f89fb3:segment:003,3,4758.0,4676,activities/128_260908061657.csv,1,1,0,0
fit:8a75cee6164235add2ce2b8c9e55cf1b077c18fcb8e48a1a967d0a06c8f89fb3,2026-09-08T05:36:17+00:00,296,158,113,87,8.678,6.399999999999977,19,fit:8a75cee6164235add2ce2b8c9e55cf1b077c18fcb8e48a1a967d0a06c8f89fb3:segment:003,3,4759.0,4677,activities/128_260908061657.csv,1,1,0,0
fit:8a75cee6164235add2ce2b8c9e55cf1b077c18fcb8e48a1a967d0a06c8f89fb3,2026-09-08T05:36:18+00:00,297,158,113,87,8.764,6.399999999999977,19,fit:8a75cee6164235add2ce2b8c9e55cf1b077c18fcb8e48a1a967d0a06c8f89fb3:segment:003,3,4760.0,4678,activities/128_260908061657.csv,1,1,0,0
fit:8a75cee6164235add2ce2b8c9e55cf1b077c18fcb8e48a1a967d0a06c8f89fb3,2026-09-08T05:36:19+00:00,298,160,113,88,8.77,6.0,19,fit:8a75cee6164235add2ce2b8c9e55cf1b077c18fcb8e48a1a967d0a06c8f89fb3:segment:003,3,4761.0,4679,activities/128_260908061657.csv,1,1,0,0
fit:8a75cee6164235add2ce2b8c9e55cf1b077c18fcb8e48a1a967d0a06c8f89fb3,2026-09-08T05:36:20+00:00,299,166,114,88,8.717,6.0,19,fit:8a75cee6164235add2ce2b8c9e55cf1b077c18fcb8e48a1a967d0a06c8f89fb3:segment:003,3,4762.0,4680,activities/128_260908061657.csv,1,1,0,0
fit:8a75cee6164235add2ce2b8c9e55cf1b077c18fcb8e48a1a967d0a06c8f89fb3,2026-09-08T05:36:21+00:00,300,168,114,88,8.724,6.0,19,fit:8a75cee6164235add2ce2b8c9e55cf1b077c18fcb8e48a1a967d0a06c8f89fb3:segment:003,3,4763.0,4681,activities/128_260908061657.csv,1,1,0,0
fit:8a75cee6164235add2ce2b8c9e55cf1b077c18fcb8e48a1a967d0a06c8f89fb3,2026-09-08T05:36:22+00:00,301,153,114,88,8.686,7.0,19,fit:8a75cee6164235add2ce2b8c9e55cf1b077c18fcb8e48a1a967d0a06c8f89fb3:segment:003,3,4764.0,4682,activities/128_260908061657.csv,1,1,0,0
fit:8a75cee6164235add2ce2b8c9e55cf1b077c18fcb8e48a1a967d0a06c8f89fb3,2026-09-08T05:36:23+00:00,302,153,114,88,8.6,6.600000000000023,19,fit:8a75cee6164235add2ce2b8c9e55cf1b077c18fcb8e48a1a967d0a06c8f89fb3:segment:003,3,4765.0,4683,activities/128_260908061657.csv,1,1,0,0
fit:8a75cee6164235add2ce2b8c9e55cf1b077c18fcb8e48a1a967d0a06c8f89fb3,2026-09-08T05:36:24+00:00,303,150,114,88,8.629,6.600000000000023,19,fit:8a75cee6164235add2ce2b8c9e55cf1b077c18fcb8e48a1a967d0a06c8f89fb3:segment:003,3,4766.0,4684,activities/128_260908061657.csv,1,1,0,0
fit:8a75cee6164235add2ce2b8c9e55cf1b077c18fcb8e48a1a967d0a06c8f89fb3,2026-09-08T05:36:25+00:00,304,150,114,88,8.571,6.600000000000023,19,fit:8a75cee6164235add2ce2b8c9e55cf1b077c18fcb8e48a1a967d0a06c8f89fb3:segment:003,3,4767.0,4685,activities/128_260908061657.csv,1,1,0,0
fit:8a75cee6164235add2ce2b8c9e55cf1b077c18fcb8e48a1a967d0a06c8f89fb3,2026-09-08T05:36:26+00:00,305,135,114,89,8.642,6.600000000000023,19,fit:8a75cee6164235add2ce2b8c9e55cf1b077c18fcb8e48a1a967d0a06c8f89fb3:segment:003,3,4768.0,4686,activities/128_260908061657.csv,1,1,0,0
fit:8a75cee6164235add2ce2b8c9e55cf1b077c18fcb8e48a1a967d0a06c8f89fb3,2026-09-08T05:36:27+00:00,306,148,114,89,8.723,6.199999999999989,19,fit:8a75cee6164235add2ce2b8c9e55cf1b077c18fcb8e48a1a967d0a06c8f89fb3:segment:003,3,4769.0,4687,activities/128_260908061657.csv,1,1,0,0
fit:8a75cee6164235add2ce2b8c9e55cf1b077c18fcb8e48a1a967d0a06c8f89fb3,2026-09-08T05:36:28+00:00,307,148,114,90,8.757,6.199999999999989,19,fit:8a75cee6164235add2ce2b8c9e55cf1b077c18fcb8e48a1a967d0a06c8f89fb3:segment:003,3,4770.0,4688,activities/128_260908061657.csv,1,1,0,0
fit:8a75cee6164235add2ce2b8c9e55cf1b077c18fcb8e48a1a967d0a06c8f89fb3,2026-09-08T05:36:29+00:00,308,178,114,90,8.736,6.199999999999989,19,fit:8a75cee6164235add2ce2b8c9e55cf1b077c18fcb8e48a1a967d0a06c8f89fb3:segment:003,3,4771.0,4689,activities/128_260908061657.csv,1,1,0,0
fit:8a75cee6164235add2ce2b8c9e55cf1b077c18fcb8e48a1a967d0a06c8f89fb3,2026-09-08T05:36:30+00:00,309,143,114,91,8.652,6.399999999999977,19,fit:8a75cee6164235add2ce2b8c9e55cf1b077c18fcb8e48a1a967d0a06c8f89fb3:segment:003,3,4772.0,4690,activities/128_260908061657.csv,1,1,0,0
fit:8a75cee6164235add2ce2b8c9e55cf1b077c18fcb8e48a1a967d0a06c8f89fb3,2026-09-08T05:36:31+00:00,310,133,115,91,8.685,7.199999999999989,19,fit:8a75cee6164235add2ce2b8c9e55cf1b077c18fcb8e48a1a967d0a06c8f89fb3:segment:003,3,4773.0,4691,activities/128_260908061657.csv,1,1,0,0
fit:8a75cee6164235add2ce2b8c9e55cf1b077c18fcb8e48a1a967d0a06c8f89fb3,2026-09-08T05:36:32+00:00,311,140,115,91,8.641,7.199999999999989,19,fit:8a75cee6164235add2ce2b8c9e55cf1b077c18fcb8e48a1a967d0a06c8f89fb3:segment:003,3,4774.0,4692,activities/128_260908061657.csv,1,1,0,0
fit:8a75cee6164235add2ce2b8c9e55cf1b077c18fcb8e48a1a967d0a06c8f89fb3,2026-09-08T05:36:33+00:00,312,140,115,91,8.722,7.199999999999989,19,fit:8a75cee6164235add2ce2b8c9e55cf1b077c18fcb8e48a1a967d0a06c8f89fb3:segment:003,3,4775.0,4693,activities/128_260908061657.csv,1,1,0,0
fit:8a75cee6164235add2ce2b8c9e55cf1b077c18fcb8e48a1a967d0a06c8f89fb3,2026-09-08T05:36:34+00:00,313,58,115,91,8.753,7.199999999999989,19,fit:8a75cee6164235add2ce2b8c9e55cf1b077c18fcb8e48a1a967d0a06c8f89fb3:segment:003,3,4776.0,4694,activities/128_260908061657.csv,1,1,0,0
fit:8a75cee6164235add2ce2b8c9e55cf1b077c18fcb8e48a1a967d0a06c8f89fb3,2026-09-08T05:36:35+00:00,314,139,115,91,8.854,5.399999999999977,19,fit:8a75cee6164235add2ce2b8c9e55cf1b077c18fcb8e48a1a967d0a06c8f89fb3:segment:003,3,4777.0,4695,activities/128_260908061657.csv,1,1,0,0
fit:8a75cee6164235add2ce2b8c9e55cf1b077c18fcb8e48a1a967d0a06c8f89fb3,2026-09-08T05:36:36+00:00,315,139,115,91,8.864,5.399999999999977,19,fit:8a75cee6164235add2ce2b8c9e55cf1b077c18fcb8e48a1a967d0a06c8f89fb3:segment:003,3,4778.0,4696,activities/128_260908061657.csv,1,1,0,0
fit:8a75cee6164235add2ce2b8c9e55cf1b077c18fcb8e48a1a967d0a06c8f89fb3,2026-09-08T05:36:37+00:00,316,138,116,90,8.919,5.399999999999977,19,fit:8a75cee6164235add2ce2b8c9e55cf1b077c18fcb8e48a1a967d0a06c8f89fb3:segment:003,3,4779.0,4697,activities/128_260908061657.csv,1,1,0,0
fit:8a75cee6164235add2ce2b8c9e55cf1b077c18fcb8e48a1a967d0a06c8f89fb3,2026-09-08T05:36:38+00:00,317,131,116,90,8.915,5.800000000000011,19,fit:8a75cee6164235add2ce2b8c9e55cf1b077c18fcb8e48a1a967d0a06c8f89fb3:segment:003,3,4780.0,4698,activities/128_260908061657.csv,1,1,0,0
fit:8a75cee6164235add2ce2b8c9e55cf1b077c18fcb8e48a1a967d0a06c8f89fb3,2026-09-08T05:36:39+00:00,318,110,116,90,8.909,6.199999999999989,19,fit:8a75cee6164235add2ce2b8c9e55cf1b077c18fcb8e48a1a967d0a06c8f89fb3:segment:003,3,4781.0,4699,activities/128_260908061657.csv,1,1,0,0
fit:8a75cee6164235add2ce2b8c9e55cf1b077c18fcb8e48a1a967d0a06c8f89fb3,2026-09-08T05:36:40+00:00,319,110,116,90,8.933,6.199999999999989,19,fit:8a75cee6164235add2ce2b8c9e55cf1b077c18fcb8e48a1a967d0a06c8f89fb3:segment:003,3,4782.0,4700,activities/128_260908061657.csv,1,1,0,0
fit:8a75cee6164235add2ce2b8c9e55cf1b077c18fcb8e48a1a967d0a06c8f89fb3,2026-09-08T05:36:41+00:00,320,157,116,90,8.902,6.199999999999989,19,fit:8a75cee6164235add2ce2b8c9e55cf1b077c18fcb8e48a1a967d0a06c8f89fb3:segment:003,3,4783.0,4701,activities/128_260908061657.csv,1,1,0,0
fit:8a75cee6164235add2ce2b8c9e55cf1b077c18fcb8e48a1a967d0a06c8f89fb3,2026-09-08T05:36:42+00:00,321,133,116,90,8.88,6.199999999999989,19,fit:8a75cee6164235add2ce2b8c9e55cf1b077c18fcb8e48a1a967d0a06c8f89fb3:segment:003,3,4784.0,4702,activities/128_260908061657.csv,1,1,0,0
fit:8a75cee6164235add2ce2b8c9e55cf1b077c18fcb8e48a1a967d0a06c8f89fb3,2026-09-08T05:36:43+00:00,322,92,115,90,8.942,5.600000000000023,19,fit:8a75cee6164235add2ce2b8c9e55cf1b077c18fcb8e48a1a967d0a06c8f89fb3:segment:003,3,4785.0,4703,activities/128_260908061657.csv,1,1,0,0
fit:8a75cee6164235add2ce2b8c9e55cf1b077c18fcb8e48a1a967d0a06c8f89fb3,2026-09-08T05:36:44+00:00,323,75,115,90,8.926,5.600000000000023,19,fit:8a75cee6164235add2ce2b8c9e55cf1b077c18fcb8e48a1a967d0a06c8f89fb3:segment:003,3,4786.0,4704,activities/128_260908061657.csv,1,1,0,0
fit:8a75cee6164235add2ce2b8c9e55cf1b077c18fcb8e48a1a967d0a06c8f89fb3,2026-09-08T05:36:45+00:00,324,110,114,89,8.924,5.600000000000023,19,fit:8a75cee6164235add2ce2b8c9e55cf1b077c18fcb8e48a1a967d0a06c8f89fb3:segment:003,3,4787.0,4705,activities/128_260908061657.csv,1,1,0,0
fit:8a75cee6164235add2ce2b8c9e55cf1b077c18fcb8e48a1a967d0a06c8f89fb3,2026-09-08T05:36:46+00:00,325,111,114,88,8.911,5.600000000000023,19,fit:8a75cee6164235add2ce2b8c9e55cf1b077c18fcb8e48a1a967d0a06c8f89fb3:segment:003,3,4788.0,4706,activities/128_260908061657.csv,1,1,0,0
fit:8a75cee6164235add2ce2b8c9e55cf1b077c18fcb8e48a1a967d0a06c8f89fb3,2026-09-08T05:36:47+00:00,326,111,114,88,8.831,5.800000000000011,19,fit:8a75cee6164235add2ce2b8c9e55cf1b077c18fcb8e48a1a967d0a06c8f89fb3:segment:003,3,4789.0,4707,activities/128_260908061657.csv,1,1,0,0
fit:8a75cee6164235add2ce2b8c9e55cf1b077c18fcb8e48a1a967d0a06c8f89fb3,2026-09-08T05:36:48+00:00,327,93,113,87,8.755,5.800000000000011,19,fit:8a75cee6164235add2ce2b8c9e55cf1b077c18fcb8e48a1a967d0a06c8f89fb3:segment:003,3,4790.0,4708,activities/128_260908061657.csv,1,1,0,0
fit:8a75cee6164235add2ce2b8c9e55cf1b077c18fcb8e48a1a967d0a06c8f89fb3,2026-09-08T05:36:49+00:00,328,99,112,87,8.714,5.800000000000011,19,fit:8a75cee6164235add2ce2b8c9e55cf1b077c18fcb8e48a1a967d0a06c8f89fb3:segment:003,3,4791.0,4709,activities/128_260908061657.csv,1,1,0,0
fit:8a75cee6164235add2ce2b8c9e55cf1b077c18fcb8e48a1a967d0a06c8f89fb3,2026-09-08T05:36:50+00:00,329,108,112,86,8.61,5.199999999999989,19,fit:8a75cee6164235add2ce2b8c9e55cf1b077c18fcb8e48a1a967d0a06c8f89fb3:segment:003,3,4792.0,4710,activities/128_260908061657.csv,1,1,0,0
fit:8a75cee6164235add2ce2b8c9e55cf1b077c18fcb8e48a1a967d0a06c8f89fb3,2026-09-08T05:36:51+00:00,330,103,111,86,8.499,4.800000000000011,19,fit:8a75cee6164235add2ce2b8c9e55cf1b077c18fcb8e48a1a967d0a06c8f89fb3:segment:003,3,4793.0,4711,activities/128_260908061657.csv,1,1,0,0
fit:8a75cee6164235add2ce2b8c9e55cf1b077c18fcb8e48a1a967d0a06c8f89fb3,2026-09-08T05:36:52+00:00,331,103,111,86,8.476,4.800000000000011,19,fit:8a75cee6164235add2ce2b8c9e55cf1b077c18fcb8e48a1a967d0a06c8f89fb3:segment:003,3,4794.0,4712,activities/128_260908061657.csv,1,1,0,0
fit:8a75cee6164235add2ce2b8c9e55cf1b077c18fcb8e48a1a967d0a06c8f89fb3,2026-09-08T05:36:53+00:00,332,116,111,85,8.388,4.800000000000011,19,fit:8a75cee6164235add2ce2b8c9e55cf1b077c18fcb8e48a1a967d0a06c8f89fb3:segment:003,3,4795.0,4713,activities/128_260908061657.csv,1,1,0,0
fit:8a75cee6164235add2ce2b8c9e55cf1b077c18fcb8e48a1a967d0a06c8f89fb3,2026-09-08T05:36:54+00:00,333,141,111,85,8.309,5.0,19,fit:8a75cee6164235add2ce2b8c9e55cf1b077c18fcb8e48a1a967d0a06c8f89fb3:segment:003,3,4796.0,4714,activities/128_260908061657.csv,1,1,0,0
fit:8a75cee6164235add2ce2b8c9e55cf1b077c18fcb8e48a1a967d0a06c8f89fb3,2026-09-08T05:36:55+00:00,334,98,111,84,8.247,5.399999999999977,19,fit:8a75cee6164235add2ce2b8c9e55cf1b077c18fcb8e48a1a967d0a06c8f89fb3:segment:003,3,4797.0,4715,activities/128_260908061657.csv,1,1,0,0
fit:8a75cee6164235add2ce2b8c9e55cf1b077c18fcb8e48a1a967d0a06c8f89fb3,2026-09-08T05:36:56+00:00,335,72,111,83,8.205,5.399999999999977,19,fit:8a75cee6164235add2ce2b8c9e55cf1b077c18fcb8e48a1a967d0a06c8f89fb3:segment:003,3,4798.0,4716,activities/128_260908061657.csv,1,1,0,0
fit:8a75cee6164235add2ce2b8c9e55cf1b077c18fcb8e48a1a967d0a06c8f89fb3,2026-09-08T05:36:57+00:00,336,72,111,83,8.217,5.399999999999977,19,fit:8a75cee6164235add2ce2b8c9e55cf1b077c18fcb8e48a1a967d0a06c8f89fb3:segment:003,3,4799.0,4717,activities/128_260908061657.csv,1,1,0,0
fit:8a75cee6164235add2ce2b8c9e55cf1b077c18fcb8e48a1a967d0a06c8f89fb3,2026-09-08T05:36:58+00:00,337,28,110,83,8.223,5.399999999999977,19,fit:8a75cee6164235add2ce2b8c9e55cf1b077c18fcb8e48a1a967d0a06c8f89fb3:segment:003,3,4800.0,4718,activities/128_260908061657.csv,1,1,0,0
fit:8a75cee6164235add2ce2b8c9e55cf1b077c18fcb8e48a1a967d0a06c8f89fb3,2026-09-08T05:36:59+00:00,338,28,110,25,8.119,4.800000000000011,19,fit:8a75cee6164235add2ce2b8c9e55cf1b077c18fcb8e48a1a967d0a06c8f89fb3:segment:003,3,4801.0,4719,activities/128_260908061657.csv,1,1,0,0
fit:8a75cee6164235add2ce2b8c9e55cf1b077c18fcb8e48a1a967d0a06c8f89fb3,2026-09-08T05:37:00+00:00,339,108,109,80,7.969,4.800000000000011,19,fit:8a75cee6164235add2ce2b8c9e55cf1b077c18fcb8e48a1a967d0a06c8f89fb3:segment:003,3,4802.0,4720,activities/128_260908061657.csv,1,1,0,0
fit:8a75cee6164235add2ce2b8c9e55cf1b077c18fcb8e48a1a967d0a06c8f89fb3,2026-09-08T05:37:01+00:00,340,65,109,80,7.98,4.800000000000011,19,fit:8a75cee6164235add2ce2b8c9e55cf1b077c18fcb8e48a1a967d0a06c8f89fb3:segment:003,3,4803.0,4721,activities/128_260908061657.csv,1,1,0,0
fit:8a75cee6164235add2ce2b8c9e55cf1b077c18fcb8e48a1a967d0a06c8f89fb3,2026-09-08T05:37:02+00:00,341,65,108,80,7.815,4.800000000000011,19,fit:8a75cee6164235add2ce2b8c9e55cf1b077c18fcb8e48a1a967d0a06c8f89fb3:segment:003,3,4804.0,4722,activities/128_260908061657.csv,1,1,0,0
fit:8a75cee6164235add2ce2b8c9e55cf1b077c18fcb8e48a1a967d0a06c8f89fb3,2026-09-08T05:37:03+00:00,342,65,108,80,7.598,5.600000000000023,19,fit:8a75cee6164235add2ce2b8c9e55cf1b077c18fcb8e48a1a967d0a06c8f89fb3:segment:003,3,4805.0,4723,activities/128_260908061657.csv,1,1,0,0
fit:8a75cee6164235add2ce2b8c9e55cf1b077c18fcb8e48a1a967d0a06c8f89fb3,2026-09-08T05:37:04+00:00,343,65,108,80,7.536,5.600000000000023,19,fit:8a75cee6164235add2ce2b8c9e55cf1b077c18fcb8e48a1a967d0a06c8f89fb3:segment:003,3,4806.0,4724,activities/128_260908061657.csv,1,1,0,0
fit:8a75cee6164235add2ce2b8c9e55cf1b077c18fcb8e48a1a967d0a06c8f89fb3,2026-09-08T05:37:05+00:00,344,65,107,80,7.227,5.600000000000023,19,fit:8a75cee6164235add2ce2b8c9e55cf1b077c18fcb8e48a1a967d0a06c8f89fb3:segment:003,3,4807.0,4725,activities/128_260908061657.csv,1,1,0,0
fit:8a75cee6164235add2ce2b8c9e55cf1b077c18fcb8e48a1a967d0a06c8f89fb3,2026-09-08T05:37:06+00:00,345,0,106,0,6.9,6.0,19,fit:8a75cee6164235add2ce2b8c9e55cf1b077c18fcb8e48a1a967d0a06c8f89fb3:segment:003,3,4808.0,4726,activities/128_260908061657.csv,1,1,0,0
fit:8a75cee6164235add2ce2b8c9e55cf1b077c18fcb8e48a1a967d0a06c8f89fb3,2026-09-08T05:37:07+00:00,346,0,105,0,6.352,6.199999999999989,19,fit:8a75cee6164235add2ce2b8c9e55cf1b077c18fcb8e48a1a967d0a06c8f89fb3:segment:003,3,4809.0,4727,activities/128_260908061657.csv,1,1,0,0
fit:8a75cee6164235add2ce2b8c9e55cf1b077c18fcb8e48a1a967d0a06c8f89fb3,2026-09-08T05:37:08+00:00,347,0,104,0,5.641,6.199999999999989,19,fit:8a75cee6164235add2ce2b8c9e55cf1b077c18fcb8e48a1a967d0a06c8f89fb3:segment:003,3,4810.0,4728,activities/128_260908061657.csv,1,1,0,0
fit:8a75cee6164235add2ce2b8c9e55cf1b077c18fcb8e48a1a967d0a06c8f89fb3,2026-09-08T05:37:09+00:00,348,0,104,0,4.451,6.199999999999989,19,fit:8a75cee6164235add2ce2b8c9e55cf1b077c18fcb8e48a1a967d0a06c8f89fb3:segment:003,3,4811.0,4729,activities/128_260908061657.csv,1,1,0,0
fit:8a75cee6164235add2ce2b8c9e55cf1b077c18fcb8e48a1a967d0a06c8f89fb3,2026-09-08T05:37:10+00:00,349,0,102,0,3.636,6.800000000000011,19,fit:8a75cee6164235add2ce2b8c9e55cf1b077c18fcb8e48a1a967d0a06c8f89fb3:segment:003,3,4812.0,4730,activities/128_260908061657.csv,1,1,0,0
fit:8a75cee6164235add2ce2b8c9e55cf1b077c18fcb8e48a1a967d0a06c8f89fb3,2026-09-08T05:37:11+00:00,350,161,102,0,3.067,6.0,19,fit:8a75cee6164235add2ce2b8c9e55cf1b077c18fcb8e48a1a967d0a06c8f89fb3:segment:003,3,4813.0,4731,activities/128_260908061657.csv,1,1,0,0
fit:8a75cee6164235add2ce2b8c9e55cf1b077c18fcb8e48a1a967d0a06c8f89fb3,2026-09-08T05:37:12+00:00,351,160,98,29,3.07,6.0,19,fit:8a75cee6164235add2ce2b8c9e55cf1b077c18fcb8e48a1a967d0a06c8f89fb3:segment:003,3,4814.0,4732,activities/128_260908061657.csv,1,1,0,0
fit:8a75cee6164235add2ce2b8c9e55cf1b077c18fcb8e48a1a967d0a06c8f89fb3,2026-09-08T05:37:13+00:00,352,85,97,29,3.526,6.0,19,fit:8a75cee6164235add2ce2b8c9e55cf1b077c18fcb8e48a1a967d0a06c8f89fb3:segment:003,3,4815.0,4733,activities/128_260908061657.csv,1,1,0,0
