activity_id,timestamp,elapsed_seconds,power_w,heart_rate_bpm,cadence_rpm,speed_m_s,altitude_m,temperature_c,segment_id,segment_number,source_elapsed_seconds,source_row_index,source_file,activity_split,segment_selected_from_activity,power_missing,hr_missing
fit:e132bf2d9108324574334bdc27a950c6e12105c38a576939f4ac9a4551f2fe92,2025-09-06T14:19:22+00:00,0,81,113,0,2.398,27.200000000000045,28,fit:e132bf2d9108324574334bdc27a950c6e12105c38a576939f4ac9a4551f2fe92:segment:004,4,2166.0,2043,activities/040_250906154316.csv,1,1,0,0
fit:e132bf2d9108324574334bdc27a950c6e12105c38a576939f4ac9a4551f2fe92,2025-09-06T14:19:23+00:00,1,259,114,34,2.827,27.200000000000045,28,fit:e132bf2d9108324574334bdc27a950c6e12105c38a576939f4ac9a4551f2fe92:segment:004,4,2167.0,2044,activities/040_250906154316.csv,1,1,0,0
fit:e132bf2d9108324574334bdc27a950c6e12105c38a576939f4ac9a4551f2fe92,2025-09-06T14:19:24+00:00,2,292,115,46,3.487,27.200000000000045,28,fit:e132bf2d9108324574334bdc27a950c6e12105c38a576939f4ac9a4551f2fe92:segment:004,4,2168.0,2045,activities/040_250906154316.csv,1,1,0,0
fit:e132bf2d9108324574334bdc27a950c6e12105c38a576939f4ac9a4551f2fe92,2025-09-06T14:19:25+00:00,3,298,116,46,4.068,27.200000000000045,28,fit:e132bf2d9108324574334bdc27a950c6e12105c38a576939f4ac9a4551f2fe92:segment:004,4,2169.0,2046,activities/040_250906154316.csv,1,1,0,0
fit:e132bf2d9108324574334bdc27a950c6e12105c38a576939f4ac9a4551f2fe92,2025-09-06T14:19:26+00:00,4,299,116,55,4.923,27.200000000000045,28,fit:e132bf2d9108324574334bdc27a950c6e12105c38a576939f4ac9a4551f2fe92:segment:004,4,2170.0,2047,activities/040_250906154316.csv,1,1,0,0
fit:e132bf2d9108324574334bdc27a950c6e12105c38a576939f4ac9a4551f2fe92,2025-09-06T14:19:27+00:00,5,324,116,70,5.66,26.200000000000045,28,fit:e132bf2d9108324574334bdc27a950c6e12105c38a576939f4ac9a4551f2fe92:segment:004,4,2171.0,2048,activities/040_250906154316.csv,1,1,0,0
fit:e132bf2d9108324574334bdc27a950c6e12105c38a576939f4ac9a4551f2fe92,2025-09-06T14:19:28+00:00,6,352,117,76,6.434,25.600000000000023,28,fit:e132bf2d9108324574334bdc27a950c6e12105c38a576939f4ac9a4551f2fe92:segment:004,4,2172.0,2049,activities/040_250906154316.csv,1,1,0,0
fit:e132bf2d9108324574334bdc27a950c6e12105c38a576939f4ac9a4551f2fe92,2025-09-06T14:19:29+00:00,7,352,118,76,7.074,25.200000000000045,28,fit:e132bf2d9108324574334bdc27a950c6e12105c38a576939f4ac9a4551f2fe92:segment:004,4,2173.0,2050,activities/040_250906154316.csv,1,1,0,0
fit:e132bf2d9108324574334bdc27a950c6e12105c38a576939f4ac9a4551f2fe92,2025-09-06T14:19:30+00:00,8,405,118,87,7.85,24.399999999999977,28,fit:e132bf2d9108324574334bdc27a950c6e12105c38a576939f4ac9a4551f2fe92:segment:004,4,2174.0,2051,activities/040_250906154316.csv,1,1,0,0
fit:e132bf2d9108324574334bdc27a950c6e12105c38a576939f4ac9a4551f2fe92,2025-09-06T14:19:31+00:00,9,405,119,87,8.391,24.399999999999977,28,fit:e132bf2d9108324574334bdc27a950c6e12105c38a576939f4ac9a4551f2fe92:segment:004,4,2175.0,2052,activities/040_250906154316.csv,1,1,0,0
fit:e132bf2d9108324574334bdc27a950c6e12105c38a576939f4ac9a4551f2fe92,2025-09-06T14:19:32+00:00,10,188,121,61,8.551,24.399999999999977,28,fit:e132bf2d9108324574334bdc27a950c6e12105c38a576939f4ac9a4551f2fe92:segment:004,4,2176.0,2053,activities/040_250906154316.csv,1,1,0,0
fit:e132bf2d9108324574334bdc27a950c6e12105c38a576939f4ac9a4551f2fe92,2025-09-06T14:19:33+00:00,11,200,121,91,8.689,24.399999999999977,28,fit:e132bf2d9108324574334bdc27a950c6e12105c38a576939f4ac9a4551f2fe92:segment:004,4,2177.0,2054,activities/040_250906154316.csv,1,1,0,0
fit:e132bf2d9108324574334bdc27a950c6e12105c38a576939f4ac9a4551f2fe92,2025-09-06T14:19:34+00:00,12,200,123,92,8.777,23.799999999999955,28,fit:e132bf2d9108324574334bdc27a950c6e12105c38a576939f4ac9a4551f2fe92:segment:004,4,2178.0,2055,activities/040_250906154316.csv,1,1,0,0
fit:e132bf2d9108324574334bdc27a950c6e12105c38a576939f4ac9a4551f2fe92,2025-09-06T14:19:35+00:00,13,191,125,93,8.949,22.799999999999955,28,fit:e132bf2d9108324574334bdc27a950c6e12105c38a576939f4ac9a4551f2fe92:segment:004,4,2179.0,2056,activities/040_250906154316.csv,1,1,0,0
fit:e132bf2d9108324574334bdc27a950c6e12105c38a576939f4ac9a4551f2fe92,2025-09-06T14:19:36+00:00,14,211,125,93,9.058,22.799999999999955,28,fit:e132bf2d9108324574334bdc27a950c6e12105c38a576939f4ac9a4551f2fe92:segment:004,4,2180.0,2057,activities/040_250906154316.csv,1,1,0,0
fit:e132bf2d9108324574334bdc27a950c6e12105c38a576939f4ac9a4551f2fe92,2025-09-06T14:19:37+00:00,15,214,126,93,9.086,22.799999999999955,28,fit:e132bf2d9108324574334bdc27a950c6e12105c38a576939f4ac9a4551f2fe92:segment:004,4,2181.0,2058,activities/040_250906154316.csv,1,1,0,0
fit:e132bf2d9108324574334bdc27a950c6e12105c38a576939f4ac9a4551f2fe92,2025-09-06T14:19:38+00:00,16,199,128,93,9.15,22.799999999999955,28,fit:e132bf2d9108324574334bdc27a950c6e12105c38a576939f4ac9a4551f2fe92:segment:004,4,2182.0,2059,activities/040_250906154316.csv,1,1,0,0
fit:e132bf2d9108324574334bdc27a950c6e12105c38a576939f4ac9a4551f2fe92,2025-09-06T14:19:39+00:00,17,189,129,93,9.148,22.799999999999955,28,fit:e132bf2d9108324574334bdc27a950c6e12105c38a576939f4ac9a4551f2fe92:segment:004,4,2183.0,2060,activities/040_250906154316.csv,1,1,0,0
fit:e132bf2d9108324574334bdc27a950c6e12105c38a576939f4ac9a4551f2fe92,2025-09-06T14:19:40+00:00,18,190,129,93,9.165,22.799999999999955,28,fit:e132bf2d9108324574334bdc27a950c6e12105c38a576939f4ac9a4551f2fe92:segment:004,4,2184.0,2061,activities/040_250906154316.csv,1,1,0,0
fit:e132bf2d9108324574334bdc27a950c6e12105c38a576939f4ac9a4551f2fe92,2025-09-06T14:19:41+00:00,19,184,130,93,9.212,22.399999999999977,28,fit:e132bf2d9108324574334bdc27a950c6e12105c38a576939f4ac9a4551f2fe92:segment:004,4,2185.0,2062,activities/040_250906154316.csv,1,1,0,0
fit:e132bf2d9108324574334bdc27a950c6e12105c38a576939f4ac9a4551f2fe92,2025-09-06T14:19:42+00:00,20,162,131,92,9.158,22.399999999999977,29,fit:e132bf2d9108324574334bdc27a950c6e12105c38a576939f4ac9a4551f2fe92:segment:004,4,2186.0,2063,activities/040_250906154316.csv,1,1,0,0
fit:e132bf2d9108324574334bdc27a950c6e12105c38a576939f4ac9a4551f2fe92,2025-09-06T14:19:43+00:00,21,205,132,93,9.105,22.399999999999977,28,fit:e132bf2d9108324574334bdc27a950c6e12105c38a576939f4ac9a4551f2fe92:segment:004,4,2187.0,2064,activities/040_250906154316.csv,1,1,0,0
fit:e132bf2d9108324574334bdc27a950c6e12105c38a576939f4ac9a4551f2fe92,2025-09-06T14:19:44+00:00,22,203,133,93,9.043,22.799999999999955,29,fit:e132bf2d9108324574334bdc27a950c6e12105c38a576939f4ac9a4551f2fe92:segment:004,4,2188.0,2065,activities/040_250906154316.csv,1,1,0,0
fit:e132bf2d9108324574334bdc27a950c6e12105c38a576939f4ac9a4551f2fe92,2025-09-06T14:19:45+00:00,23,204,133,91,9.013,22.799999999999955,29,fit:e132bf2d9108324574334bdc27a950c6e12105c38a576939f4ac9a4551f2fe92:segment:004,4,2189.0,2066,activities/040_250906154316.csv,1,1,0,0
fit:e132bf2d9108324574334bdc27a950c6e12105c38a576939f4ac9a4551f2fe92,2025-09-06T14:19:46+00:00,24,214,135,90,8.863,22.799999999999955,29,fit:e132bf2d9108324574334bdc27a950c6e12105c38a576939f4ac9a4551f2fe92:segment:004,4,2190.0,2067,activities/040_250906154316.csv,1,1,0,0
fit:e132bf2d9108324574334bdc27a950c6e12105c38a576939f4ac9a4551f2fe92,2025-09-06T14:19:47+00:00,25,234,135,90,8.805,22.799999999999955,29,fit:e132bf2d9108324574334bdc27a950c6e12105c38a576939f4ac9a4551f2fe92:segment:004,4,2191.0,2068,activities/040_250906154316.csv,1,1,0,0
fit:e132bf2d9108324574334bdc27a950c6e12105c38a576939f4ac9a4551f2fe92,2025-09-06T14:19:48+00:00,26,237,136,89,8.722,22.799999999999955,29,fit:e132bf2d9108324574334bdc27a950c6e12105c38a576939f4ac9a4551f2fe92:segment:004,4,2192.0,2069,activities/040_250906154316.csv,1,1,0,0
fit:e132bf2d9108324574334bdc27a950c6e12105c38a576939f4ac9a4551f2fe92,2025-09-06T14:19:49+00:00,27,245,136,89,8.674,23.799999999999955,29,fit:e132bf2d9108324574334bdc27a950c6e12105c38a576939f4ac9a4551f2fe92:segment:004,4,2193.0,2070,activities/040_250906154316.csv,1,1,0,0
fit:e132bf2d9108324574334bdc27a950c6e12105c38a576939f4ac9a4551f2fe92,2025-09-06T14:19:50+00:00,28,290,136,89,8.634,23.799999999999955,29,fit:e132bf2d9108324574334bdc27a950c6e12105c38a576939f4ac9a4551f2fe92:segment:004,4,2194.0,2071,activities/040_250906154316.csv,1,1,0,0
fit:e132bf2d9108324574334bdc27a950c6e12105c38a576939f4ac9a4551f2fe92,2025-09-06T14:19:51+00:00,29,290,138,88,8.698,23.799999999999955,29,fit:e132bf2d9108324574334bdc27a950c6e12105c38a576939f4ac9a4551f2fe92:segment:004,4,2195.0,2072,activities/040_250906154316.csv,1,1,0,0
fit:e132bf2d9108324574334bdc27a950c6e12105c38a576939f4ac9a4551f2fe92,2025-09-06T14:19:52+00:00,30,313,139,89,8.718,23.799999999999955,29,fit:e132bf2d9108324574334bdc27a950c6e12105c38a576939f4ac9a4551f2fe92:segment:004,4,2196.0,2073,activities/040_250906154316.csv,1,1,0,0
fit:e132bf2d9108324574334bdc27a950c6e12105c38a576939f4ac9a4551f2fe92,2025-09-06T14:19:53+00:00,31,278,140,89,8.783,23.799999999999955,29,fit:e132bf2d9108324574334bdc27a950c6e12105c38a576939f4ac9a4551f2fe92:segment:004,4,2197.0,2074,activities/040_250906154316.csv,1,1,0,0
fit:e132bf2d9108324574334bdc27a950c6e12105c38a576939f4ac9a4551f2fe92,2025-09-06T14:19:54+00:00,32,263,141,89,8.722,23.799999999999955,29,fit:e132bf2d9108324574334bdc27a950c6e12105c38a576939f4ac9a4551f2fe92:segment:004,4,2198.0,2075,activities/040_250906154316.csv,1,1,0,0
fit:e132bf2d9108324574334bdc27a950c6e12105c38a576939f4ac9a4551f2fe92,2025-09-06T14:19:55+00:00,33,263,141,89,8.705,24.0,29,fit:e132bf2d9108324574334bdc27a950c6e12105c38a576939f4ac9a4551f2fe92:segment:004,4,2199.0,2076,activities/040_250906154316.csv,1,1,0,0
fit:e132bf2d9108324574334bdc27a950c6e12105c38a576939f4ac9a4551f2fe92,2025-09-06T14:19:56+00:00,34,235,142,89,8.696,24.0,29,fit:e132bf2d9108324574334bdc27a950c6e12105c38a576939f4ac9a4551f2fe92:segment:004,4,2200.0,2077,activities/040_250906154316.csv,1,1,0,0
fit:e132bf2d9108324574334bdc27a950c6e12105c38a576939f4ac9a4551f2fe92,2025-09-06T14:19:57+00:00,35,239,142,90,8.727,24.0,29,fit:e132bf2d9108324574334bdc27a950c6e12105c38a576939f4ac9a4551f2fe92:segment:004,4,2201.0,2078,activities/040_250906154316.csv,1,1,0,0
fit:e132bf2d9108324574334bdc27a950c6e12105c38a576939f4ac9a4551f2fe92,2025-09-06T14:19:58+00:00,36,268,143,90,8.826,24.0,29,fit:e132bf2d9108324574334bdc27a950c6e12105c38a576939f4ac9a4551f2fe92:segment:004,4,2202.0,2079,activities/040_250906154316.csv,1,1,0,0
fit:e132bf2d9108324574334bdc27a950c6e12105c38a576939f4ac9a4551f2fe92,2025-09-06T14:19:59+00:00,37,268,143,90,8.824,24.0,29,fit:e132bf2d9108324574334bdc27a950c6e12105c38a576939f4ac9a4551f2fe92:segment:004,4,2203.0,2080,activities/040_250906154316.csv,1,1,0,0
fit:e132bf2d9108324574334bdc27a950c6e12105c38a576939f4ac9a4551f2fe92,2025-09-06T14:20:00+00:00,38,242,143,91,8.868,24.0,29,fit:e132bf2d9108324574334bdc27a950c6e12105c38a576939f4ac9a4551f2fe92:segment:004,4,2204.0,2081,activities/040_250906154316.csv,1,1,0,0
fit:e132bf2d9108324574334bdc27a950c6e12105c38a576939f4ac9a4551f2fe92,2025-09-06T14:20:01+00:00,39,295,143,91,8.867,24.0,29,fit:e132bf2d9108324574334bdc27a950c6e12105c38a576939f4ac9a4551f2fe92:segment:004,4,2205.0,2082,activities/040_250906154316.csv,1,1,0,0
fit:e132bf2d9108324574334bdc27a950c6e12105c38a576939f4ac9a4551f2fe92,2025-09-06T14:20:02+00:00,40,278,143,92,8.842,24.0,29,fit:e132bf2d9108324574334bdc27a950c6e12105c38a576939f4ac9a4551f2fe92:segment:004,4,2206.0,2083,activities/040_250906154316.csv,1,1,0,0
fit:e132bf2d9108324574334bdc27a950c6e12105c38a576939f4ac9a4551f2fe92,2025-09-06T14:20:03+00:00,41,250,144,92,8.983,24.0,29,fit:e132bf2d9108324574334bdc27a950c6e12105c38a576939f4ac9a4551f2fe92:segment:004,4,2207.0,2084,activities/040_250906154316.csv,1,1,0,0
fit:e132bf2d9108324574334bdc27a950c6e12105c38a576939f4ac9a4551f2fe92,2025-09-06T14:20:04+00:00,42,256,145,92,9.009,24.0,29,fit:e132bf2d9108324574334bdc27a950c6e12105c38a576939f4ac9a4551f2fe92:segment:004,4,2208.0,2085,activities/040_250906154316.csv,1,1,0,0
fit:e132bf2d9108324574334bdc27a950c6e12105c38a576939f4ac9a4551f2fe92,2025-09-06T14:20:05+00:00,43,265,145,92,8.947,24.0,29,fit:e132bf2d9108324574334bdc27a950c6e12105c38a576939f4ac9a4551f2fe92:segment:004,4,2209.0,2086,activities/040_250906154316.csv,1,1,0,0
fit:e132bf2d9108324574334bdc27a950c6e12105c38a576939f4ac9a4551f2fe92,2025-09-06T14:20:06+00:00,44,238,146,92,8.912,24.0,29,fit:e132bf2d9108324574334bdc27a950c6e12105c38a576939f4ac9a4551f2fe92:segment:004,4,2210.0,2087,activities/040_250906154316.csv,1,1,0,0
fit:e132bf2d9108324574334bdc27a950c6e12105c38a576939f4ac9a4551f2fe92,2025-09-06T14:20:07+00:00,45,197,147,92,9.099,24.0,29,fit:e132bf2d9108324574334bdc27a950c6e12105c38a576939f4ac9a4551f2fe92:segment:004,4,2211.0,2088,activities/040_250906154316.csv,1,1,0,0
fit:e132bf2d9108324574334bdc27a950c6e12105c38a576939f4ac9a4551f2fe92,2025-09-06T14:20:08+00:00,46,209,148,91,9.107,24.200000000000045,29,fit:e132bf2d9108324574334bdc27a950c6e12105c38a576939f4ac9a4551f2fe92:segment:004,4,2212.0,2089,activities/040_250906154316.csv,1,1,0,0
fit:e132bf2d9108324574334bdc27a950c6e12105c38a576939f4ac9a4551f2fe92,2025-09-06T14:20:09+00:00,47,210,149,91,9.039,24.200000000000045,29,fit:e132bf2d9108324574334bdc27a950c6e12105c38a576939f4ac9a4551f2fe92:segment:004,4,2213.0,2090,activities/040_250906154316.csv,1,1,0,0
fit:e132bf2d9108324574334bdc27a950c6e12105c38a576939f4ac9a4551f2fe92,2025-09-06T14:20:10+00:00,48,241,151,91,9.012,24.200000000000045,29,fit:e132bf2d9108324574334bdc27a950c6e12105c38a576939f4ac9a4551f2fe92:segment:004,4,2214.0,2091,activities/040_250906154316.csv,1,1,0,0
fit:e132bf2d9108324574334bdc27a950c6e12105c38a576939f4ac9a4551f2fe92,2025-09-06T14:20:11+00:00,49,198,152,91,9.07,24.200000000000045,29,fit:e132bf2d9108324574334bdc27a950c6e12105c38a576939f4ac9a4551f2fe92:segment:004,4,2215.0,2092,activities/040_250906154316.csv,1,1,0,0
fit:e132bf2d9108324574334bdc27a950c6e12105c38a576939f4ac9a4551f2fe92,2025-09-06T14:20:12+00:00,50,188,152,91,9.048,24.200000000000045,28,fit:e132bf2d9108324574334bdc27a950c6e12105c38a576939f4ac9a4551f2fe92:segment:004,4,2216.0,2093,activities/040_250906154316.csv,1,1,0,0
fit:e132bf2d9108324574334bdc27a950c6e12105c38a576939f4ac9a4551f2fe92,2025-09-06T14:20:13+00:00,51,203,153,91,8.977,24.200000000000045,28,fit:e132bf2d9108324574334bdc27a950c6e12105c38a576939f4ac9a4551f2fe92:segment:004,4,2217.0,2094,activities/040_250906154316.csv,1,1,0,0
fit:e132bf2d9108324574334bdc27a950c6e12105c38a576939f4ac9a4551f2fe92,2025-09-06T14:20:14+00:00,52,216,153,91,8.948,24.399999999999977,28,fit:e132bf2d9108324574334bdc27a950c6e12105c38a576939f4ac9a4551f2fe92:segment:004,4,2218.0,2095,activities/040_250906154316.csv,1,1,0,0
fit:e132bf2d9108324574334bdc27a950c6e12105c38a576939f4ac9a4551f2fe92,2025-09-06T14:20:15+00:00,53,216,153,91,8.965,24.799999999999955,28,fit:e132bf2d9108324574334bdc27a950c6e12105c38a576939f4ac9a4551f2fe92:segment:004,4,2219.0,2096,activities/040_250906154316.csv,1,1,0,0
fit:e132bf2d9108324574334bdc27a950c6e12105c38a576939f4ac9a4551f2fe92,2025-09-06T14:20:16+00:00,54,236,153,91,8.954,24.799999999999955,28,fit:e132bf2d9108324574334bdc27a950c6e12105c38a576939f4ac9a4551f2fe92:segment:004,4,2220.0,2097,activities/040_250906154316.csv,1,1,0,0
fit:e132bf2d9108324574334bdc27a950c6e12105c38a576939f4ac9a4551f2fe92,2025-09-06T14:20:17+00:00,55,221,153,92,8.97,24.799999999999955,28,fit:e132bf2d9108324574334bdc27a950c6e12105c38a576939f4ac9a4551f2fe92:segment:004,4,2221.0,2098,activities/040_250906154316.csv,1,1,0,0
fit:e132bf2d9108324574334bdc27a950c6e12105c38a576939f4ac9a4551f2fe92,2025-09-06T14:20:18+00:00,56,208,153,92,9.034,24.799999999999955,28,fit:e132bf2d9108324574334bdc27a950c6e12105c38a576939f4ac9a4551f2fe92:segment:004,4,2222.0,2099,activities/040_250906154316.csv,1,1,0,0
fit:e132bf2d9108324574334bdc27a950c6e12105c38a576939f4ac9a4551f2fe92,2025-09-06T14:20:19+00:00,57,214,153,92,9.027,24.799999999999955,28,fit:e132bf2d9108324574334bdc27a950c6e12105c38a576939f4ac9a4551f2fe92:segment:004,4,2223.0,2100,activities/040_250906154316.csv,1,1,0,0
fit:e132bf2d9108324574334bdc27a950c6e12105c38a576939f4ac9a4551f2fe92,2025-09-06T14:20:20+00:00,58,225,153,92,8.955,24.399999999999977,28,fit:e132bf2d9108324574334bdc27a950c6e12105c38a576939f4ac9a4551f2fe92:segment:004,4,2224.0,2101,activities/040_250906154316.csv,1,1,0,0
fit:e132bf2d9108324574334bdc27a950c6e12105c38a576939f4ac9a4551f2fe92,2025-09-06T14:20:21+00:00,59,243,152,92,8.96,24.200000000000045,28,fit:e132bf2d9108324574334bdc27a950c6e12105c38a576939f4ac9a4551f2fe92:segment:004,4,2225.0,2102,activities/040_250906154316.csv,1,1,0,0
fit:e132bf2d9108324574334bdc27a950c6e12105c38a576939f4ac9a4551f2fe92,2025-09-06T14:20:22+00:00,60,199,152,92,9.026,24.200000000000045,28,fit:e132bf2d9108324574334bdc27a950c6e12105c38a576939f4ac9a4551f2fe92:segment:004,4,2226.0,2103,activities/040_250906154316.csv,1,1,0,0
fit:e132bf2d9108324574334bdc27a950c6e12105c38a576939f4ac9a4551f2fe92,2025-09-06T14:20:23+00:00,61,216,151,92,9.053,24.200000000000045,28,fit:e132bf2d9108324574334bdc27a950c6e12105c38a576939f4ac9a4551f2fe92:segment:004,4,2227.0,2104,activities/040_250906154316.csv,1,1,0,0
fit:e132bf2d9108324574334bdc27a950c6e12105c38a576939f4ac9a4551f2fe92,2025-09-06T14:20:24+00:00,62,182,151,91,9.047,24.200000000000045,28,fit:e132bf2d9108324574334bdc27a950c6e12105c38a576939f4ac9a4551f2fe92:segment:004,4,2228.0,2105,activities/040_250906154316.csv,1,1,0,0
fit:e132bf2d9108324574334bdc27a950c6e12105c38a576939f4ac9a4551f2fe92,2025-09-06T14:20:25+00:00,63,186,151,91,9.095,24.200000000000045,28,fit:e132bf2d9108324574334bdc27a950c6e12105c38a576939f4ac9a4551f2fe92:segment:004,4,2229.0,2106,activities/040_250906154316.csv,1,1,0,0
fit:e132bf2d9108324574334bdc27a950c6e12105c38a576939f4ac9a4551f2fe92,2025-09-06T14:20:26+00:00,64,174,151,91,9.02,24.200000000000045,28,fit:e132bf2d9108324574334bdc27a950c6e12105c38a576939f4ac9a4551f2fe92:segment:004,4,2230.0,2107,activities/040_250906154316.csv,1,1,0,0
fit:e132bf2d9108324574334bdc27a950c6e12105c38a576939f4ac9a4551f2fe92,2025-09-06T14:20:27+00:00,65,184,151,90,8.897,24.600000000000023,28,fit:e132bf2d9108324574334bdc27a950c6e12105c38a576939f4ac9a4551f2fe92:segment:004,4,2231.0,2108,activities/040_250906154316.csv,1,1,0,0
fit:e132bf2d9108324574334bdc27a950c6e12105c38a576939f4ac9a4551f2fe92,2025-09-06T14:20:28+00:00,66,216,151,91,8.889,25.399999999999977,28,fit:e132bf2d9108324574334bdc27a950c6e12105c38a576939f4ac9a4551f2fe92:segment:004,4,2232.0,2109,activities/040_250906154316.csv,1,1,0,0
fit:e132bf2d9108324574334bdc27a950c6e12105c38a576939f4ac9a4551f2fe92,2025-09-06T14:20:29+00:00,67,226,151,91,8.918,25.399999999999977,28,fit:e132bf2d9108324574334bdc27a950c6e12105c38a576939f4ac9a4551f2fe92:segment:004,4,2233.0,2110,activities/040_250906154316.csv,1,1,0,0
fit:e132bf2d9108324574334bdc27a950c6e12105c38a576939f4ac9a4551f2fe92,2025-09-06T14:20:30+00:00,68,226,150,91,8.911,25.399999999999977,28,fit:e132bf2d9108324574334bdc27a950c6e12105c38a576939f4ac9a4551f2fe92:segment:004,4,2234.0,2111,activities/040_250906154316.csv,1,1,0,0
fit:e132bf2d9108324574334bdc27a950c6e12105c38a576939f4ac9a4551f2fe92,2025-09-06T14:20:31+00:00,69,190,150,91,8.921,24.799999999999955,28,fit:e132bf2d9108324574334bdc27a950c6e12105c38a576939f4ac9a4551f2fe92:segment:004,4,2235.0,2112,activities/040_250906154316.csv,1,1,0,0
fit:e132bf2d9108324574334bdc27a950c6e12105c38a576939f4ac9a4551f2fe92,2025-09-06T14:20:32+00:00,70,211,150,91,8.924,24.0,28,fit:e132bf2d9108324574334bdc27a950c6e12105c38a576939f4ac9a4551f2fe92:segment:004,4,2236.0,2113,activities/040_250906154316.csv,1,1,0,0
fit:e132bf2d9108324574334bdc27a950c6e12105c38a576939f4ac9a4551f2fe92,2025-09-06T14:20:33+00:00,71,207,149,91,8.968,24.0,28,fit:e132bf2d9108324574334bdc27a950c6e12105c38a576939f4ac9a4551f2fe92:segment:004,4,2237.0,2114,activities/040_250906154316.csv,1,1,0,0
fit:e132bf2d9108324574334bdc27a950c6e12105c38a576939f4ac9a4551f2fe92,2025-09-06T14:20:34+00:00,72,221,148,92,8.927,24.0,28,fit:e132bf2d9108324574334bdc27a950c6e12105c38a576939f4ac9a4551f2fe92:segment:004,4,2238.0,2115,activities/040_250906154316.csv,1,1,0,0
fit:e132bf2d9108324574334bdc27a950c6e12105c38a576939f4ac9a4551f2fe92,2025-09-06T14:20:35+00:00,73,225,147,92,8.972,24.200000000000045,28,fit:e132bf2d9108324574334bdc27a950c6e12105c38a576939f4ac9a4551f2fe92:segment:004,4,2239.0,2116,activities/040_250906154316.csv,1,1,0,0
fit:e132bf2d9108324574334bdc27a950c6e12105c38a576939f4ac9a4551f2fe92,2025-09-06T14:20:36+00:00,74,210,147,92,9.0,25.200000000000045,28,fit:e132bf2d9108324574334bdc27a950c6e12105c38a576939f4ac9a4551f2fe92:segment:004,4,2240.0,2117,activities/040_250906154316.csv,1,1,0,0
fit:e132bf2d9108324574334bdc27a950c6e12105c38a576939f4ac9a4551f2fe92,2025-09-06T14:20:37+00:00,75,204,146,93,9.045,25.200000000000045,28,fit:e132bf2d9108324574334bdc27a950c6e12105c38a576939f4ac9a4551f2fe92:segment:004,4,2241.0,2118,activities/040_250906154316.csv,1,1,0,0
fit:e132bf2d9108324574334bdc27a950c6e12105c38a576939f4ac9a4551f2fe92,2025-09-06T14:20:38+00:00,76,208,146,94,9.154,25.200000000000045,28,fit:e132bf2d9108324574334bdc27a950c6e12105c38a576939f4ac9a4551f2fe92:segment:004,4,2242.0,2119,activities/040_250906154316.csv,1,1,0,0
fit:e132bf2d9108324574334bdc27a950c6e12105c38a576939f4ac9a4551f2fe92,2025-09-06T14:20:39+00:00,77,199,146,94,9.138,24.200000000000045,28,fit:e132bf2d9108324574334bdc27a950c6e12105c38a576939f4ac9a4551f2fe92:segment:004,4,2243.0,2120,activities/040_250906154316.csv,1,1,0,0
fit:e132bf2d9108324574334bdc27a950c6e12105c38a576939f4ac9a4551f2fe92,2025-09-06T14:20:40+00:00,78,199,146,94,9.22,24.200000000000045,28,fit:e132bf2d9108324574334bdc27a950c6e12105c38a576939f4ac9a4551f2fe92:segment:004,4,2244.0,2121,activities/040_250906154316.csv,1,1,0,0
fit:e132bf2d9108324574334bdc27a950c6e12105c38a576939f4ac9a4551f2fe92,2025-09-06T14:20:41+00:00,79,188,146,94,9.22,24.200000000000045,28,fit:e132bf2d9108324574334bdc27a950c6e12105c38a576939f4ac9a4551f2fe92:segment:004,4,2245.0,2122,activities/040_250906154316.csv,1,1,0,0
fit:e132bf2d9108324574334bdc27a950c6e12105c38a576939f4ac9a4551f2fe92,2025-09-06T14:20:42+00:00,80,220,146,94,9.257,24.200000000000045,28,fit:e132bf2d9108324574334bdc27a950c6e12105c38a576939f4ac9a4551f2fe92:segment:004,4,2246.0,2123,activities/040_250906154316.csv,1,1,0,0
fit:e132bf2d9108324574334bdc27a950c6e12105c38a576939f4ac9a4551f2fe92,2025-09-06T14:20:43+00:00,81,193,146,94,9.291,23.799999999999955,28,fit:e132bf2d9108324574334bdc27a950c6e12105c38a576939f4ac9a4551f2fe92:segment:004,4,2247.0,2124,activities/040_250906154316.csv,1,1,0,0
fit:e132bf2d9108324574334bdc27a950c6e12105c38a576939f4ac9a4551f2fe92,2025-09-06T14:20:44+00:00,82,183,146,95,9.336,23.399999999999977,28,fit:e132bf2d9108324574334bdc27a950c6e12105c38a576939f4ac9a4551f2fe92:segment:004,4,2248.0,2125,activities/040_250906154316.csv,1,1,0,0
fit:e132bf2d9108324574334bdc27a950c6e12105c38a576939f4ac9a4551f2fe92,2025-09-06T14:20:45+00:00,83,194,145,95,9.375,23.399999999999977,28,fit:e132bf2d9108324574334bdc27a950c6e12105c38a576939f4ac9a4551f2fe92:segment:004,4,2249.0,2126,activities/040_250906154316.csv,1,1,0,0
fit:e132bf2d9108324574334bdc27a950c6e12105c38a576939f4ac9a4551f2fe92,2025-09-06T14:20:46+00:00,84,194,145,94,9.379,23.399999999999977,28,fit:e132bf2d9108324574334bdc27a950c6e12105c38a576939f4ac9a4551f2fe92:segment:004,4,2250.0,2127,activities/040_250906154316.csv,1,1,0,0
fit:e132bf2d9108324574334bdc27a950c6e12105c38a576939f4ac9a4551f2fe92,2025-09-06T14:20:47+00:00,85,203,145,92,9.167,24.399999999999977,28,fit:e132bf2d9108324574334bdc27a950c6e12105c38a576939f4ac9a4551f2fe92:segment:004,4,2251.0,2128,activities/040_250906154316.csv,1,1,0,0
fit:e132bf2d9108324574334bdc27a950c6e12105c38a576939f4ac9a4551f2fe92,2025-09-06T14:20:48+00:00,86,238,145,92,9.036,24.399999999999977,28,fit:e132bf2d9108324574334bdc27a950c6e12105c38a576939f4ac9a4551f2fe92:segment:004,4,2252.0,2129,activities/040_250906154316.csv,1,1,0,0
fit:e132bf2d9108324574334bdc27a950c6e12105c38a576939f4ac9a4551f2fe92,2025-09-06T14:20:49+00:00,87,253,145,91,8.98,24.399999999999977,28,fit:e132bf2d9108324574334bdc27a950c6e12105c38a576939f4ac9a4551f2fe92:segment:004,4,2253.0,2130,activities/040_250906154316.csv,1,1,0,0
fit:e132bf2d9108324574334bdc27a950c6e12105c38a576939f4ac9a4551f2fe92,2025-09-06T14:20:50+00:00,88,261,145,91,8.951,23.399999999999977,28,fit:e132bf2d9108324574334bdc27a950c6e12105c38a576939f4ac9a4551f2fe92:segment:004,4,2254.0,2131,activities/040_250906154316.csv,1,1,0,0
fit:e132bf2d9108324574334bdc27a950c6e12105c38a576939f4ac9a4551f2fe92,2025-09-06T14:20:51+00:00,89,261,145,92,8.909,23.399999999999977,28,fit:e132bf2d9108324574334bdc27a950c6e12105c38a576939f4ac9a4551f2fe92:segment:004,4,2255.0,2132,activities/040_250906154316.csv,1,1,0,0
fit:e132bf2d9108324574334bdc27a950c6e12105c38a576939f4ac9a4551f2fe92,2025-09-06T14:20:52+00:00,90,198,146,92,8.893,23.399999999999977,28,fit:e132bf2d9108324574334bdc27a950c6e12105c38a576939f4ac9a4551f2fe92:segment:004,4,2256.0,2133,activities/040_250906154316.csv,1,1,0,0
fit:e132bf2d9108324574334bdc27a950c6e12105c38a576939f4ac9a4551f2fe92,2025-09-06T14:20:53+00:00,91,239,146,92,9.004,24.200000000000045,28,fit:e132bf2d9108324574334bdc27a950c6e12105c38a576939f4ac9a4551f2fe92:segment:004,4,2257.0,2134,activities/040_250906154316.csv,1,1,0,0
fit:e132bf2d9108324574334bdc27a950c6e12105c38a576939f4ac9a4551f2fe92,2025-09-06T14:20:54+00:00,92,298,146,93,9.119,24.399999999999977,28,fit:e132bf2d9108324574334bdc27a950c6e12105c38a576939f4ac9a4551f2fe92:segment:004,4,2258.0,2135,activities/040_250906154316.csv,1,1,0,0
fit:e132bf2d9108324574334bdc27a950c6e12105c38a576939f4ac9a4551f2fe92,2025-09-06T14:20:55+00:00,93,216,147,94,9.195,24.399999999999977,28,fit:e132bf2d9108324574334bdc27a950c6e12105c38a576939f4ac9a4551f2fe92:segment:004,4,2259.0,2136,activities/040_250906154316.csv,1,1,0,0
fit:e132bf2d9108324574334bdc27a950c6e12105c38a576939f4ac9a4551f2fe92,2025-09-06T14:20:56+00:00,94,204,147,95,9.315,24.399999999999977,28,fit:e132bf2d9108324574334bdc27a950c6e12105c38a576939f4ac9a4551f2fe92:segment:004,4,2260.0,2137,activities/040_250906154316.csv,1,1,0,0
fit:e132bf2d9108324574334bdc27a950c6e12105c38a576939f4ac9a4551f2fe92,2025-09-06T14:20:57+00:00,95,212,148,96,9.315,24.200000000000045,28,fit:e132bf2d9108324574334bdc27a950c6e12105c38a576939f4ac9a4551f2fe92:segment:004,4,2261.0,2138,activities/040_250906154316.csv,1,1,0,0
fit:e132bf2d9108324574334bdc27a950c6e12105c38a576939f4ac9a4551f2fe92,2025-09-06T14:20:58+00:00,96,208,148,96,9.365,23.799999999999955,28,fit:e132bf2d9108324574334bdc27a950c6e12105c38a576939f4ac9a4551f2fe92:segment:004,4,2262.0,2139,activities/040_250906154316.csv,1,1,0,0
fit:e132bf2d9108324574334bdc27a950c6e12105c38a576939f4ac9a4551f2fe92,2025-09-06T14:20:59+00:00,97,195,148,97,9.415,23.799999999999955,28,fit:e132bf2d9108324574334bdc27a950c6e12105c38a576939f4ac9a4551f2fe92:segment:004,4,2263.0,2140,activities/040_250906154316.csv,1,1,0,0
fit:e132bf2d9108324574334bdc27a950c6e12105c38a576939f4ac9a4551f2fe92,2025-09-06T14:21:00+00:00,98,195,148,97,9.538,23.799999999999955,28,fit:e132bf2d9108324574334bdc27a950c6e12105c38a576939f4ac9a4551f2fe92:segment:004,4,2264.0,2141,activities/040_250906154316.csv,1,1,0,0
fit:e132bf2d9108324574334bdc27a950c6e12105c38a576939f4ac9a4551f2fe92,2025-09-06T14:21:01+00:00,99,195,148,97,9.584,23.799999999999955,28,fit:e132bf2d9108324574334bdc27a950c6e12105c38a576939f4ac9a4551f2fe92:segment:004,4,2265.0,2142,activities/040_250906154316.csv,1,1,0,0
fit:e132bf2d9108324574334bdc27a950c6e12105c38a576939f4ac9a4551f2fe92,2025-09-06T14:21:02+00:00,100,190,148,96,9.493,24.200000000000045,28,fit:e132bf2d9108324574334bdc27a950c6e12105c38a576939f4ac9a4551f2fe92:segment:004,4,2266.0,2143,activities/040_250906154316.csv,1,1,0,0
fit:e132bf2d9108324574334bdc27a950c6e12105c38a576939f4ac9a4551f2fe92,2025-09-06T14:21:03+00:00,101,234,148,96,9.511,24.200000000000045,28,fit:e132bf2d9108324574334bdc27a950c6e12105c38a576939f4ac9a4551f2fe92:segment:004,4,2267.0,2144,activities/040_250906154316.csv,1,1,0,0
fit:e132bf2d9108324574334bdc27a950c6e12105c38a576939f4ac9a4551f2fe92,2025-09-06T14:21:04+00:00,102,243,148,96,9.538,24.200000000000045,28,fit:e132bf2d9108324574334bdc27a950c6e12105c38a576939f4ac9a4551f2fe92:segment:004,4,2268.0,2145,activities/040_250906154316.csv,1,1,0,0
fit:e132bf2d9108324574334bdc27a950c6e12105c38a576939f4ac9a4551f2fe92,2025-09-06T14:21:05+00:00,103,191,148,96,9.513,23.799999999999955,28,fit:e132bf2d9108324574334bdc27a950c6e12105c38a576939f4ac9a4551f2fe92:segment:004,4,2269.0,2146,activities/040_250906154316.csv,1,1,0,0
fit:e132bf2d9108324574334bdc27a950c6e12105c38a576939f4ac9a4551f2fe92,2025-09-06T14:21:06+00:00,104,194,147,96,9.473,23.799999999999955,28,fit:e132bf2d9108324574334bdc27a950c6e12105c38a576939f4ac9a4551f2fe92:segment:004,4,2270.0,2147,activities/040_250906154316.csv,1,1,0,0
fit:e132bf2d9108324574334bdc27a950c6e12105c38a576939f4ac9a4551f2fe92,2025-09-06T14:21:07+00:00,105,237,147,96,9.429,23.799999999999955,28,fit:e132bf2d9108324574334bdc27a950c6e12105c38a576939f4ac9a4551f2fe92:segment:004,4,2271.0,2148,activities/040_250906154316.csv,1,1,0,0
fit:e132bf2d9108324574334bdc27a950c6e12105c38a576939f4ac9a4551f2fe92,2025-09-06T14:21:08+00:00,106,241,146,96,9.419,23.799999999999955,28,fit:e132bf2d9108324574334bdc27a950c6e12105c38a576939f4ac9a4551f2fe92:segment:004,4,2272.0,2149,activities/040_250906154316.csv,1,1,0,0
fit:e132bf2d9108324574334bdc27a950c6e12105c38a576939f4ac9a4551f2fe92,2025-09-06T14:21:09+00:00,107,236,146,96,9.459,23.799999999999955,28,fit:e132bf2d9108324574334bdc27a950c6e12105c38a576939f4ac9a4551f2fe92:segment:004,4,2273.0,2150,activities/040_250906154316.csv,1,1,0,0
fit:e132bf2d9108324574334bdc27a950c6e12105c38a576939f4ac9a4551f2fe92,2025-09-06T14:21:10+00:00,108,227,145,96,9.452,23.799999999999955,28,fit:e132bf2d9108324574334bdc27a950c6e12105c38a576939f4ac9a4551f2fe92:segment:004,4,2274.0,2151,activities/040_250906154316.csv,1,1,0,0
fit:e132bf2d9108324574334bdc27a950c6e12105c38a576939f4ac9a4551f2fe92,2025-09-06T14:21:11+00:00,109,240,145,96,9.458,23.799999999999955,28,fit:e132bf2d9108324574334bdc27a950c6e12105c38a576939f4ac9a4551f2fe92:segment:004,4,2275.0,2152,activities/040_250906154316.csv,1,1,0,0
fit:e132bf2d9108324574334bdc27a950c6e12105c38a576939f4ac9a4551f2fe92,2025-09-06T14:21:12+00:00,110,204,145,96,9.392,23.799999999999955,28,fit:e132bf2d9108324574334bdc27a950c6e12105c38a576939f4ac9a4551f2fe92:segment:004,4,2276.0,2153,activities/040_250906154316.csv,1,1,0,0
fit:e132bf2d9108324574334bdc27a950c6e12105c38a576939f4ac9a4551f2fe92,2025-09-06T14:21:13+00:00,111,207,145,96,9.443,23.600000000000023,28,fit:e132bf2d9108324574334bdc27a950c6e12105c38a576939f4ac9a4551f2fe92:segment:004,4,2277.0,2154,activities/040_250906154316.csv,1,1,0,0
fit:e132bf2d9108324574334bdc27a950c6e12105c38a576939f4ac9a4551f2fe92,2025-09-06T14:21:14+00:00,112,229,146,96,9.504,23.600000000000023,28,fit:e132bf2d9108324574334bdc27a950c6e12105c38a576939f4ac9a4551f2fe92:segment:004,4,2278.0,2155,activities/040_250906154316.csv,1,1,0,0
fit:e132bf2d9108324574334bdc27a950c6e12105c38a576939f4ac9a4551f2fe92,2025-09-06T14:21:15+00:00,113,191,146,95,9.452,23.600000000000023,28,fit:e132bf2d9108324574334bdc27a950c6e12105c38a576939f4ac9a4551f2fe92:segment:004,4,2279.0,2156,activities/040_250906154316.csv,1,1,0,0
fit:e132bf2d9108324574334bdc27a950c6e12105c38a576939f4ac9a4551f2fe92,2025-09-06T14:21:16+00:00,114,207,146,95,9.369,23.600000000000023,28,fit:e132bf2d9108324574334bdc27a950c6e12105c38a576939f4ac9a4551f2fe92:segment:004,4,2280.0,2157,activities/040_250906154316.csv,1,1,0,0
fit:e132bf2d9108324574334bdc27a950c6e12105c38a576939f4ac9a4551f2fe92,2025-09-06T14:21:17+00:00,115,208,146,94,9.316,23.600000000000023,28,fit:e132bf2d9108324574334bdc27a950c6e12105c38a576939f4ac9a4551f2fe92:segment:004,4,2281.0,2158,activities/040_250906154316.csv,1,1,0,0
fit:e132bf2d9108324574334bdc27a950c6e12105c38a576939f4ac9a4551f2fe92,2025-09-06T14:21:18+00:00,116,225,146,94,9.28,23.600000000000023,28,fit:e132bf2d9108324574334bdc27a950c6e12105c38a576939f4ac9a4551f2fe92:segment:004,4,2282.0,2159,activities/040_250906154316.csv,1,1,0,0
fit:e132bf2d9108324574334bdc27a950c6e12105c38a576939f4ac9a4551f2fe92,2025-09-06T14:21:19+00:00,117,269,145,95,9.312,22.799999999999955,28,fit:e132bf2d9108324574334bdc27a950c6e12105c38a576939f4ac9a4551f2fe92:segment:004,4,2283.0,2160,activities/040_250906154316.csv,1,1,0,0
fit:e132bf2d9108324574334bdc27a950c6e12105c38a576939f4ac9a4551f2fe92,2025-09-06T14:21:20+00:00,118,275,145,95,9.388,22.799999999999955,28,fit:e132bf2d9108324574334bdc27a950c6e12105c38a576939f4ac9a4551f2fe92:segment:004,4,2284.0,2161,activities/040_250906154316.csv,1,1,0,0
fit:e132bf2d9108324574334bdc27a950c6e12105c38a576939f4ac9a4551f2fe92,2025-09-06T14:21:21+00:00,119,205,145,95,9.426,22.799999999999955,28,fit:e132bf2d9108324574334bdc27a950c6e12105c38a576939f4ac9a4551f2fe92:segment:004,4,2285.0,2162,activities/040_250906154316.csv,1,1,0,0
fit:e132bf2d9108324574334bdc27a950c6e12105c38a576939f4ac9a4551f2fe92,2025-09-06T14:21:22+00:00,120,214,144,96,9.415,23.200000000000045,28,fit:e132bf2d9108324574334bdc27a950c6e12105c38a576939f4ac9a4551f2fe92:segment:004,4,2286.0,2163,activities/040_250906154316.csv,1,1,0,0
fit:e132bf2d9108324574334bdc27a950c6e12105c38a576939f4ac9a4551f2fe92,2025-09-06T14:21:23+00:00,121,187,144,95,9.391,23.200000000000045,28,fit:e132bf2d9108324574334bdc27a950c6e12105c38a576939f4ac9a4551f2fe92:segment:004,4,2287.0,2164,activities/040_250906154316.csv,1,1,0,0
fit:e132bf2d9108324574334bdc27a950c6e12105c38a576939f4ac9a4551f2fe92,2025-09-06T14:21:24+00:00,122,193,144,94,9.404,23.200000000000045,28,fit:e132bf2d9108324574334bdc27a950c6e12105c38a576939f4ac9a4551f2fe92:segment:004,4,2288.0,2165,activities/040_250906154316.csv,1,1,0,0
fit:e132bf2d9108324574334bdc27a950c6e12105c38a576939f4ac9a4551f2fe92,2025-09-06T14:21:25+00:00,123,203,144,94,9.388,23.0,28,fit:e132bf2d9108324574334bdc27a950c6e12105c38a576939f4ac9a4551f2fe92:segment:004,4,2289.0,2166,activities/040_250906154316.csv,1,1,0,0
fit:e132bf2d9108324574334bdc27a950c6e12105c38a576939f4ac9a4551f2fe92,2025-09-06T14:21:26+00:00,124,204,144,94,9.348,23.0,28,fit:e132bf2d9108324574334bdc27a950c6e12105c38a576939f4ac9a4551f2fe92:segment:004,4,2290.0,2167,activities/040_250906154316.csv,1,1,0,0
fit:e132bf2d9108324574334bdc27a950c6e12105c38a576939f4ac9a4551f2fe92,2025-09-06T14:21:27+00:00,125,223,143,94,9.212,23.0,28,fit:e132bf2d9108324574334bdc27a950c6e12105c38a576939f4ac9a4551f2fe92:segment:004,4,2291.0,2168,activities/040_250906154316.csv,1,1,0,0
fit:e132bf2d9108324574334bdc27a950c6e12105c38a576939f4ac9a4551f2fe92,2025-09-06T14:21:28+00:00,126,249,143,94,9.176,23.799999999999955,28,fit:e132bf2d9108324574334bdc27a950c6e12105c38a576939f4ac9a4551f2fe92:segment:004,4,2292.0,2169,activities/040_250906154316.csv,1,1,0,0
fit:e132bf2d9108324574334bdc27a950c6e12105c38a576939f4ac9a4551f2fe92,2025-09-06T14:21:29+00:00,127,241,143,94,9.236,23.799999999999955,28,fit:e132bf2d9108324574334bdc27a950c6e12105c38a576939f4ac9a4551f2fe92:segment:004,4,2293.0,2170,activities/040_250906154316.csv,1,1,0,0
fit:e132bf2d9108324574334bdc27a950c6e12105c38a576939f4ac9a4551f2fe92,2025-09-06T14:21:30+00:00,128,235,143,94,9.273,23.799999999999955,28,fit:e132bf2d9108324574334bdc27a950c6e12105c38a576939f4ac9a4551f2fe92:segment:004,4,2294.0,2171,activities/040_250906154316.csv,1,1,0,0
fit:e132bf2d9108324574334bdc27a950c6e12105c38a576939f4ac9a4551f2fe92,2025-09-06T14:21:31+00:00,129,181,143,94,9.352,23.600000000000023,28,fit:e132bf2d9108324574334bdc27a950c6e12105c38a576939f4ac9a4551f2fe92:segment:004,4,2295.0,2172,activities/040_250906154316.csv,1,1,0,0
fit:e132bf2d9108324574334bdc27a950c6e12105c38a576939f4ac9a4551f2fe92,2025-09-06T14:21:32+00:00,130,173,143,93,9.305,23.399999999999977,28,fit:e132bf2d9108324574334bdc27a950c6e12105c38a576939f4ac9a4551f2fe92:segment:004,4,2296.0,2173,activities/040_250906154316.csv,1,1,0,0
fit:e132bf2d9108324574334bdc27a950c6e12105c38a576939f4ac9a4551f2fe92,2025-09-06T14:21:33+00:00,131,147,143,91,9.228,23.399999999999977,28,fit:e132bf2d9108324574334bdc27a950c6e12105c38a576939f4ac9a4551f2fe92:segment:004,4,2297.0,2174,activities/040_250906154316.csv,1,1,0,0
fit:e132bf2d9108324574334bdc27a950c6e12105c38a576939f4ac9a4551f2fe92,2025-09-06T14:21:34+00:00,132,139,143,91,9.127,23.399999999999977,28,fit:e132bf2d9108324574334bdc27a950c6e12105c38a576939f4ac9a4551f2fe92:segment:004,4,2298.0,2175,activities/040_250906154316.csv,1,1,0,0
fit:e132bf2d9108324574334bdc27a950c6e12105c38a576939f4ac9a4551f2fe92,2025-09-06T14:21:35+00:00,133,113,143,89,9.051,24.200000000000045,28,fit:e132bf2d9108324574334bdc27a950c6e12105c38a576939f4ac9a4551f2fe92:segment:004,4,2299.0,2176,activities/040_250906154316.csv,1,1,0,0
fit:e132bf2d9108324574334bdc27a950c6e12105c38a576939f4ac9a4551f2fe92,2025-09-06T14:21:36+00:00,134,113,143,89,8.897,24.200000000000045,28,fit:e132bf2d9108324574334bdc27a950c6e12105c38a576939f4ac9a4551f2fe92:segment:004,4,2300.0,2177,activities/040_250906154316.csv,1,1,0,0
fit:e132bf2d9108324574334bdc27a950c6e12105c38a576939f4ac9a4551f2fe92,2025-09-06T14:21:37+00:00,135,137,142,87,8.712,24.200000000000045,28,fit:e132bf2d9108324574334bdc27a950c6e12105c38a576939f4ac9a4551f2fe92:segment:004,4,2301.0,2178,activities/040_250906154316.csv,1,1,0,0
fit:e132bf2d9108324574334bdc27a950c6e12105c38a576939f4ac9a4551f2fe92,2025-09-06T14:21:38+00:00,136,77,141,85,8.434,24.200000000000045,28,fit:e132bf2d9108324574334bdc27a950c6e12105c38a576939f4ac9a4551f2fe92:segment:004,4,2302.0,2179,activities/040_250906154316.csv,1,1,0,0
fit:e132bf2d9108324574334bdc27a950c6e12105c38a576939f4ac9a4551f2fe92,2025-09-06T14:21:39+00:00,137,77,140,85,8.372,24.200000000000045,28,fit:e132bf2d9108324574334bdc27a950c6e12105c38a576939f4ac9a4551f2fe92:segment:004,4,2303.0,2180,activities/040_250906154316.csv,1,1,0,0
fit:e132bf2d9108324574334bdc27a950c6e12105c38a576939f4ac9a4551f2fe92,2025-09-06T14:21:40+00:00,138,77,140,85,8.345,24.200000000000045,28,fit:e132bf2d9108324574334bdc27a950c6e12105c38a576939f4ac9a4551f2fe92:segment:004,4,2304.0,2181,activities/040_250906154316.csv,1,1,0,0
fit:e132bf2d9108324574334bdc27a950c6e12105c38a576939f4ac9a4551f2fe92,2025-09-06T14:21:41+00:00,139,77,139,85,8.217,24.200000000000045,28,fit:e132bf2d9108324574334bdc27a950c6e12105c38a576939f4ac9a4551f2fe92:segment:004,4,2305.0,2182,activities/040_250906154316.csv,1,1,0,0
fit:e132bf2d9108324574334bdc27a950c6e12105c38a576939f4ac9a4551f2fe92,2025-09-06T14:21:42+00:00,140,77,137,85,7.372,24.200000000000045,28,fit:e132bf2d9108324574334bdc27a950c6e12105c38a576939f4ac9a4551f2fe92:segment:004,4,2306.0,2183,activities/040_250906154316.csv,1,1,0,0
fit:e132bf2d9108324574334bdc27a950c6e12105c38a576939f4ac9a4551f2fe92,2025-09-06T14:21:43+00:00,141,77,136,85,6.576,25.200000000000045,28,fit:e132bf2d9108324574334bdc27a950c6e12105c38a576939f4ac9a4551f2fe92:segment:004,4,2307.0,2184,activities/040_250906154316.csv,1,1,0,0
fit:e132bf2d9108324574334bdc27a950c6e12105c38a576939f4ac9a4551f2fe92,2025-09-06T14:21:44+00:00,142,77,134,85,6.16,25.200000000000045,28,fit:e132bf2d9108324574334bdc27a950c6e12105c38a576939f4ac9a4551f2fe92:segment:004,4,2308.0,2185,activities/040_250906154316.csv,1,1,0,0
fit:e132bf2d9108324574334bdc27a950c6e12105c38a576939f4ac9a4551f2fe92,2025-09-06T14:21:45+00:00,143,0,134,0,5.86,25.200000000000045,28,fit:e132bf2d9108324574334bdc27a950c6e12105c38a576939f4ac9a4551f2fe92:segment:004,4,2309.0,2186,activities/040_250906154316.csv,1,1,0,0
fit:e132bf2d9108324574334bdc27a950c6e12105c38a576939f4ac9a4551f2fe92,2025-09-06T14:21:46+00:00,144,0,133,0,5.195,25.200000000000045,28,fit:e132bf2d9108324574334bdc27a950c6e12105c38a576939f4ac9a4551f2fe92:segment:004,4,2310.0,2187,activities/040_250906154316.csv,1,1,0,0
fit:e132bf2d9108324574334bdc27a950c6e12105c38a576939f4ac9a4551f2fe92,2025-09-06T14:21:47+00:00,145,0,133,0,4.141,25.200000000000045,28,fit:e132bf2d9108324574334bdc27a950c6e12105c38a576939f4ac9a4551f2fe92:segment:004,4,2311.0,2188,activities/040_250906154316.csv,1,1,0,0
fit:e132bf2d9108324574334bdc27a950c6e12105c38a576939f4ac9a4551f2fe92,2025-09-06T14:21:48+00:00,146,0,131,0,3.099,25.200000000000045,28,fit:e132bf2d9108324574334bdc27a950c6e12105c38a576939f4ac9a4551f2fe92:segment:004,4,2312.0,2189,activities/040_250906154316.csv,1,1,0,0
fit:e132bf2d9108324574334bdc27a950c6e12105c38a576939f4ac9a4551f2fe92,2025-09-06T14:21:49+00:00,147,41,129,0,2.477,25.200000000000045,28,fit:e132bf2d9108324574334bdc27a950c6e12105c38a576939f4ac9a4551f2fe92:segment:004,4,2313.0,2190,activities/040_250906154316.csv,1,1,0,0
fit:e132bf2d9108324574334bdc27a950c6e12105c38a576939f4ac9a4551f2fe92,2025-09-06T14:21:50+00:00,148,41,128,0,2.702,25.200000000000045,28,fit:e132bf2d9108324574334bdc27a950c6e12105c38a576939f4ac9a4551f2fe92:segment:004,4,2314.0,2191,activities/040_250906154316.csv,1,1,0,0
fit:e132bf2d9108324574334bdc27a950c6e12105c38a576939f4ac9a4551f2fe92,2025-09-06T14:21:51+00:00,149,309,128,36,3.28,25.600000000000023,28,fit:e132bf2d9108324574334bdc27a950c6e12105c38a576939f4ac9a4551f2fe92:segment:004,4,2315.0,2192,activities/040_250906154316.csv,1,1,0,0
fit:e132bf2d9108324574334bdc27a950c6e12105c38a576939f4ac9a4551f2fe92,2025-09-06T14:21:52+00:00,150,342,127,49,3.745,25.600000000000023,28,fit:e132bf2d9108324574334bdc27a950c6e12105c38a576939f4ac9a4551f2fe92:segment:004,4,2316.0,2193,activities/040_250906154316.csv,1,1,0,0
fit:e132bf2d9108324574334bdc27a950c6e12105c38a576939f4ac9a4551f2fe92,2025-09-06T14:21:53+00:00,151,356,127,56,4.423,25.600000000000023,28,fit:e132bf2d9108324574334bdc27a950c6e12105c38a576939f4ac9a4551f2fe92:segment:004,4,2317.0,2194,activities/040_250906154316.csv,1,1,0,0
fit:e132bf2d9108324574334bdc27a950c6e12105c38a576939f4ac9a4551f2fe92,2025-09-06T14:21:54+00:00,152,395,128,62,5.052,24.600000000000023,28,fit:e132bf2d9108324574334bdc27a950c6e12105c38a576939f4ac9a4551f2fe92:segment:004,4,2318.0,2195,activities/040_250906154316.csv,1,1,0,0
fit:e132bf2d9108324574334bdc27a950c6e12105c38a576939f4ac9a4551f2fe92,2025-09-06T14:21:55+00:00,153,395,128,62,5.698,24.600000000000023,28,fit:e132bf2d9108324574334bdc27a950c6e12105c38a576939f4ac9a4551f2fe92:segment:004,4,2319.0,2196,activities/040_250906154316.csv,1,1,0,0
fit:e132bf2d9108324574334bdc27a950c6e12105c38a576939f4ac9a4551f2fe92,2025-09-06T14:21:56+00:00,154,389,129,66,6.082,24.600000000000023,28,fit:e132bf2d9108324574334bdc27a950c6e12105c38a576939f4ac9a4551f2fe92:segment:004,4,2320.0,2197,activities/040_250906154316.csv,1,1,0,0
fit:e132bf2d9108324574334bdc27a950c6e12105c38a576939f4ac9a4551f2fe92,2025-09-06T14:21:57+00:00,155,389,130,71,6.653,24.600000000000023,28,fit:e132bf2d9108324574334bdc27a950c6e12105c38a576939f4ac9a4551f2fe92:segment:004,4,2321.0,2198,activities/040_250906154316.csv,1,1,0,0
fit:e132bf2d9108324574334bdc27a950c6e12105c38a576939f4ac9a4551f2fe92,2025-09-06T14:21:58+00:00,156,389,130,71,6.709,24.0,28,fit:e132bf2d9108324574334bdc27a950c6e12105c38a576939f4ac9a4551f2fe92:segment:004,4,2322.0,2199,activities/040_250906154316.csv,1,1,0,0
fit:e132bf2d9108324574334bdc27a950c6e12105c38a576939f4ac9a4551f2fe92,2025-09-06T14:21:59+00:00,157,379,131,78,7.177,23.799999999999955,28,fit:e132bf2d9108324574334bdc27a950c6e12105c38a576939f4ac9a4551f2fe92:segment:004,4,2323.0,2200,activities/040_250906154316.csv,1,1,0,0
fit:e132bf2d9108324574334bdc27a950c6e12105c38a576939f4ac9a4551f2fe92,2025-09-06T14:22:00+00:00,158,367,133,81,7.355,23.799999999999955,28,fit:e132bf2d9108324574334bdc27a950c6e12105c38a576939f4ac9a4551f2fe92:segment:004,4,2324.0,2201,activities/040_250906154316.csv,1,1,0,0
fit:e132bf2d9108324574334bdc27a950c6e12105c38a576939f4ac9a4551f2fe92,2025-09-06T14:22:01+00:00,159,366,134,81,7.517,23.799999999999955,28,fit:e132bf2d9108324574334bdc27a950c6e12105c38a576939f4ac9a4551f2fe92:segment:004,4,2325.0,2202,activities/040_250906154316.csv,1,1,0,0
fit:e132bf2d9108324574334bdc27a950c6e12105c38a576939f4ac9a4551f2fe92,2025-09-06T14:22:02+00:00,160,395,135,84,7.85,24.399999999999977,28,fit:e132bf2d9108324574334bdc27a950c6e12105c38a576939f4ac9a4551f2fe92:segment:004,4,2326.0,2203,activities/040_250906154316.csv,1,1,0,0
fit:e132bf2d9108324574334bdc27a950c6e12105c38a576939f4ac9a4551f2fe92,2025-09-06T14:22:03+00:00,161,451,135,87,8.007,25.200000000000045,28,fit:e132bf2d9108324574334bdc27a950c6e12105c38a576939f4ac9a4551f2fe92:segment:004,4,2327.0,2204,activities/040_250906154316.csv,1,1,0,0
fit:e132bf2d9108324574334bdc27a950c6e12105c38a576939f4ac9a4551f2fe92,2025-09-06T14:22:04+00:00,162,498,136,88,8.122,25.200000000000045,28,fit:e132bf2d9108324574334bdc27a950c6e12105c38a576939f4ac9a4551f2fe92:segment:004,4,2328.0,2205,activities/040_250906154316.csv,1,1,0,0
fit:e132bf2d9108324574334bdc27a950c6e12105c38a576939f4ac9a4551f2fe92,2025-09-06T14:22:05+00:00,163,459,137,92,8.445,25.200000000000045,28,fit:e132bf2d9108324574334bdc27a950c6e12105c38a576939f4ac9a4551f2fe92:segment:004,4,2329.0,2206,activities/040_250906154316.csv,1,1,0,0
fit:e132bf2d9108324574334bdc27a950c6e12105c38a576939f4ac9a4551f2fe92,2025-09-06T14:22:06+00:00,164,457,138,94,8.58,25.200000000000045,28,fit:e132bf2d9108324574334bdc27a950c6e12105c38a576939f4ac9a4551f2fe92:segment:004,4,2330.0,2207,activities/040_250906154316.csv,1,1,0,0
fit:e132bf2d9108324574334bdc27a950c6e12105c38a576939f4ac9a4551f2fe92,2025-09-06T14:22:07+00:00,165,458,140,94,8.918,25.200000000000045,28,fit:e132bf2d9108324574334bdc27a950c6e12105c38a576939f4ac9a4551f2fe92:segment:004,4,2331.0,2208,activities/040_250906154316.csv,1,1,0,0
fit:e132bf2d9108324574334bdc27a950c6e12105c38a576939f4ac9a4551f2fe92,2025-09-06T14:22:08+00:00,166,37,142,94,9.091,24.399999999999977,28,fit:e132bf2d9108324574334bdc27a950c6e12105c38a576939f4ac9a4551f2fe92:segment:004,4,2332.0,2209,activities/040_250906154316.csv,1,1,0,0
fit:e132bf2d9108324574334bdc27a950c6e12105c38a576939f4ac9a4551f2fe92,2025-09-06T14:22:09+00:00,167,106,142,93,9.073,23.399999999999977,28,fit:e132bf2d9108324574334bdc27a950c6e12105c38a576939f4ac9a4551f2fe92:segment:004,4,2333.0,2210,activities/040_250906154316.csv,1,1,0,0
fit:e132bf2d9108324574334bdc27a950c6e12105c38a576939f4ac9a4551f2fe92,2025-09-06T14:22:10+00:00,168,236,144,94,9.165,23.399999999999977,28,fit:e132bf2d9108324574334bdc27a950c6e12105c38a576939f4ac9a4551f2fe92:segment:004,4,2334.0,2211,activities/040_250906154316.csv,1,1,0,0
fit:e132bf2d9108324574334bdc27a950c6e12105c38a576939f4ac9a4551f2fe92,2025-09-06T14:22:11+00:00,169,221,145,94,9.26,23.399999999999977,28,fit:e132bf2d9108324574334bdc27a950c6e12105c38a576939f4ac9a4551f2fe92:segment:004,4,2335.0,2212,activities/040_250906154316.csv,1,1,0,0
fit:e132bf2d9108324574334bdc27a950c6e12105c38a576939f4ac9a4551f2fe92,2025-09-06T14:22:12+00:00,170,213,147,94,9.365,23.399999999999977,28,fit:e132bf2d9108324574334bdc27a950c6e12105c38a576939f4ac9a4551f2fe92:segment:004,4,2336.0,2213,activities/040_250906154316.csv,1,1,0,0
fit:e132bf2d9108324574334bdc27a950c6e12105c38a576939f4ac9a4551f2fe92,2025-09-06T14:22:13+00:00,171,274,148,94,9.289,23.399999999999977,28,fit:e132bf2d9108324574334bdc27a950c6e12105c38a576939f4ac9a4551f2fe92:segment:004,4,2337.0,2214,activities/040_250906154316.csv,1,1,0,0
fit:e132bf2d9108324574334bdc27a950c6e12105c38a576939f4ac9a4551f2fe92,2025-09-06T14:22:14+00:00,172,235,148,95,9.151,23.399999999999977,28,fit:e132bf2d9108324574334bdc27a950c6e12105c38a576939f4ac9a4551f2fe92:segment:004,4,2338.0,2215,activities/040_250906154316.csv,1,1,0,0
fit:e132bf2d9108324574334bdc27a950c6e12105c38a576939f4ac9a4551f2fe92,2025-09-06T14:22:15+00:00,173,239,149,95,9.244,23.399999999999977,28,fit:e132bf2d9108324574334bdc27a950c6e12105c38a576939f4ac9a4551f2fe92:segment:004,4,2339.0,2216,activities/040_250906154316.csv,1,1,0,0
fit:e132bf2d9108324574334bdc27a950c6e12105c38a576939f4ac9a4551f2fe92,2025-09-06T14:22:16+00:00,174,239,150,96,9.379,23.799999999999955,28,fit:e132bf2d9108324574334bdc27a950c6e12105c38a576939f4ac9a4551f2fe92:segment:004,4,2340.0,2217,activities/040_250906154316.csv,1,1,0,0
fit:e132bf2d9108324574334bdc27a950c6e12105c38a576939f4ac9a4551f2fe92,2025-09-06T14:22:17+00:00,175,238,150,96,9.384,23.799999999999955,28,fit:e132bf2d9108324574334bdc27a950c6e12105c38a576939f4ac9a4551f2fe92:segment:004,4,2341.0,2218,activities/040_250906154316.csv,1,1,0,0
fit:e132bf2d9108324574334bdc27a950c6e12105c38a576939f4ac9a4551f2fe92,2025-09-06T14:22:18+00:00,176,306,150,96,9.428,23.799999999999955,28,fit:e132bf2d9108324574334bdc27a950c6e12105c38a576939f4ac9a4551f2fe92:segment:004,4,2342.0,2219,activities/040_250906154316.csv,1,1,0,0
fit:e132bf2d9108324574334bdc27a950c6e12105c38a576939f4ac9a4551f2fe92,2025-09-06T14:22:19+00:00,177,363,150,96,9.506,23.799999999999955,28,fit:e132bf2d9108324574334bdc27a950c6e12105c38a576939f4ac9a4551f2fe92:segment:004,4,2343.0,2220,activities/040_250906154316.csv,1,1,0,0
fit:e132bf2d9108324574334bdc27a950c6e12105c38a576939f4ac9a4551f2fe92,2025-09-06T14:22:20+00:00,178,241,150,99,9.438,23.799999999999955,28,fit:e132bf2d9108324574334bdc27a950c6e12105c38a576939f4ac9a4551f2fe92:segment:004,4,2344.0,2221,activities/040_250906154316.csv,1,1,0,0
fit:e132bf2d9108324574334bdc27a950c6e12105c38a576939f4ac9a4551f2fe92,2025-09-06T14:22:21+00:00,179,273,150,99,9.527,23.0,28,fit:e132bf2d9108324574334bdc27a950c6e12105c38a576939f4ac9a4551f2fe92:segment:004,4,2345.0,2222,activities/040_250906154316.csv,1,1,0,0
fit:e132bf2d9108324574334bdc27a950c6e12105c38a576939f4ac9a4551f2fe92,2025-09-06T14:22:22+00:00,180,270,150,98,9.632,23.0,28,fit:e132bf2d9108324574334bdc27a950c6e12105c38a576939f4ac9a4551f2fe92:segment:004,4,2346.0,2223,activities/040_250906154316.csv,1,1,0,0
fit:e132bf2d9108324574334bdc27a950c6e12105c38a576939f4ac9a4551f2fe92,2025-09-06T14:22:23+00:00,181,270,150,98,9.578,23.0,28,fit:e132bf2d9108324574334bdc27a950c6e12105c38a576939f4ac9a4551f2fe92:segment:004,4,2347.0,2224,activities/040_250906154316.csv,1,1,0,0
fit:e132bf2d9108324574334bdc27a950c6e12105c38a576939f4ac9a4551f2fe92,2025-09-06T14:22:24+00:00,182,301,151,98,9.549,23.0,28,fit:e132bf2d9108324574334bdc27a950c6e12105c38a576939f4ac9a4551f2fe92:segment:004,4,2348.0,2225,activities/040_250906154316.csv,1,1,0,0
fit:e132bf2d9108324574334bdc27a950c6e12105c38a576939f4ac9a4551f2fe92,2025-09-06T14:22:25+00:00,183,223,151,98,9.68,24.0,28,fit:e132bf2d9108324574334bdc27a950c6e12105c38a576939f4ac9a4551f2fe92:segment:004,4,2349.0,2226,activities/040_250906154316.csv,1,1,0,0
fit:e132bf2d9108324574334bdc27a950c6e12105c38a576939f4ac9a4551f2fe92,2025-09-06T14:22:26+00:00,184,338,153,98,9.643,24.0,28,fit:e132bf2d9108324574334bdc27a950c6e12105c38a576939f4ac9a4551f2fe92:segment:004,4,2350.0,2227,activities/040_250906154316.csv,1,1,0,0
fit:e132bf2d9108324574334bdc27a950c6e12105c38a576939f4ac9a4551f2fe92,2025-09-06T14:22:27+00:00,185,118,153,98,9.542,24.0,28,fit:e132bf2d9108324574334bdc27a950c6e12105c38a576939f4ac9a4551f2fe92:segment:004,4,2351.0,2228,activities/040_250906154316.csv,1,1,0,0
fit:e132bf2d9108324574334bdc27a950c6e12105c38a576939f4ac9a4551f2fe92,2025-09-06T14:22:28+00:00,186,473,154,88,9.55,24.0,28,fit:e132bf2d9108324574334bdc27a950c6e12105c38a576939f4ac9a4551f2fe92:segment:004,4,2352.0,2229,activities/040_250906154316.csv,1,1,0,0
fit:e132bf2d9108324574334bdc27a950c6e12105c38a576939f4ac9a4551f2fe92,2025-09-06T14:22:29+00:00,187,305,154,89,9.673,24.0,28,fit:e132bf2d9108324574334bdc27a950c6e12105c38a576939f4ac9a4551f2fe92:segment:004,4,2353.0,2230,activities/040_250906154316.csv,1,1,0,0
fit:e132bf2d9108324574334bdc27a950c6e12105c38a576939f4ac9a4551f2fe92,2025-09-06T14:22:30+00:00,188,279,155,88,9.771,24.0,28,fit:e132bf2d9108324574334bdc27a950c6e12105c38a576939f4ac9a4551f2fe92:segment:004,4,2354.0,2231,activities/040_250906154316.csv,1,1,0,0
fit:e132bf2d9108324574334bdc27a950c6e12105c38a576939f4ac9a4551f2fe92,2025-09-06T14:22:31+00:00,189,292,156,88,9.753,24.0,28,fit:e132bf2d9108324574334bdc27a950c6e12105c38a576939f4ac9a4551f2fe92:segment:004,4,2355.0,2232,activities/040_250906154316.csv,1,1,0,0
fit:e132bf2d9108324574334bdc27a950c6e12105c38a576939f4ac9a4551f2fe92,2025-09-06T14:22:32+00:00,190,268,157,88,9.806,24.0,28,fit:e132bf2d9108324574334bdc27a950c6e12105c38a576939f4ac9a4551f2fe92:segment:004,4,2356.0,2233,activities/040_250906154316.csv,1,1,0,0
fit:e132bf2d9108324574334bdc27a950c6e12105c38a576939f4ac9a4551f2fe92,2025-09-06T14:22:33+00:00,191,374,157,88,9.777,23.799999999999955,28,fit:e132bf2d9108324574334bdc27a950c6e12105c38a576939f4ac9a4551f2fe92:segment:004,4,2357.0,2234,activities/040_250906154316.csv,1,1,0,0
fit:e132bf2d9108324574334bdc27a950c6e12105c38a576939f4ac9a4551f2fe92,2025-09-06T14:22:34+00:00,192,316,157,90,9.701,23.799999999999955,28,fit:e132bf2d9108324574334bdc27a950c6e12105c38a576939f4ac9a4551f2fe92:segment:004,4,2358.0,2235,activities/040_250906154316.csv,1,1,0,0
fit:e132bf2d9108324574334bdc27a950c6e12105c38a576939f4ac9a4551f2fe92,2025-09-06T14:22:35+00:00,193,331,158,90,9.768,23.799999999999955,28,fit:e132bf2d9108324574334bdc27a950c6e12105c38a576939f4ac9a4551f2fe92:segment:004,4,2359.0,2236,activities/040_250906154316.csv,1,1,0,0
fit:e132bf2d9108324574334bdc27a950c6e12105c38a576939f4ac9a4551f2fe92,2025-09-06T14:22:36+00:00,194,372,159,90,9.8,23.799999999999955,28,fit:e132bf2d9108324574334bdc27a950c6e12105c38a576939f4ac9a4551f2fe92:segment:004,4,2360.0,2237,activities/040_250906154316.csv,1,1,0,0
fit:e132bf2d9108324574334bdc27a950c6e12105c38a576939f4ac9a4551f2fe92,2025-09-06T14:22:37+00:00,195,372,159,90,9.854,23.600000000000023,28,fit:e132bf2d9108324574334bdc27a950c6e12105c38a576939f4ac9a4551f2fe92:segment:004,4,2361.0,2238,activities/040_250906154316.csv,1,1,0,0
fit:e132bf2d9108324574334bdc27a950c6e12105c38a576939f4ac9a4551f2fe92,2025-09-06T14:22:38+00:00,196,331,159,90,9.914,23.0,27,fit:e132bf2d9108324574334bdc27a950c6e12105c38a576939f4ac9a4551f2fe92:segment:004,4,2362.0,2239,activities/040_250906154316.csv,1,1,0,0
fit:e132bf2d9108324574334bdc27a950c6e12105c38a576939f4ac9a4551f2fe92,2025-09-06T14:22:39+00:00,197,277,160,91,10.023,23.0,27,fit:e132bf2d9108324574334bdc27a950c6e12105c38a576939f4ac9a4551f2fe92:segment:004,4,2363.0,2240,activities/040_250906154316.csv,1,1,0,0
fit:e132bf2d9108324574334bdc27a950c6e12105c38a576939f4ac9a4551f2fe92,2025-09-06T14:22:40+00:00,198,292,160,91,10.114,23.0,27,fit:e132bf2d9108324574334bdc27a950c6e12105c38a576939f4ac9a4551f2fe92:segment:004,4,2364.0,2241,activities/040_250906154316.csv,1,1,0,0
fit:e132bf2d9108324574334bdc27a950c6e12105c38a576939f4ac9a4551f2fe92,2025-09-06T14:22:41+00:00,199,273,160,90,10.048,23.0,27,fit:e132bf2d9108324574334bdc27a950c6e12105c38a576939f4ac9a4551f2fe92:segment:004,4,2365.0,2242,activities/040_250906154316.csv,1,1,0,0
fit:e132bf2d9108324574334bdc27a950c6e12105c38a576939f4ac9a4551f2fe92,2025-09-06T14:22:42+00:00,200,303,160,90,10.074,23.0,27,fit:e132bf2d9108324574334bdc27a950c6e12105c38a576939f4ac9a4551f2fe92:segment:004,4,2366.0,2243,activities/040_250906154316.csv,1,1,0,0
fit:e132bf2d9108324574334bdc27a950c6e12105c38a576939f4ac9a4551f2fe92,2025-09-06T14:22:43+00:00,201,294,160,90,10.033,23.0,27,fit:e132bf2d9108324574334bdc27a950c6e12105c38a576939f4ac9a4551f2fe92:segment:004,4,2367.0,2244,activities/040_250906154316.csv,1,1,0,0
fit:e132bf2d9108324574334bdc27a950c6e12105c38a576939f4ac9a4551f2fe92,2025-09-06T14:22:44+00:00,202,331,161,90,10.063,23.0,27,fit:e132bf2d9108324574334bdc27a950c6e12105c38a576939f4ac9a4551f2fe92:segment:004,4,2368.0,2245,activities/040_250906154316.csv,1,1,0,0
fit:e132bf2d9108324574334bdc27a950c6e12105c38a576939f4ac9a4551f2fe92,2025-09-06T14:22:45+00:00,203,289,161,90,10.003,23.200000000000045,27,fit:e132bf2d9108324574334bdc27a950c6e12105c38a576939f4ac9a4551f2fe92:segment:004,4,2369.0,2246,activities/040_250906154316.csv,1,1,0,0
fit:e132bf2d9108324574334bdc27a950c6e12105c38a576939f4ac9a4551f2fe92,2025-09-06T14:22:46+00:00,204,289,162,90,10.038,23.799999999999955,27,fit:e132bf2d9108324574334bdc27a950c6e12105c38a576939f4ac9a4551f2fe92:segment:004,4,2370.0,2247,activities/040_250906154316.csv,1,1,0,0
fit:e132bf2d9108324574334bdc27a950c6e12105c38a576939f4ac9a4551f2fe92,2025-09-06T14:22:47+00:00,205,299,163,91,10.016,24.799999999999955,27,fit:e132bf2d9108324574334bdc27a950c6e12105c38a576939f4ac9a4551f2fe92:segment:004,4,2371.0,2248,activities/040_250906154316.csv,1,1,0,0
fit:e132bf2d9108324574334bdc27a950c6e12105c38a576939f4ac9a4551f2fe92,2025-09-06T14:22:48+00:00,206,291,163,91,10.053,24.799999999999955,27,fit:e132bf2d9108324574334bdc27a950c6e12105c38a576939f4ac9a4551f2fe92:segment:004,4,2372.0,2249,activities/040_250906154316.csv,1,1,0,0
fit:e132bf2d9108324574334bdc27a950c6e12105c38a576939f4ac9a4551f2fe92,2025-09-06T14:22:49+00:00,207,278,164,92,9.981,24.799999999999955,27,fit:e132bf2d9108324574334bdc27a950c6e12105c38a576939f4ac9a4551f2fe92:segment:004,4,2373.0,2250,activities/040_250906154316.csv,1,1,0,0
fit:e132bf2d9108324574334bdc27a950c6e12105c38a576939f4ac9a4551f2fe92,2025-09-06T14:22:50+00:00,208,267,165,92,9.983,24.200000000000045,27,fit:e132bf2d9108324574334bdc27a950c6e12105c38a576939f4ac9a4551f2fe92:segment:004,4,2374.0,2251,activities/040_250906154316.csv,1,1,0,0
fit:e132bf2d9108324574334bdc27a950c6e12105c38a576939f4ac9a4551f2fe92,2025-09-06T14:22:51+00:00,209,276,166,92,10.014,23.200000000000045,27,fit:e132bf2d9108324574334bdc27a950c6e12105c38a576939f4ac9a4551f2fe92:segment:004,4,2375.0,2252,activities/040_250906154316.csv,1,1,0,0
fit:e132bf2d9108324574334bdc27a950c6e12105c38a576939f4ac9a4551f2fe92,2025-09-06T14:22:52+00:00,210,416,166,92,10.09,23.200000000000045,27,fit:e132bf2d9108324574334bdc27a950c6e12105c38a576939f4ac9a4551f2fe92:segment:004,4,2376.0,2253,activities/040_250906154316.csv,1,1,0,0
fit:e132bf2d9108324574334bdc27a950c6e12105c38a576939f4ac9a4551f2fe92,2025-09-06T14:22:53+00:00,211,289,167,93,10.199,23.200000000000045,27,fit:e132bf2d9108324574334bdc27a950c6e12105c38a576939f4ac9a4551f2fe92:segment:004,4,2377.0,2254,activities/040_250906154316.csv,1,1,0,0
fit:e132bf2d9108324574334bdc27a950c6e12105c38a576939f4ac9a4551f2fe92,2025-09-06T14:22:54+00:00,212,297,167,92,10.165,24.200000000000045,27,fit:e132bf2d9108324574334bdc27a950c6e12105c38a576939f4ac9a4551f2fe92:segment:004,4,2378.0,2255,activities/040_250906154316.csv,1,1,0,0
fit:e132bf2d9108324574334bdc27a950c6e12105c38a576939f4ac9a4551f2fe92,2025-09-06T14:22:55+00:00,213,235,167,93,10.158,24.200000000000045,27,fit:e132bf2d9108324574334bdc27a950c6e12105c38a576939f4ac9a4551f2fe92:segment:004,4,2379.0,2256,activities/040_250906154316.csv,1,1,0,0
fit:e132bf2d9108324574334bdc27a950c6e12105c38a576939f4ac9a4551f2fe92,2025-09-06T14:22:56+00:00,214,330,168,93,10.195,24.200000000000045,27,fit:e132bf2d9108324574334bdc27a950c6e12105c38a576939f4ac9a4551f2fe92:segment:004,4,2380.0,2257,activities/040_250906154316.csv,1,1,0,0
fit:e132bf2d9108324574334bdc27a950c6e12105c38a576939f4ac9a4551f2fe92,2025-09-06T14:22:57+00:00,215,270,168,93,10.411,24.200000000000045,27,fit:e132bf2d9108324574334bdc27a950c6e12105c38a576939f4ac9a4551f2fe92:segment:004,4,2381.0,2258,activities/040_250906154316.csv,1,1,0,0
fit:e132bf2d9108324574334bdc27a950c6e12105c38a576939f4ac9a4551f2fe92,2025-09-06T14:22:58+00:00,216,283,168,93,10.338,23.399999999999977,27,fit:e132bf2d9108324574334bdc27a950c6e12105c38a576939f4ac9a4551f2fe92:segment:004,4,2382.0,2259,activities/040_250906154316.csv,1,1,0,0
fit:e132bf2d9108324574334bdc27a950c6e12105c38a576939f4ac9a4551f2fe92,2025-09-06T14:22:59+00:00,217,314,169,93,10.273,23.399999999999977,27,fit:e132bf2d9108324574334bdc27a950c6e12105c38a576939f4ac9a4551f2fe92:segment:004,4,2383.0,2260,activities/040_250906154316.csv,1,1,0,0
fit:e132bf2d9108324574334bdc27a950c6e12105c38a576939f4ac9a4551f2fe92,2025-09-06T14:23:00+00:00,218,294,169,93,10.346,23.399999999999977,27,fit:e132bf2d9108324574334bdc27a950c6e12105c38a576939f4ac9a4551f2fe92:segment:004,4,2384.0,2261,activities/040_250906154316.csv,1,1,0,0
fit:e132bf2d9108324574334bdc27a950c6e12105c38a576939f4ac9a4551f2fe92,2025-09-06T14:23:01+00:00,219,295,169,93,10.223,23.399999999999977,27,fit:e132bf2d9108324574334bdc27a950c6e12105c38a576939f4ac9a4551f2fe92:segment:004,4,2385.0,2262,activities/040_250906154316.csv,1,1,0,0
fit:e132bf2d9108324574334bdc27a950c6e12105c38a576939f4ac9a4551f2fe92,2025-09-06T14:23:02+00:00,220,295,168,93,10.219,23.399999999999977,27,fit:e132bf2d9108324574334bdc27a950c6e12105c38a576939f4ac9a4551f2fe92:segment:004,4,2386.0,2263,activities/040_250906154316.csv,1,1,0,0
fit:e132bf2d9108324574334bdc27a950c6e12105c38a576939f4ac9a4551f2fe92,2025-09-06T14:23:03+00:00,221,271,168,93,10.209,23.399999999999977,27,fit:e132bf2d9108324574334bdc27a950c6e12105c38a576939f4ac9a4551f2fe92:segment:004,4,2387.0,2264,activities/040_250906154316.csv,1,1,0,0
fit:e132bf2d9108324574334bdc27a950c6e12105c38a576939f4ac9a4551f2fe92,2025-09-06T14:23:04+00:00,222,266,168,92,10.241,23.399999999999977,27,fit:e132bf2d9108324574334bdc27a950c6e12105c38a576939f4ac9a4551f2fe92:segment:004,4,2388.0,2265,activities/040_250906154316.csv,1,1,0,0
fit:e132bf2d9108324574334bdc27a950c6e12105c38a576939f4ac9a4551f2fe92,2025-09-06T14:23:05+00:00,223,288,168,92,10.241,23.399999999999977,27,fit:e132bf2d9108324574334bdc27a950c6e12105c38a576939f4ac9a4551f2fe92:segment:004,4,2389.0,2266,activities/040_250906154316.csv,1,1,0,0
fit:e132bf2d9108324574334bdc27a950c6e12105c38a576939f4ac9a4551f2fe92,2025-09-06T14:23:06+00:00,224,288,168,92,10.318,23.399999999999977,27,fit:e132bf2d9108324574334bdc27a950c6e12105c38a576939f4ac9a4551f2fe92:segment:004,4,2390.0,2267,activities/040_250906154316.csv,1,1,0,0
fit:e132bf2d9108324574334bdc27a950c6e12105c38a576939f4ac9a4551f2fe92,2025-09-06T14:23:07+00:00,225,261,167,92,10.259,23.399999999999977,27,fit:e132bf2d9108324574334bdc27a950c6e12105c38a576939f4ac9a4551f2fe92:segment:004,4,2391.0,2268,activities/040_250906154316.csv,1,1,0,0
fit:e132bf2d9108324574334bdc27a950c6e12105c38a576939f4ac9a4551f2fe92,2025-09-06T14:23:08+00:00,226,242,167,93,10.194,23.399999999999977,27,fit:e132bf2d9108324574334bdc27a950c6e12105c38a576939f4ac9a4551f2fe92:segment:004,4,2392.0,2269,activities/040_250906154316.csv,1,1,0,0
fit:e132bf2d9108324574334bdc27a950c6e12105c38a576939f4ac9a4551f2fe92,2025-09-06T14:23:09+00:00,227,209,166,92,10.221,23.399999999999977,27,fit:e132bf2d9108324574334bdc27a950c6e12105c38a576939f4ac9a4551f2fe92:segment:004,4,2393.0,2270,activities/040_250906154316.csv,1,1,0,0
fit:e132bf2d9108324574334bdc27a950c6e12105c38a576939f4ac9a4551f2fe92,2025-09-06T14:23:10+00:00,228,207,166,92,10.143,23.799999999999955,27,fit:e132bf2d9108324574334bdc27a950c6e12105c38a576939f4ac9a4551f2fe92:segment:004,4,2394.0,2271,activities/040_250906154316.csv,1,1,0,0
fit:e132bf2d9108324574334bdc27a950c6e12105c38a576939f4ac9a4551f2fe92,2025-09-06T14:23:11+00:00,229,272,166,92,10.12,24.799999999999955,27,fit:e132bf2d9108324574334bdc27a950c6e12105c38a576939f4ac9a4551f2fe92:segment:004,4,2395.0,2272,activities/040_250906154316.csv,1,1,0,0
fit:e132bf2d9108324574334bdc27a950c6e12105c38a576939f4ac9a4551f2fe92,2025-09-06T14:23:12+00:00,230,306,166,92,10.085,24.799999999999955,27,fit:e132bf2d9108324574334bdc27a950c6e12105c38a576939f4ac9a4551f2fe92:segment:004,4,2396.0,2273,activities/040_250906154316.csv,1,1,0,0
fit:e132bf2d9108324574334bdc27a950c6e12105c38a576939f4ac9a4551f2fe92,2025-09-06T14:23:13+00:00,231,276,166,92,10.052,24.799999999999955,27,fit:e132bf2d9108324574334bdc27a950c6e12105c38a576939f4ac9a4551f2fe92:segment:004,4,2397.0,2274,activities/040_250906154316.csv,1,1,0,0
fit:e132bf2d9108324574334bdc27a950c6e12105c38a576939f4ac9a4551f2fe92,2025-09-06T14:23:14+00:00,232,282,166,92,10.081,24.200000000000045,27,fit:e132bf2d9108324574334bdc27a950c6e12105c38a576939f4ac9a4551f2fe92:segment:004,4,2398.0,2275,activities/040_250906154316.csv,1,1,0,0
fit:e132bf2d9108324574334bdc27a950c6e12105c38a576939f4ac9a4551f2fe92,2025-09-06T14:23:15+00:00,233,267,166,92,10.114,23.200000000000045,27,fit:e132bf2d9108324574334bdc27a950c6e12105c38a576939f4ac9a4551f2fe92:segment:004,4,2399.0,2276,activities/040_250906154316.csv,1,1,0,0
fit:e132bf2d9108324574334bdc27a950c6e12105c38a576939f4ac9a4551f2fe92,2025-09-06T14:23:16+00:00,234,267,166,92,10.123,23.200000000000045,27,fit:e132bf2d9108324574334bdc27a950c6e12105c38a576939f4ac9a4551f2fe92:segment:004,4,2400.0,2277,activities/040_250906154316.csv,1,1,0,0
fit:e132bf2d9108324574334bdc27a950c6e12105c38a576939f4ac9a4551f2fe92,2025-09-06T14:23:17+00:00,235,290,166,92,10.199,23.200000000000045,27,fit:e132bf2d9108324574334bdc27a950c6e12105c38a576939f4ac9a4551f2fe92:segment:004,4,2401.0,2278,activities/040_250906154316.csv,1,1,0,0
fit:e132bf2d9108324574334bdc27a950c6e12105c38a576939f4ac9a4551f2fe92,2025-09-06T14:23:18+00:00,236,246,166,92,10.208,23.399999999999977,27,fit:e132bf2d9108324574334bdc27a950c6e12105c38a576939f4ac9a4551f2fe92:segment:004,4,2402.0,2279,activities/040_250906154316.csv,1,1,0,0
fit:e132bf2d9108324574334bdc27a950c6e12105c38a576939f4ac9a4551f2fe92,2025-09-06T14:23:19+00:00,237,246,166,92,10.211,24.200000000000045,27,fit:e132bf2d9108324574334bdc27a950c6e12105c38a576939f4ac9a4551f2fe92:segment:004,4,2403.0,2280,activities/040_250906154316.csv,1,1,0,0
fit:e132bf2d9108324574334bdc27a950c6e12105c38a576939f4ac9a4551f2fe92,2025-09-06T14:23:20+00:00,238,245,166,91,10.09,24.399999999999977,27,fit:e132bf2d9108324574334bdc27a950c6e12105c38a576939f4ac9a4551f2fe92:segment:004,4,2404.0,2281,activities/040_250906154316.csv,1,1,0,0
fit:e132bf2d9108324574334bdc27a950c6e12105c38a576939f4ac9a4551f2fe92,2025-09-06T14:23:21+00:00,239,225,166,91,10.023,25.399999999999977,27,fit:e132bf2d9108324574334bdc27a950c6e12105c38a576939f4ac9a4551f2fe92:segment:004,4,2405.0,2282,activities/040_250906154316.csv,1,1,0,0
fit:e132bf2d9108324574334bdc27a950c6e12105c38a576939f4ac9a4551f2fe92,2025-09-06T14:23:22+00:00,240,322,166,90,9.944,25.399999999999977,27,fit:e132bf2d9108324574334bdc27a950c6e12105c38a576939f4ac9a4551f2fe92:segment:004,4,2406.0,2283,activities/040_250906154316.csv,1,1,0,0
fit:e132bf2d9108324574334bdc27a950c6e12105c38a576939f4ac9a4551f2fe92,2025-09-06T14:23:23+00:00,241,267,166,91,9.898,25.399999999999977,27,fit:e132bf2d9108324574334bdc27a950c6e12105c38a576939f4ac9a4551f2fe92:segment:004,4,2407.0,2284,activities/040_250906154316.csv,1,1,0,0
fit:e132bf2d9108324574334bdc27a950c6e12105c38a576939f4ac9a4551f2fe92,2025-09-06T14:23:24+00:00,242,262,166,91,9.994,25.399999999999977,27,fit:e132bf2d9108324574334bdc27a950c6e12105c38a576939f4ac9a4551f2fe92:segment:004,4,2408.0,2285,activities/040_250906154316.csv,1,1,0,0
fit:e132bf2d9108324574334bdc27a950c6e12105c38a576939f4ac9a4551f2fe92,2025-09-06T14:23:25+00:00,243,253,165,90,9.923,25.399999999999977,27,fit:e132bf2d9108324574334bdc27a950c6e12105c38a576939f4ac9a4551f2fe92:segment:004,4,2409.0,2286,activities/040_250906154316.csv,1,1,0,0
fit:e132bf2d9108324574334bdc27a950c6e12105c38a576939f4ac9a4551f2fe92,2025-09-06T14:23:26+00:00,244,270,164,90,9.855,24.399999999999977,27,fit:e132bf2d9108324574334bdc27a950c6e12105c38a576939f4ac9a4551f2fe92:segment:004,4,2410.0,2287,activities/040_250906154316.csv,1,1,0,0
fit:e132bf2d9108324574334bdc27a950c6e12105c38a576939f4ac9a4551f2fe92,2025-09-06T14:23:27+00:00,245,270,164,90,9.838,24.200000000000045,27,fit:e132bf2d9108324574334bdc27a950c6e12105c38a576939f4ac9a4551f2fe92:segment:004,4,2411.0,2288,activities/040_250906154316.csv,1,1,0,0
fit:e132bf2d9108324574334bdc27a950c6e12105c38a576939f4ac9a4551f2fe92,2025-09-06T14:23:28+00:00,246,259,163,90,9.912,24.200000000000045,27,fit:e132bf2d9108324574334bdc27a950c6e12105c38a576939f4ac9a4551f2fe92:segment:004,4,2412.0,2289,activities/040_250906154316.csv,1,1,0,0
fit:e132bf2d9108324574334bdc27a950c6e12105c38a576939f4ac9a4551f2fe92,2025-09-06T14:23:29+00:00,247,278,163,91,9.917,24.200000000000045,27,fit:e132bf2d9108324574334bdc27a950c6e12105c38a576939f4ac9a4551f2fe92:segment:004,4,2413.0,2290,activities/040_250906154316.csv,1,1,0,0
fit:e132bf2d9108324574334bdc27a950c6e12105c38a576939f4ac9a4551f2fe92,2025-09-06T14:23:30+00:00,248,261,162,90,9.9,25.0,27,fit:e132bf2d9108324574334bdc27a950c6e12105c38a576939f4ac9a4551f2fe92:segment:004,4,2414.0,2291,activities/040_250906154316.csv,1,1,0,0
fit:e132bf2d9108324574334bdc27a950c6e12105c38a576939f4ac9a4551f2fe92,2025-09-06T14:23:31+00:00,249,277,162,90,9.948,25.0,27,fit:e132bf2d9108324574334bdc27a950c6e12105c38a576939f4ac9a4551f2fe92:segment:004,4,2415.0,2292,activities/040_250906154316.csv,1,1,0,0
fit:e132bf2d9108324574334bdc27a950c6e12105c38a576939f4ac9a4551f2fe92,2025-09-06T14:23:32+00:00,250,267,162,90,9.883,25.0,27,fit:e132bf2d9108324574334bdc27a950c6e12105c38a576939f4ac9a4551f2fe92:segment:004,4,2416.0,2293,activities/040_250906154316.csv,1,1,0,0
fit:e132bf2d9108324574334bdc27a950c6e12105c38a576939f4ac9a4551f2fe92,2025-09-06T14:23:33+00:00,251,274,162,90,9.921,24.799999999999955,27,fit:e132bf2d9108324574334bdc27a950c6e12105c38a576939f4ac9a4551f2fe92:segment:004,4,2417.0,2294,activities/040_250906154316.csv,1,1,0,0
fit:e132bf2d9108324574334bdc27a950c6e12105c38a576939f4ac9a4551f2fe92,2025-09-06T14:23:34+00:00,252,296,162,91,9.911,24.799999999999955,27,fit:e132bf2d9108324574334bdc27a950c6e12105c38a576939f4ac9a4551f2fe92:segment:004,4,2418.0,2295,activities/040_250906154316.csv,1,1,0,0
fit:e132bf2d9108324574334bdc27a950c6e12105c38a576939f4ac9a4551f2fe92,2025-09-06T14:23:35+00:00,253,223,162,92,9.953,24.799999999999955,27,fit:e132bf2d9108324574334bdc27a950c6e12105c38a576939f4ac9a4551f2fe92:segment:004,4,2419.0,2296,activities/040_250906154316.csv,1,1,0,0
fit:e132bf2d9108324574334bdc27a950c6e12105c38a576939f4ac9a4551f2fe92,2025-09-06T14:23:36+00:00,254,129,162,92,10.058,24.799999999999955,27,fit:e132bf2d9108324574334bdc27a950c6e12105c38a576939f4ac9a4551f2fe92:segment:004,4,2420.0,2297,activities/040_250906154316.csv,1,1,0,0
fit:e132bf2d9108324574334bdc27a950c6e12105c38a576939f4ac9a4551f2fe92,2025-09-06T14:23:37+00:00,255,97,162,90,10.012,24.799999999999955,27,fit:e132bf2d9108324574334bdc27a950c6e12105c38a576939f4ac9a4551f2fe92:segment:004,4,2421.0,2298,activities/040_250906154316.csv,1,1,0,0
fit:e132bf2d9108324574334bdc27a950c6e12105c38a576939f4ac9a4551f2fe92,2025-09-06T14:23:38+00:00,256,85,162,88,9.93,24.600000000000023,27,fit:e132bf2d9108324574334bdc27a950c6e12105c38a576939f4ac9a4551f2fe92:segment:004,4,2422.0,2299,activities/040_250906154316.csv,1,1,0,0
fit:e132bf2d9108324574334bdc27a950c6e12105c38a576939f4ac9a4551f2fe92,2025-09-06T14:23:39+00:00,257,72,162,88,9.834,24.600000000000023,27,fit:e132bf2d9108324574334bdc27a950c6e12105c38a576939f4ac9a4551f2fe92:segment:004,4,2423.0,2300,activities/040_250906154316.csv,1,1,0,0
fit:e132bf2d9108324574334bdc27a950c6e12105c38a576939f4ac9a4551f2fe92,2025-09-06T14:23:40+00:00,258,72,161,87,9.589,24.600000000000023,27,fit:e132bf2d9108324574334bdc27a950c6e12105c38a576939f4ac9a4551f2fe92:segment:004,4,2424.0,2301,activities/040_250906154316.csv,1,1,0,0
fit:e132bf2d9108324574334bdc27a950c6e12105c38a576939f4ac9a4551f2fe92,2025-09-06T14:23:41+00:00,259,72,161,87,9.421,25.600000000000023,27,fit:e132bf2d9108324574334bdc27a950c6e12105c38a576939f4ac9a4551f2fe92:segment:004,4,2425.0,2302,activities/040_250906154316.csv,1,1,0,0
fit:e132bf2d9108324574334bdc27a950c6e12105c38a576939f4ac9a4551f2fe92,2025-09-06T14:23:42+00:00,260,72,161,87,9.185,25.600000000000023,27,fit:e132bf2d9108324574334bdc27a950c6e12105c38a576939f4ac9a4551f2fe92:segment:004,4,2426.0,2303,activities/040_250906154316.csv,1,1,0,0
fit:e132bf2d9108324574334bdc27a950c6e12105c38a576939f4ac9a4551f2fe92,2025-09-06T14:23:43+00:00,261,0,160,83,8.919,25.600000000000023,27,fit:e132bf2d9108324574334bdc27a950c6e12105c38a576939f4ac9a4551f2fe92:segment:004,4,2427.0,2304,activities/040_250906154316.csv,1,1,0,0
fit:e132bf2d9108324574334bdc27a950c6e12105c38a576939f4ac9a4551f2fe92,2025-09-06T14:23:44+00:00,262,0,159,0,8.485,24.799999999999955,27,fit:e132bf2d9108324574334bdc27a950c6e12105c38a576939f4ac9a4551f2fe92:segment:004,4,2428.0,2305,activities/040_250906154316.csv,1,1,0,0
fit:e132bf2d9108324574334bdc27a950c6e12105c38a576939f4ac9a4551f2fe92,2025-09-06T14:23:45+00:00,263,0,159,0,7.754,24.799999999999955,27,fit:e132bf2d9108324574334bdc27a950c6e12105c38a576939f4ac9a4551f2fe92:segment:004,4,2429.0,2306,activities/040_250906154316.csv,1,1,0,0
fit:e132bf2d9108324574334bdc27a950c6e12105c38a576939f4ac9a4551f2fe92,2025-09-06T14:23:46+00:00,264,0,157,0,6.445,24.799999999999955,27,fit:e132bf2d9108324574334bdc27a950c6e12105c38a576939f4ac9a4551f2fe92:segment:004,4,2430.0,2307,activities/040_250906154316.csv,1,1,0,0
fit:e132bf2d9108324574334bdc27a950c6e12105c38a576939f4ac9a4551f2fe92,2025-09-06T14:23:47+00:00,265,0,155,0,4.944,25.799999999999955,27,fit:e132bf2d9108324574334bdc27a950c6e12105c38a576939f4ac9a4551f2fe92:segment:004,4,2431.0,2308,activities/040_250906154316.csv,1,1,0,0
fit:e132bf2d9108324574334bdc27a950c6e12105c38a576939f4ac9a4551f2fe92,2025-09-06T14:23:48+00:00,266,0,155,0,3.609,26.200000000000045,27,fit:e132bf2d9108324574334bdc27a950c6e12105c38a576939f4ac9a4551f2fe92:segment:004,4,2432.0,2309,activities/040_250906154316.csv,1,1,0,0
fit:e132bf2d9108324574334bdc27a950c6e12105c38a576939f4ac9a4551f2fe92,2025-09-06T14:23:49+00:00,267,0,150,0,2.167,26.600000000000023,27,fit:e132bf2d9108324574334bdc27a950c6e12105c38a576939f4ac9a4551f2fe92:segment:004,4,2433.0,2310,activities/040_250906154316.csv,1,1,0,0
fit:e132bf2d9108324574334bdc27a950c6e12105c38a576939f4ac9a4551f2fe92,2025-09-06T14:23:50+00:00,268,0,150,0,0.0,26.600000000000023,27,fit:e132bf2d9108324574334bdc27a950c6e12105c38a576939f4ac9a4551f2fe92:segment:004,4,2434.0,2311,activities/040_250906154316.csv,1,1,0,0
fit:e132bf2d9108324574334bdc27a950c6e12105c38a576939f4ac9a4551f2fe92,2025-09-06T14:23:51+00:00,269,0,148,0,0.0,26.600000000000023,27,fit:e132bf2d9108324574334bdc27a950c6e12105c38a576939f4ac9a4551f2fe92:segment:004,4,2435.0,2312,activities/040_250906154316.csv,1,1,0,0
fit:e132bf2d9108324574334bdc27a950c6e12105c38a576939f4ac9a4551f2fe92,2025-09-06T14:23:52+00:00,270,0,147,0,1.965,26.600000000000023,27,fit:e132bf2d9108324574334bdc27a950c6e12105c38a576939f4ac9a4551f2fe92:segment:004,4,2436.0,2313,activities/040_250906154316.csv,1,1,0,0
fit:e132bf2d9108324574334bdc27a950c6e12105c38a576939f4ac9a4551f2fe92,2025-09-06T14:23:53+00:00,271,0,145,0,1.993,26.600000000000023,27,fit:e132bf2d9108324574334bdc27a950c6e12105c38a576939f4ac9a4551f2fe92:segment:004,4,2437.0,2314,activities/040_250906154316.csv,1,1,0,0
fit:e132bf2d9108324574334bdc27a950c6e12105c38a576939f4ac9a4551f2fe92,2025-09-06T14:23:54+00:00,272,0,145,0,2.291,26.600000000000023,27,fit:e132bf2d9108324574334bdc27a950c6e12105c38a576939f4ac9a4551f2fe92:segment:004,4,2438.0,2315,activities/040_250906154316.csv,1,1,0,0
fit:e132bf2d9108324574334bdc27a950c6e12105c38a576939f4ac9a4551f2fe92,2025-09-06T14:23:55+00:00,273,71,144,0,2.775,26.600000000000023,27,fit:e132bf2d9108324574334bdc27a950c6e12105c38a576939f4ac9a4551f2fe92:segment:004,4,2439.0,2316,activities/040_250906154316.csv,1,1,0,0
fit:e132bf2d9108324574334bdc27a950c6e12105c38a576939f4ac9a4551f2fe92,2025-09-06T14:23:56+00:00,274,71,142,0,3.214,26.600000000000023,27,fit:e132bf2d9108324574334bdc27a950c6e12105c38a576939f4ac9a4551f2fe92:segment:004,4,2440.0,2317,activities/040_250906154316.csv,1,1,0,0
fit:e132bf2d9108324574334bdc27a950c6e12105c38a576939f4ac9a4551f2fe92,2025-09-06T14:23:57+00:00,275,289,141,35,3.718,26.600000000000023,27,fit:e132bf2d9108324574334bdc27a950c6e12105c38a576939f4ac9a4551f2fe92:segment:004,4,2441.0,2318,activities/040_250906154316.csv,1,1,0,0
fit:e132bf2d9108324574334bdc27a950c6e12105c38a576939f4ac9a4551f2fe92,2025-09-06T14:23:58+00:00,276,304,141,45,4.422,26.0,27,fit:e132bf2d9108324574334bdc27a950c6e12105c38a576939f4ac9a4551f2fe92:segment:004,4,2442.0,2319,activities/040_250906154316.csv,1,1,0,0
fit:e132bf2d9108324574334bdc27a950c6e12105c38a576939f4ac9a4551f2fe92,2025-09-06T14:23:59+00:00,277,305,141,51,4.765,26.0,27,fit:e132bf2d9108324574334bdc27a950c6e12105c38a576939f4ac9a4551f2fe92:segment:004,4,2443.0,2320,activities/040_250906154316.csv,1,1,0,0
fit:e132bf2d9108324574334bdc27a950c6e12105c38a576939f4ac9a4551f2fe92,2025-09-06T14:24:00+00:00,278,341,140,56,5.273,26.0,27,fit:e132bf2d9108324574334bdc27a950c6e12105c38a576939f4ac9a4551f2fe92:segment:004,4,2444.0,2321,activities/040_250906154316.csv,1,1,0,0
fit:e132bf2d9108324574334bdc27a950c6e12105c38a576939f4ac9a4551f2fe92,2025-09-06T14:24:01+00:00,279,358,140,59,5.889,26.0,27,fit:e132bf2d9108324574334bdc27a950c6e12105c38a576939f4ac9a4551f2fe92:segment:004,4,2445.0,2322,activities/040_250906154316.csv,1,1,0,0
fit:e132bf2d9108324574334bdc27a950c6e12105c38a576939f4ac9a4551f2fe92,2025-09-06T14:24:02+00:00,280,359,140,59,6.377,25.799999999999955,27,fit:e132bf2d9108324574334bdc27a950c6e12105c38a576939f4ac9a4551f2fe92:segment:004,4,2446.0,2323,activities/040_250906154316.csv,1,1,0,0
fit:e132bf2d9108324574334bdc27a950c6e12105c38a576939f4ac9a4551f2fe92,2025-09-06T14:24:03+00:00,281,284,141,65,6.727,25.399999999999977,27,fit:e132bf2d9108324574334bdc27a950c6e12105c38a576939f4ac9a4551f2fe92:segment:004,4,2447.0,2324,activities/040_250906154316.csv,1,1,0,0
fit:e132bf2d9108324574334bdc27a950c6e12105c38a576939f4ac9a4551f2fe92,2025-09-06T14:24:04+00:00,282,266,141,66,6.854,25.200000000000045,27,fit:e132bf2d9108324574334bdc27a950c6e12105c38a576939f4ac9a4551f2fe92:segment:004,4,2448.0,2325,activities/040_250906154316.csv,1,1,0,0
fit:e132bf2d9108324574334bdc27a950c6e12105c38a576939f4ac9a4551f2fe92,2025-09-06T14:24:05+00:00,283,57,141,35,7.211,25.200000000000045,27,fit:e132bf2d9108324574334bdc27a950c6e12105c38a576939f4ac9a4551f2fe92:segment:004,4,2449.0,2326,activities/040_250906154316.csv,1,1,0,0
fit:e132bf2d9108324574334bdc27a950c6e12105c38a576939f4ac9a4551f2fe92,2025-09-06T14:24:06+00:00,284,240,141,69,7.239,25.200000000000045,27,fit:e132bf2d9108324574334bdc27a950c6e12105c38a576939f4ac9a4551f2fe92:segment:004,4,2450.0,2327,activities/040_250906154316.csv,1,1,0,0
fit:e132bf2d9108324574334bdc27a950c6e12105c38a576939f4ac9a4551f2fe92,2025-09-06T14:24:07+00:00,285,240,141,69,7.285,25.200000000000045,27,fit:e132bf2d9108324574334bdc27a950c6e12105c38a576939f4ac9a4551f2fe92:segment:004,4,2451.0,2328,activities/040_250906154316.csv,1,1,0,0
fit:e132bf2d9108324574334bdc27a950c6e12105c38a576939f4ac9a4551f2fe92,2025-09-06T14:24:08+00:00,286,219,140,76,7.34,25.200000000000045,27,fit:e132bf2d9108324574334bdc27a950c6e12105c38a576939f4ac9a4551f2fe92:segment:004,4,2452.0,2329,activities/040_250906154316.csv,1,1,0,0
fit:e132bf2d9108324574334bdc27a950c6e12105c38a576939f4ac9a4551f2fe92,2025-09-06T14:24:09+00:00,287,223,140,77,7.476,25.200000000000045,27,fit:e132bf2d9108324574334bdc27a950c6e12105c38a576939f4ac9a4551f2fe92:segment:004,4,2453.0,2330,activities/040_250906154316.csv,1,1,0,0
fit:e132bf2d9108324574334bdc27a950c6e12105c38a576939f4ac9a4551f2fe92,2025-09-06T14:24:10+00:00,288,227,140,79,7.452,25.200000000000045,27,fit:e132bf2d9108324574334bdc27a950c6e12105c38a576939f4ac9a4551f2fe92:segment:004,4,2454.0,2331,activities/040_250906154316.csv,1,1,0,0
fit:e132bf2d9108324574334bdc27a950c6e12105c38a576939f4ac9a4551f2fe92,2025-09-06T14:24:11+00:00,289,181,139,80,7.631,25.200000000000045,27,fit:e132bf2d9108324574334bdc27a950c6e12105c38a576939f4ac9a4551f2fe92:segment:004,4,2455.0,2332,activities/040_250906154316.csv,1,1,0,0
fit:e132bf2d9108324574334bdc27a950c6e12105c38a576939f4ac9a4551f2fe92,2025-09-06T14:24:12+00:00,290,176,139,80,7.806,25.200000000000045,27,fit:e132bf2d9108324574334bdc27a950c6e12105c38a576939f4ac9a4551f2fe92:segment:004,4,2456.0,2333,activities/040_250906154316.csv,1,1,0,0
fit:e132bf2d9108324574334bdc27a950c6e12105c38a576939f4ac9a4551f2fe92,2025-09-06T14:24:13+00:00,291,184,139,80,7.836,25.200000000000045,27,fit:e132bf2d9108324574334bdc27a950c6e12105c38a576939f4ac9a4551f2fe92:segment:004,4,2457.0,2334,activities/040_250906154316.csv,1,1,0,0
fit:e132bf2d9108324574334bdc27a950c6e12105c38a576939f4ac9a4551f2fe92,2025-09-06T14:24:14+00:00,292,224,139,77,7.897,25.200000000000045,27,fit:e132bf2d9108324574334bdc27a950c6e12105c38a576939f4ac9a4551f2fe92:segment:004,4,2458.0,2335,activities/040_250906154316.csv,1,1,0,0
fit:e132bf2d9108324574334bdc27a950c6e12105c38a576939f4ac9a4551f2fe92,2025-09-06T14:24:15+00:00,293,150,140,52,7.596,26.0,27,fit:e132bf2d9108324574334bdc27a950c6e12105c38a576939f4ac9a4551f2fe92:segment:004,4,2459.0,2336,activities/040_250906154316.csv,1,1,0,0
fit:e132bf2d9108324574334bdc27a950c6e12105c38a576939f4ac9a4551f2fe92,2025-09-06T14:24:16+00:00,294,266,140,82,7.732,26.0,27,fit:e132bf2d9108324574334bdc27a950c6e12105c38a576939f4ac9a4551f2fe92:segment:004,4,2460.0,2337,activities/040_250906154316.csv,1,1,0,0
fit:e132bf2d9108324574334bdc27a950c6e12105c38a576939f4ac9a4551f2fe92,2025-09-06T14:24:17+00:00,295,265,140,83,8.042,26.0,27,fit:e132bf2d9108324574334bdc27a950c6e12105c38a576939f4ac9a4551f2fe92:segment:004,4,2461.0,2338,activities/040_250906154316.csv,1,1,0,0
fit:e132bf2d9108324574334bdc27a950c6e12105c38a576939f4ac9a4551f2fe92,2025-09-06T14:24:18+00:00,296,203,140,84,8.159,25.0,27,fit:e132bf2d9108324574334bdc27a950c6e12105c38a576939f4ac9a4551f2fe92:segment:004,4,2462.0,2339,activities/040_250906154316.csv,1,1,0,0
fit:e132bf2d9108324574334bdc27a950c6e12105c38a576939f4ac9a4551f2fe92,2025-09-06T14:24:19+00:00,297,178,141,84,8.199,25.0,27,fit:e132bf2d9108324574334bdc27a950c6e12105c38a576939f4ac9a4551f2fe92:segment:004,4,2463.0,2340,activities/040_250906154316.csv,1,1,0,0
fit:e132bf2d9108324574334bdc27a950c6e12105c38a576939f4ac9a4551f2fe92,2025-09-06T14:24:20+00:00,298,169,141,85,8.224,25.0,27,fit:e132bf2d9108324574334bdc27a950c6e12105c38a576939f4ac9a4551f2fe92:segment:004,4,2464.0,2341,activities/040_250906154316.csv,1,1,0,0
fit:e132bf2d9108324574334bdc27a950c6e12105c38a576939f4ac9a4551f2fe92,2025-09-06T14:24:21+00:00,299,153,141,85,8.255,25.0,27,fit:e132bf2d9108324574334bdc27a950c6e12105c38a576939f4ac9a4551f2fe92:segment:004,4,2465.0,2342,activities/040_250906154316.csv,1,1,0,0
fit:e132bf2d9108324574334bdc27a950c6e12105c38a576939f4ac9a4551f2fe92,2025-09-06T14:24:22+00:00,300,143,142,85,8.379,25.0,27,fit:e132bf2d9108324574334bdc27a950c6e12105c38a576939f4ac9a4551f2fe92:segment:004,4,2466.0,2343,activities/040_250906154316.csv,1,1,0,0
fit:e132bf2d9108324574334bdc27a950c6e12105c38a576939f4ac9a4551f2fe92,2025-09-06T14:24:23+00:00,301,130,142,85,8.408,25.0,27,fit:e132bf2d9108324574334bdc27a950c6e12105c38a576939f4ac9a4551f2fe92:segment:004,4,2467.0,2344,activities/040_250906154316.csv,1,1,0,0
fit:e132bf2d9108324574334bdc27a950c6e12105c38a576939f4ac9a4551f2fe92,2025-09-06T14:24:24+00:00,302,154,142,85,8.407,24.200000000000045,27,fit:e132bf2d9108324574334bdc27a950c6e12105c38a576939f4ac9a4551f2fe92:segment:004,4,2468.0,2345,activities/040_250906154316.csv,1,1,0,0
fit:e132bf2d9108324574334bdc27a950c6e12105c38a576939f4ac9a4551f2fe92,2025-09-06T14:24:25+00:00,303,154,142,85,8.434,24.200000000000045,27,fit:e132bf2d9108324574334bdc27a950c6e12105c38a576939f4ac9a4551f2fe92:segment:004,4,2469.0,2346,activities/040_250906154316.csv,1,1,0,0
fit:e132bf2d9108324574334bdc27a950c6e12105c38a576939f4ac9a4551f2fe92,2025-09-06T14:24:26+00:00,304,136,142,84,8.314,24.200000000000045,27,fit:e132bf2d9108324574334bdc27a950c6e12105c38a576939f4ac9a4551f2fe92:segment:004,4,2470.0,2347,activities/040_250906154316.csv,1,1,0,0
fit:e132bf2d9108324574334bdc27a950c6e12105c38a576939f4ac9a4551f2fe92,2025-09-06T14:24:27+00:00,305,144,141,84,8.269,25.200000000000045,27,fit:e132bf2d9108324574334bdc27a950c6e12105c38a576939f4ac9a4551f2fe92:segment:004,4,2471.0,2348,activities/040_250906154316.csv,1,1,0,0
fit:e132bf2d9108324574334bdc27a950c6e12105c38a576939f4ac9a4551f2fe92,2025-09-06T14:24:28+00:00,306,173,140,85,8.243,25.200000000000045,27,fit:e132bf2d9108324574334bdc27a950c6e12105c38a576939f4ac9a4551f2fe92:segment:004,4,2472.0,2349,activities/040_250906154316.csv,1,1,0,0
fit:e132bf2d9108324574334bdc27a950c6e12105c38a576939f4ac9a4551f2fe92,2025-09-06T14:24:29+00:00,307,158,139,85,8.341,25.200000000000045,27,fit:e132bf2d9108324574334bdc27a950c6e12105c38a576939f4ac9a4551f2fe92:segment:004,4,2473.0,2350,activities/040_250906154316.csv,1,1,0,0
fit:e132bf2d9108324574334bdc27a950c6e12105c38a576939f4ac9a4551f2fe92,2025-09-06T14:24:30+00:00,308,186,139,85,8.397,25.200000000000045,27,fit:e132bf2d9108324574334bdc27a950c6e12105c38a576939f4ac9a4551f2fe92:segment:004,4,2474.0,2351,activities/040_250906154316.csv,1,1,0,0
fit:e132bf2d9108324574334bdc27a950c6e12105c38a576939f4ac9a4551f2fe92,2025-09-06T14:24:31+00:00,309,168,138,85,8.399,25.200000000000045,27,fit:e132bf2d9108324574334bdc27a950c6e12105c38a576939f4ac9a4551f2fe92:segment:004,4,2475.0,2352,activities/040_250906154316.csv,1,1,0,0
fit:e132bf2d9108324574334bdc27a950c6e12105c38a576939f4ac9a4551f2fe92,2025-09-06T14:24:32+00:00,310,168,138,86,8.394,24.200000000000045,27,fit:e132bf2d9108324574334bdc27a950c6e12105c38a576939f4ac9a4551f2fe92:segment:004,4,2476.0,2353,activities/040_250906154316.csv,1,1,0,0
fit:e132bf2d9108324574334bdc27a950c6e12105c38a576939f4ac9a4551f2fe92,2025-09-06T14:24:33+00:00,311,109,137,86,8.428,24.0,27,fit:e132bf2d9108324574334bdc27a950c6e12105c38a576939f4ac9a4551f2fe92:segment:004,4,2477.0,2354,activities/040_250906154316.csv,1,1,0,0
fit:e132bf2d9108324574334bdc27a950c6e12105c38a576939f4ac9a4551f2fe92,2025-09-06T14:24:34+00:00,312,121,137,85,8.459,24.0,27,fit:e132bf2d9108324574334bdc27a950c6e12105c38a576939f4ac9a4551f2fe92:segment:004,4,2478.0,2355,activities/040_250906154316.csv,1,1,0,0
fit:e132bf2d9108324574334bdc27a950c6e12105c38a576939f4ac9a4551f2fe92,2025-09-06T14:24:35+00:00,313,113,136,84,8.375,24.0,27,fit:e132bf2d9108324574334bdc27a950c6e12105c38a576939f4ac9a4551f2fe92:segment:004,4,2479.0,2356,activities/040_250906154316.csv,1,1,0,0
fit:e132bf2d9108324574334bdc27a950c6e12105c38a576939f4ac9a4551f2fe92,2025-09-06T14:24:36+00:00,314,104,136,84,8.32,24.799999999999955,27,fit:e132bf2d9108324574334bdc27a950c6e12105c38a576939f4ac9a4551f2fe92:segment:004,4,2480.0,2357,activities/040_250906154316.csv,1,1,0,0
fit:e132bf2d9108324574334bdc27a950c6e12105c38a576939f4ac9a4551f2fe92,2025-09-06T14:24:37+00:00,315,127,136,84,8.39,24.799999999999955,27,fit:e132bf2d9108324574334bdc27a950c6e12105c38a576939f4ac9a4551f2fe92:segment:004,4,2481.0,2358,activities/040_250906154316.csv,1,1,0,0
fit:e132bf2d9108324574334bdc27a950c6e12105c38a576939f4ac9a4551f2fe92,2025-09-06T14:24:38+00:00,316,127,136,83,8.247,24.799999999999955,27,fit:e132bf2d9108324574334bdc27a950c6e12105c38a576939f4ac9a4551f2fe92:segment:004,4,2482.0,2359,activities/040_250906154316.csv,1,1,0,0
fit:e132bf2d9108324574334bdc27a950c6e12105c38a576939f4ac9a4551f2fe92,2025-09-06T14:24:39+00:00,317,128,135,83,8.151,24.799999999999955,27,fit:e132bf2d9108324574334bdc27a950c6e12105c38a576939f4ac9a4551f2fe92:segment:004,4,2483.0,2360,activities/040_250906154316.csv,1,1,0,0
fit:e132bf2d9108324574334bdc27a950c6e12105c38a576939f4ac9a4551f2fe92,2025-09-06T14:24:40+00:00,318,128,134,83,7.983,24.799999999999955,27,fit:e132bf2d9108324574334bdc27a950c6e12105c38a576939f4ac9a4551f2fe92:segment:004,4,2484.0,2361,activities/040_250906154316.csv,1,1,0,0
fit:e132bf2d9108324574334bdc27a950c6e12105c38a576939f4ac9a4551f2fe92,2025-09-06T14:24:41+00:00,319,128,134,83,7.928,24.799999999999955,27,fit:e132bf2d9108324574334bdc27a950c6e12105c38a576939f4ac9a4551f2fe92:segment:004,4,2485.0,2362,activities/040_250906154316.csv,1,1,0,0
fit:e132bf2d9108324574334bdc27a950c6e12105c38a576939f4ac9a4551f2fe92,2025-09-06T14:24:42+00:00,320,128,133,83,7.765,25.0,27,fit:e132bf2d9108324574334bdc27a950c6e12105c38a576939f4ac9a4551f2fe92:segment:004,4,2486.0,2363,activities/040_250906154316.csv,1,1,0,0
fit:e132bf2d9108324574334bdc27a950c6e12105c38a576939f4ac9a4551f2fe92,2025-09-06T14:24:43+00:00,321,115,131,79,7.564,25.0,27,fit:e132bf2d9108324574334bdc27a950c6e12105c38a576939f4ac9a4551f2fe92:segment:004,4,2487.0,2364,activities/040_250906154316.csv,1,1,0,0
fit:e132bf2d9108324574334bdc27a950c6e12105c38a576939f4ac9a4551f2fe92,2025-09-06T14:24:44+00:00,322,104,130,76,7.284,25.0,27,fit:e132bf2d9108324574334bdc27a950c6e12105c38a576939f4ac9a4551f2fe92:segment:004,4,2488.0,2365,activities/040_250906154316.csv,1,1,0,0
fit:e132bf2d9108324574334bdc27a950c6e12105c38a576939f4ac9a4551f2fe92,2025-09-06T14:24:45+00:00,323,0,130,0,6.957,25.0,27,fit:e132bf2d9108324574334bdc27a950c6e12105c38a576939f4ac9a4551f2fe92:segment:004,4,2489.0,2366,activities/040_250906154316.csv,1,1,0,0
fit:e132bf2d9108324574334bdc27a950c6e12105c38a576939f4ac9a4551f2fe92,2025-09-06T14:24:46+00:00,324,0,129,0,6.472,25.0,27,fit:e132bf2d9108324574334bdc27a950c6e12105c38a576939f4ac9a4551f2fe92:segment:004,4,2490.0,2367,activities/040_250906154316.csv,1,1,0,0
fit:e132bf2d9108324574334bdc27a950c6e12105c38a576939f4ac9a4551f2fe92,2025-09-06T14:24:47+00:00,325,0,127,0,5.519,25.0,27,fit:e132bf2d9108324574334bdc27a950c6e12105c38a576939f4ac9a4551f2fe92:segment:004,4,2491.0,2368,activities/040_250906154316.csv,1,1,0,0
fit:e132bf2d9108324574334bdc27a950c6e12105c38a576939f4ac9a4551f2fe92,2025-09-06T14:24:48+00:00,326,0,127,0,4.504,26.0,27,fit:e132bf2d9108324574334bdc27a950c6e12105c38a576939f4ac9a4551f2fe92:segment:004,4,2492.0,2369,activities/040_250906154316.csv,1,1,0,0
fit:e132bf2d9108324574334bdc27a950c6e12105c38a576939f4ac9a4551f2fe92,2025-09-06T14:24:49+00:00,327,0,126,0,3.634,26.399999999999977,27,fit:e132bf2d9108324574334bdc27a950c6e12105c38a576939f4ac9a4551f2fe92:segment:004,4,2493.0,2370,activities/040_250906154316.csv,1,1,0,0
fit:e132bf2d9108324574334bdc27a950c6e12105c38a576939f4ac9a4551f2fe92,2025-09-06T14:24:50+00:00,328,0,125,0,2.909,26.399999999999977,27,fit:e132bf2d9108324574334bdc27a950c6e12105c38a576939f4ac9a4551f2fe92:segment:004,4,2494.0,2371,activities/040_250906154316.csv,1,1,0,0
fit:e132bf2d9108324574334bdc27a950c6e12105c38a576939f4ac9a4551f2fe92,2025-09-06T14:24:51+00:00,329,0,123,0,2.374,26.399999999999977,27,fit:e132bf2d9108324574334bdc27a950c6e12105c38a576939f4ac9a4551f2fe92:segment:004,4,2495.0,2372,activities/040_250906154316.csv,1,1,0,0
fit:e132bf2d9108324574334bdc27a950c6e12105c38a576939f4ac9a4551f2fe92,2025-09-06T14:24:52+00:00,330,0,122,0,2.096,26.399999999999977,27,fit:e132bf2d9108324574334bdc27a950c6e12105c38a576939f4ac9a4551f2fe92:segment:004,4,2496.0,2373,activities/040_250906154316.csv,1,1,0,0
fit:e132bf2d9108324574334bdc27a950c6e12105c38a576939f4ac9a4551f2fe92,2025-09-06T14:24:53+00:00,331,0,120,0,1.768,26.399999999999977,27,fit:e132bf2d9108324574334bdc27a950c6e12105c38a576939f4ac9a4551f2fe92:segment:004,4,2497.0,2374,activities/040_250906154316.csv,1,1,0,0
fit:e132bf2d9108324574334bdc27a950c6e12105c38a576939f4ac9a4551f2fe92,2025-09-06T14:24:54+00:00,332,0,119,0,1.485,26.399999999999977,27,fit:e132bf2d9108324574334bdc27a950c6e12105c38a576939f4ac9a4551f2fe92:segment:004,4,2498.0,2375,activities/040_250906154316.csv,1,1,0,0
fit:e132bf2d9108324574334bdc27a950c6e12105c38a576939f4ac9a4551f2fe92,2025-09-06T14:24:55+00:00,333,0,118,0,1.181,26.399999999999977,27,fit:e132bf2d9108324574334bdc27a950c6e12105c38a576939f4ac9a4551f2fe92:segment:004,4,2499.0,2376,activities/040_250906154316.csv,1,1,0,0
fit:e132bf2d9108324574334bdc27a950c6e12105c38a576939f4ac9a4551f2fe92,2025-09-06T14:24:56+00:00,334,0,117,0,0.0,26.399999999999977,27,fit:e132bf2d9108324574334bdc27a950c6e12105c38a576939f4ac9a4551f2fe92:segment:004,4,2500.0,2377,activities/040_250906154316.csv,1,1,0,0
fit:e132bf2d9108324574334bdc27a950c6e12105c38a576939f4ac9a4551f2fe92,2025-09-06T14:24:57+00:00,335,0,117,0,0.0,26.399999999999977,27,fit:e132bf2d9108324574334bdc27a950c6e12105c38a576939f4ac9a4551f2fe92:segment:004,4,2501.0,2378,activities/040_250906154316.csv,1,1,0,0
