activity_id,timestamp,elapsed_seconds,power_w,heart_rate_bpm,cadence_rpm,speed_m_s,altitude_m,temperature_c,segment_id,segment_number,source_elapsed_seconds,source_row_index,source_file,activity_split,segment_selected_from_activity,power_missing,hr_missing
fit:7c2dd3f8e45aa58647ed3b9fa00ff0ab535595cddf75080f52eaa61123476c92,2026-08-24T07:45:42+00:00,0,107,86,0,3.094,1078.4,17,fit:7c2dd3f8e45aa58647ed3b9fa00ff0ab535595cddf75080f52eaa61123476c92:segment:008,8,6963.0,6547,activities/116_260824074938.csv,1,1,0,0
fit:7c2dd3f8e45aa58647ed3b9fa00ff0ab535595cddf75080f52eaa61123476c92,2026-08-24T07:45:43+00:00,1,107,88,0,3.897,1078.4,17,fit:7c2dd3f8e45aa58647ed3b9fa00ff0ab535595cddf75080f52eaa61123476c92:segment:008,8,6964.0,6548,activities/116_260824074938.csv,1,1,0,0
fit:7c2dd3f8e45aa58647ed3b9fa00ff0ab535595cddf75080f52eaa61123476c92,2026-08-24T07:45:44+00:00,2,210,88,29,4.557,1078.4,17,fit:7c2dd3f8e45aa58647ed3b9fa00ff0ab535595cddf75080f52eaa61123476c92:segment:008,8,6965.0,6549,activities/116_260824074938.csv,1,1,0,0
fit:7c2dd3f8e45aa58647ed3b9fa00ff0ab535595cddf75080f52eaa61123476c92,2026-08-24T07:45:45+00:00,3,210,92,29,5.21,1077.4,17,fit:7c2dd3f8e45aa58647ed3b9fa00ff0ab535595cddf75080f52eaa61123476c92:segment:008,8,6966.0,6550,activities/116_260824074938.csv,1,1,0,0
fit:7c2dd3f8e45aa58647ed3b9fa00ff0ab535595cddf75080f52eaa61123476c92,2026-08-24T07:45:46+00:00,4,210,95,29,5.781,1075.6,17,fit:7c2dd3f8e45aa58647ed3b9fa00ff0ab535595cddf75080f52eaa61123476c92:segment:008,8,6967.0,6551,activities/116_260824074938.csv,1,1,0,0
fit:7c2dd3f8e45aa58647ed3b9fa00ff0ab535595cddf75080f52eaa61123476c92,2026-08-24T07:45:47+00:00,5,79,98,21,6.198,1075.6,17,fit:7c2dd3f8e45aa58647ed3b9fa00ff0ab535595cddf75080f52eaa61123476c92:segment:008,8,6968.0,6552,activities/116_260824074938.csv,1,1,0,0
fit:7c2dd3f8e45aa58647ed3b9fa00ff0ab535595cddf75080f52eaa61123476c92,2026-08-24T07:45:48+00:00,6,250,101,21,6.604,1075.6,17,fit:7c2dd3f8e45aa58647ed3b9fa00ff0ab535595cddf75080f52eaa61123476c92:segment:008,8,6969.0,6553,activities/116_260824074938.csv,1,1,0,0
fit:7c2dd3f8e45aa58647ed3b9fa00ff0ab535595cddf75080f52eaa61123476c92,2026-08-24T07:45:49+00:00,7,344,103,45,7.009,1075.6,17,fit:7c2dd3f8e45aa58647ed3b9fa00ff0ab535595cddf75080f52eaa61123476c92:segment:008,8,6970.0,6554,activities/116_260824074938.csv,1,1,0,0
fit:7c2dd3f8e45aa58647ed3b9fa00ff0ab535595cddf75080f52eaa61123476c92,2026-08-24T07:45:50+00:00,8,344,104,45,7.475,1074.2,17,fit:7c2dd3f8e45aa58647ed3b9fa00ff0ab535595cddf75080f52eaa61123476c92:segment:008,8,6971.0,6555,activities/116_260824074938.csv,1,1,0,0
fit:7c2dd3f8e45aa58647ed3b9fa00ff0ab535595cddf75080f52eaa61123476c92,2026-08-24T07:45:51+00:00,9,321,105,50,7.963,1074.2,17,fit:7c2dd3f8e45aa58647ed3b9fa00ff0ab535595cddf75080f52eaa61123476c92:segment:008,8,6972.0,6556,activities/116_260824074938.csv,1,1,0,0
fit:7c2dd3f8e45aa58647ed3b9fa00ff0ab535595cddf75080f52eaa61123476c92,2026-08-24T07:45:52+00:00,10,238,107,50,8.419,1074.2,17,fit:7c2dd3f8e45aa58647ed3b9fa00ff0ab535595cddf75080f52eaa61123476c92:segment:008,8,6973.0,6557,activities/116_260824074938.csv,1,1,0,0
fit:7c2dd3f8e45aa58647ed3b9fa00ff0ab535595cddf75080f52eaa61123476c92,2026-08-24T07:45:53+00:00,11,237,108,53,9.095,1074.2,17,fit:7c2dd3f8e45aa58647ed3b9fa00ff0ab535595cddf75080f52eaa61123476c92:segment:008,8,6974.0,6558,activities/116_260824074938.csv,1,1,0,0
fit:7c2dd3f8e45aa58647ed3b9fa00ff0ab535595cddf75080f52eaa61123476c92,2026-08-24T07:45:54+00:00,12,8,108,53,9.535,1070.0,17,fit:7c2dd3f8e45aa58647ed3b9fa00ff0ab535595cddf75080f52eaa61123476c92:segment:008,8,6975.0,6559,activities/116_260824074938.csv,1,1,0,0
fit:7c2dd3f8e45aa58647ed3b9fa00ff0ab535595cddf75080f52eaa61123476c92,2026-08-24T07:45:55+00:00,13,180,109,0,9.456,1070.0,17,fit:7c2dd3f8e45aa58647ed3b9fa00ff0ab535595cddf75080f52eaa61123476c92:segment:008,8,6976.0,6560,activities/116_260824074938.csv,1,1,0,0
fit:7c2dd3f8e45aa58647ed3b9fa00ff0ab535595cddf75080f52eaa61123476c92,2026-08-24T07:45:56+00:00,14,160,110,76,9.878,1070.0,17,fit:7c2dd3f8e45aa58647ed3b9fa00ff0ab535595cddf75080f52eaa61123476c92:segment:008,8,6977.0,6561,activities/116_260824074938.csv,1,1,0,0
fit:7c2dd3f8e45aa58647ed3b9fa00ff0ab535595cddf75080f52eaa61123476c92,2026-08-24T07:45:57+00:00,15,160,111,76,10.567,1070.0,18,fit:7c2dd3f8e45aa58647ed3b9fa00ff0ab535595cddf75080f52eaa61123476c92:segment:008,8,6978.0,6562,activities/116_260824074938.csv,1,1,0,0
fit:7c2dd3f8e45aa58647ed3b9fa00ff0ab535595cddf75080f52eaa61123476c92,2026-08-24T07:45:58+00:00,16,160,111,76,11.004,1068.0,18,fit:7c2dd3f8e45aa58647ed3b9fa00ff0ab535595cddf75080f52eaa61123476c92:segment:008,8,6979.0,6563,activities/116_260824074938.csv,1,1,0,0
fit:7c2dd3f8e45aa58647ed3b9fa00ff0ab535595cddf75080f52eaa61123476c92,2026-08-24T07:45:59+00:00,17,160,111,76,11.155,1068.0,18,fit:7c2dd3f8e45aa58647ed3b9fa00ff0ab535595cddf75080f52eaa61123476c92:segment:008,8,6980.0,6564,activities/116_260824074938.csv,1,1,0,0
fit:7c2dd3f8e45aa58647ed3b9fa00ff0ab535595cddf75080f52eaa61123476c92,2026-08-24T07:46:00+00:00,18,153,111,75,11.034,1068.0,18,fit:7c2dd3f8e45aa58647ed3b9fa00ff0ab535595cddf75080f52eaa61123476c92:segment:008,8,6981.0,6565,activities/116_260824074938.csv,1,1,0,0
fit:7c2dd3f8e45aa58647ed3b9fa00ff0ab535595cddf75080f52eaa61123476c92,2026-08-24T07:46:01+00:00,19,0,111,0,11.224,1067.0,18,fit:7c2dd3f8e45aa58647ed3b9fa00ff0ab535595cddf75080f52eaa61123476c92:segment:008,8,6982.0,6566,activities/116_260824074938.csv,1,1,0,0
fit:7c2dd3f8e45aa58647ed3b9fa00ff0ab535595cddf75080f52eaa61123476c92,2026-08-24T07:46:02+00:00,20,0,111,0,11.443,1065.4,18,fit:7c2dd3f8e45aa58647ed3b9fa00ff0ab535595cddf75080f52eaa61123476c92:segment:008,8,6983.0,6567,activities/116_260824074938.csv,1,1,0,0
fit:7c2dd3f8e45aa58647ed3b9fa00ff0ab535595cddf75080f52eaa61123476c92,2026-08-24T07:46:03+00:00,21,0,111,0,11.676,1065.4,18,fit:7c2dd3f8e45aa58647ed3b9fa00ff0ab535595cddf75080f52eaa61123476c92:segment:008,8,6984.0,6568,activities/116_260824074938.csv,1,1,0,0
fit:7c2dd3f8e45aa58647ed3b9fa00ff0ab535595cddf75080f52eaa61123476c92,2026-08-24T07:46:04+00:00,22,0,111,0,11.944,1065.4,18,fit:7c2dd3f8e45aa58647ed3b9fa00ff0ab535595cddf75080f52eaa61123476c92:segment:008,8,6985.0,6569,activities/116_260824074938.csv,1,1,0,0
fit:7c2dd3f8e45aa58647ed3b9fa00ff0ab535595cddf75080f52eaa61123476c92,2026-08-24T07:46:05+00:00,23,0,111,0,12.291,1064.4,18,fit:7c2dd3f8e45aa58647ed3b9fa00ff0ab535595cddf75080f52eaa61123476c92:segment:008,8,6986.0,6570,activities/116_260824074938.csv,1,1,0,0
fit:7c2dd3f8e45aa58647ed3b9fa00ff0ab535595cddf75080f52eaa61123476c92,2026-08-24T07:46:06+00:00,24,0,110,0,12.454,1062.2,18,fit:7c2dd3f8e45aa58647ed3b9fa00ff0ab535595cddf75080f52eaa61123476c92:segment:008,8,6987.0,6571,activities/116_260824074938.csv,1,1,0,0
fit:7c2dd3f8e45aa58647ed3b9fa00ff0ab535595cddf75080f52eaa61123476c92,2026-08-24T07:46:07+00:00,25,0,110,0,12.649,1062.2,18,fit:7c2dd3f8e45aa58647ed3b9fa00ff0ab535595cddf75080f52eaa61123476c92:segment:008,8,6988.0,6572,activities/116_260824074938.csv,1,1,0,0
fit:7c2dd3f8e45aa58647ed3b9fa00ff0ab535595cddf75080f52eaa61123476c92,2026-08-24T07:46:08+00:00,26,0,109,0,12.619,1062.2,18,fit:7c2dd3f8e45aa58647ed3b9fa00ff0ab535595cddf75080f52eaa61123476c92:segment:008,8,6989.0,6573,activities/116_260824074938.csv,1,1,0,0
fit:7c2dd3f8e45aa58647ed3b9fa00ff0ab535595cddf75080f52eaa61123476c92,2026-08-24T07:46:09+00:00,27,0,109,0,12.961,1061.2,18,fit:7c2dd3f8e45aa58647ed3b9fa00ff0ab535595cddf75080f52eaa61123476c92:segment:008,8,6990.0,6574,activities/116_260824074938.csv,1,1,0,0
fit:7c2dd3f8e45aa58647ed3b9fa00ff0ab535595cddf75080f52eaa61123476c92,2026-08-24T07:46:10+00:00,28,0,109,0,13.211,1057.8,18,fit:7c2dd3f8e45aa58647ed3b9fa00ff0ab535595cddf75080f52eaa61123476c92:segment:008,8,6991.0,6575,activities/116_260824074938.csv,1,1,0,0
fit:7c2dd3f8e45aa58647ed3b9fa00ff0ab535595cddf75080f52eaa61123476c92,2026-08-24T07:46:11+00:00,29,0,108,0,13.529,1057.8,18,fit:7c2dd3f8e45aa58647ed3b9fa00ff0ab535595cddf75080f52eaa61123476c92:segment:008,8,6992.0,6576,activities/116_260824074938.csv,1,1,0,0
fit:7c2dd3f8e45aa58647ed3b9fa00ff0ab535595cddf75080f52eaa61123476c92,2026-08-24T07:46:12+00:00,30,0,107,0,13.768,1057.8,18,fit:7c2dd3f8e45aa58647ed3b9fa00ff0ab535595cddf75080f52eaa61123476c92:segment:008,8,6993.0,6577,activities/116_260824074938.csv,1,1,0,0
fit:7c2dd3f8e45aa58647ed3b9fa00ff0ab535595cddf75080f52eaa61123476c92,2026-08-24T07:46:13+00:00,31,0,107,0,13.602,1056.8,18,fit:7c2dd3f8e45aa58647ed3b9fa00ff0ab535595cddf75080f52eaa61123476c92:segment:008,8,6994.0,6578,activities/116_260824074938.csv,1,1,0,0
fit:7c2dd3f8e45aa58647ed3b9fa00ff0ab535595cddf75080f52eaa61123476c92,2026-08-24T07:46:14+00:00,32,0,106,0,13.328,1054.6,18,fit:7c2dd3f8e45aa58647ed3b9fa00ff0ab535595cddf75080f52eaa61123476c92:segment:008,8,6995.0,6579,activities/116_260824074938.csv,1,1,0,0
fit:7c2dd3f8e45aa58647ed3b9fa00ff0ab535595cddf75080f52eaa61123476c92,2026-08-24T07:46:15+00:00,33,0,105,0,13.395,1054.6,18,fit:7c2dd3f8e45aa58647ed3b9fa00ff0ab535595cddf75080f52eaa61123476c92:segment:008,8,6996.0,6580,activities/116_260824074938.csv,1,1,0,0
fit:7c2dd3f8e45aa58647ed3b9fa00ff0ab535595cddf75080f52eaa61123476c92,2026-08-24T07:46:16+00:00,34,0,105,0,13.562,1054.6,18,fit:7c2dd3f8e45aa58647ed3b9fa00ff0ab535595cddf75080f52eaa61123476c92:segment:008,8,6997.0,6581,activities/116_260824074938.csv,1,1,0,0
fit:7c2dd3f8e45aa58647ed3b9fa00ff0ab535595cddf75080f52eaa61123476c92,2026-08-24T07:46:17+00:00,35,104,105,84,13.833,1053.6,18,fit:7c2dd3f8e45aa58647ed3b9fa00ff0ab535595cddf75080f52eaa61123476c92:segment:008,8,6998.0,6582,activities/116_260824074938.csv,1,1,0,0
fit:7c2dd3f8e45aa58647ed3b9fa00ff0ab535595cddf75080f52eaa61123476c92,2026-08-24T07:46:18+00:00,36,104,104,84,14.103,1050.8,18,fit:7c2dd3f8e45aa58647ed3b9fa00ff0ab535595cddf75080f52eaa61123476c92:segment:008,8,6999.0,6583,activities/116_260824074938.csv,1,1,0,0
fit:7c2dd3f8e45aa58647ed3b9fa00ff0ab535595cddf75080f52eaa61123476c92,2026-08-24T07:46:19+00:00,37,104,103,84,14.396,1050.8,18,fit:7c2dd3f8e45aa58647ed3b9fa00ff0ab535595cddf75080f52eaa61123476c92:segment:008,8,7000.0,6584,activities/116_260824074938.csv,1,1,0,0
fit:7c2dd3f8e45aa58647ed3b9fa00ff0ab535595cddf75080f52eaa61123476c92,2026-08-24T07:46:20+00:00,38,104,102,84,14.48,1050.8,18,fit:7c2dd3f8e45aa58647ed3b9fa00ff0ab535595cddf75080f52eaa61123476c92:segment:008,8,7001.0,6585,activities/116_260824074938.csv,1,1,0,0
fit:7c2dd3f8e45aa58647ed3b9fa00ff0ab535595cddf75080f52eaa61123476c92,2026-08-24T07:46:21+00:00,39,101,101,84,14.697,1049.8,18,fit:7c2dd3f8e45aa58647ed3b9fa00ff0ab535595cddf75080f52eaa61123476c92:segment:008,8,7002.0,6586,activities/116_260824074938.csv,1,1,0,0
fit:7c2dd3f8e45aa58647ed3b9fa00ff0ab535595cddf75080f52eaa61123476c92,2026-08-24T07:46:22+00:00,40,0,101,0,14.877,1046.2,18,fit:7c2dd3f8e45aa58647ed3b9fa00ff0ab535595cddf75080f52eaa61123476c92:segment:008,8,7003.0,6587,activities/116_260824074938.csv,1,1,0,0
fit:7c2dd3f8e45aa58647ed3b9fa00ff0ab535595cddf75080f52eaa61123476c92,2026-08-24T07:46:23+00:00,41,0,100,0,14.928,1046.2,18,fit:7c2dd3f8e45aa58647ed3b9fa00ff0ab535595cddf75080f52eaa61123476c92:segment:008,8,7004.0,6588,activities/116_260824074938.csv,1,1,0,0
fit:7c2dd3f8e45aa58647ed3b9fa00ff0ab535595cddf75080f52eaa61123476c92,2026-08-24T07:46:24+00:00,42,0,99,0,15.174,1046.2,18,fit:7c2dd3f8e45aa58647ed3b9fa00ff0ab535595cddf75080f52eaa61123476c92:segment:008,8,7005.0,6589,activities/116_260824074938.csv,1,1,0,0
fit:7c2dd3f8e45aa58647ed3b9fa00ff0ab535595cddf75080f52eaa61123476c92,2026-08-24T07:46:25+00:00,43,0,97,0,15.267,1045.2,18,fit:7c2dd3f8e45aa58647ed3b9fa00ff0ab535595cddf75080f52eaa61123476c92:segment:008,8,7006.0,6590,activities/116_260824074938.csv,1,1,0,0
fit:7c2dd3f8e45aa58647ed3b9fa00ff0ab535595cddf75080f52eaa61123476c92,2026-08-24T07:46:26+00:00,44,0,97,0,15.418,1043.0,18,fit:7c2dd3f8e45aa58647ed3b9fa00ff0ab535595cddf75080f52eaa61123476c92:segment:008,8,7007.0,6591,activities/116_260824074938.csv,1,1,0,0
fit:7c2dd3f8e45aa58647ed3b9fa00ff0ab535595cddf75080f52eaa61123476c92,2026-08-24T07:46:27+00:00,45,0,97,0,15.418,1043.0,18,fit:7c2dd3f8e45aa58647ed3b9fa00ff0ab535595cddf75080f52eaa61123476c92:segment:008,8,7008.0,6592,activities/116_260824074938.csv,1,1,0,0
fit:7c2dd3f8e45aa58647ed3b9fa00ff0ab535595cddf75080f52eaa61123476c92,2026-08-24T07:46:28+00:00,46,0,96,0,15.009,1043.0,18,fit:7c2dd3f8e45aa58647ed3b9fa00ff0ab535595cddf75080f52eaa61123476c92:segment:008,8,7009.0,6593,activities/116_260824074938.csv,1,1,0,0
fit:7c2dd3f8e45aa58647ed3b9fa00ff0ab535595cddf75080f52eaa61123476c92,2026-08-24T07:46:29+00:00,47,0,95,0,14.36,1043.0,18,fit:7c2dd3f8e45aa58647ed3b9fa00ff0ab535595cddf75080f52eaa61123476c92:segment:008,8,7010.0,6594,activities/116_260824074938.csv,1,1,0,0
fit:7c2dd3f8e45aa58647ed3b9fa00ff0ab535595cddf75080f52eaa61123476c92,2026-08-24T07:46:30+00:00,48,0,95,0,13.452,1042.4,18,fit:7c2dd3f8e45aa58647ed3b9fa00ff0ab535595cddf75080f52eaa61123476c92:segment:008,8,7011.0,6595,activities/116_260824074938.csv,1,1,0,0
fit:7c2dd3f8e45aa58647ed3b9fa00ff0ab535595cddf75080f52eaa61123476c92,2026-08-24T07:46:31+00:00,49,0,93,0,12.757,1042.4,18,fit:7c2dd3f8e45aa58647ed3b9fa00ff0ab535595cddf75080f52eaa61123476c92:segment:008,8,7012.0,6596,activities/116_260824074938.csv,1,1,0,0
fit:7c2dd3f8e45aa58647ed3b9fa00ff0ab535595cddf75080f52eaa61123476c92,2026-08-24T07:46:32+00:00,50,0,91,0,12.504,1042.4,18,fit:7c2dd3f8e45aa58647ed3b9fa00ff0ab535595cddf75080f52eaa61123476c92:segment:008,8,7013.0,6597,activities/116_260824074938.csv,1,1,0,0
fit:7c2dd3f8e45aa58647ed3b9fa00ff0ab535595cddf75080f52eaa61123476c92,2026-08-24T07:46:33+00:00,51,0,91,0,11.666,1042.4,18,fit:7c2dd3f8e45aa58647ed3b9fa00ff0ab535595cddf75080f52eaa61123476c92:segment:008,8,7014.0,6598,activities/116_260824074938.csv,1,1,0,0
fit:7c2dd3f8e45aa58647ed3b9fa00ff0ab535595cddf75080f52eaa61123476c92,2026-08-24T07:46:34+00:00,52,0,89,0,10.967,1043.4,18,fit:7c2dd3f8e45aa58647ed3b9fa00ff0ab535595cddf75080f52eaa61123476c92:segment:008,8,7015.0,6599,activities/116_260824074938.csv,1,1,0,0
fit:7c2dd3f8e45aa58647ed3b9fa00ff0ab535595cddf75080f52eaa61123476c92,2026-08-24T07:46:35+00:00,53,0,88,0,10.236,1043.4,18,fit:7c2dd3f8e45aa58647ed3b9fa00ff0ab535595cddf75080f52eaa61123476c92:segment:008,8,7016.0,6600,activities/116_260824074938.csv,1,1,0,0
fit:7c2dd3f8e45aa58647ed3b9fa00ff0ab535595cddf75080f52eaa61123476c92,2026-08-24T07:46:36+00:00,54,0,87,0,9.738,1043.4,18,fit:7c2dd3f8e45aa58647ed3b9fa00ff0ab535595cddf75080f52eaa61123476c92:segment:008,8,7017.0,6601,activities/116_260824074938.csv,1,1,0,0
fit:7c2dd3f8e45aa58647ed3b9fa00ff0ab535595cddf75080f52eaa61123476c92,2026-08-24T07:46:37+00:00,55,0,87,0,9.206,1042.4,18,fit:7c2dd3f8e45aa58647ed3b9fa00ff0ab535595cddf75080f52eaa61123476c92:segment:008,8,7018.0,6602,activities/116_260824074938.csv,1,1,0,0
fit:7c2dd3f8e45aa58647ed3b9fa00ff0ab535595cddf75080f52eaa61123476c92,2026-08-24T07:46:38+00:00,56,317,87,51,8.985,1040.4,18,fit:7c2dd3f8e45aa58647ed3b9fa00ff0ab535595cddf75080f52eaa61123476c92:segment:008,8,7019.0,6603,activities/116_260824074938.csv,1,1,0,0
fit:7c2dd3f8e45aa58647ed3b9fa00ff0ab535595cddf75080f52eaa61123476c92,2026-08-24T07:46:39+00:00,57,317,88,60,9.067,1040.4,18,fit:7c2dd3f8e45aa58647ed3b9fa00ff0ab535595cddf75080f52eaa61123476c92:segment:008,8,7020.0,6604,activities/116_260824074938.csv,1,1,0,0
fit:7c2dd3f8e45aa58647ed3b9fa00ff0ab535595cddf75080f52eaa61123476c92,2026-08-24T07:46:40+00:00,58,317,89,60,9.279,1040.4,18,fit:7c2dd3f8e45aa58647ed3b9fa00ff0ab535595cddf75080f52eaa61123476c92:segment:008,8,7021.0,6605,activities/116_260824074938.csv,1,1,0,0
fit:7c2dd3f8e45aa58647ed3b9fa00ff0ab535595cddf75080f52eaa61123476c92,2026-08-24T07:46:41+00:00,59,317,91,60,9.538,1041.2,18,fit:7c2dd3f8e45aa58647ed3b9fa00ff0ab535595cddf75080f52eaa61123476c92:segment:008,8,7022.0,6606,activities/116_260824074938.csv,1,1,0,0
fit:7c2dd3f8e45aa58647ed3b9fa00ff0ab535595cddf75080f52eaa61123476c92,2026-08-24T07:46:42+00:00,60,310,92,60,9.646,1041.6,18,fit:7c2dd3f8e45aa58647ed3b9fa00ff0ab535595cddf75080f52eaa61123476c92:segment:008,8,7023.0,6607,activities/116_260824074938.csv,1,1,0,0
fit:7c2dd3f8e45aa58647ed3b9fa00ff0ab535595cddf75080f52eaa61123476c92,2026-08-24T07:46:43+00:00,61,0,92,0,9.211,1041.6,18,fit:7c2dd3f8e45aa58647ed3b9fa00ff0ab535595cddf75080f52eaa61123476c92:segment:008,8,7024.0,6608,activities/116_260824074938.csv,1,1,0,0
fit:7c2dd3f8e45aa58647ed3b9fa00ff0ab535595cddf75080f52eaa61123476c92,2026-08-24T07:46:44+00:00,62,0,92,0,8.796,1041.6,18,fit:7c2dd3f8e45aa58647ed3b9fa00ff0ab535595cddf75080f52eaa61123476c92:segment:008,8,7025.0,6609,activities/116_260824074938.csv,1,1,0,0
fit:7c2dd3f8e45aa58647ed3b9fa00ff0ab535595cddf75080f52eaa61123476c92,2026-08-24T07:46:45+00:00,63,0,91,0,8.498,1041.6,18,fit:7c2dd3f8e45aa58647ed3b9fa00ff0ab535595cddf75080f52eaa61123476c92:segment:008,8,7026.0,6610,activities/116_260824074938.csv,1,1,0,0
fit:7c2dd3f8e45aa58647ed3b9fa00ff0ab535595cddf75080f52eaa61123476c92,2026-08-24T07:46:46+00:00,64,105,91,0,8.439,1041.6,18,fit:7c2dd3f8e45aa58647ed3b9fa00ff0ab535595cddf75080f52eaa61123476c92:segment:008,8,7027.0,6611,activities/116_260824074938.csv,1,1,0,0
fit:7c2dd3f8e45aa58647ed3b9fa00ff0ab535595cddf75080f52eaa61123476c92,2026-08-24T07:46:47+00:00,65,106,90,49,8.277,1041.6,18,fit:7c2dd3f8e45aa58647ed3b9fa00ff0ab535595cddf75080f52eaa61123476c92:segment:008,8,7028.0,6612,activities/116_260824074938.csv,1,1,0,0
fit:7c2dd3f8e45aa58647ed3b9fa00ff0ab535595cddf75080f52eaa61123476c92,2026-08-24T07:46:48+00:00,66,217,88,49,8.389,1041.6,18,fit:7c2dd3f8e45aa58647ed3b9fa00ff0ab535595cddf75080f52eaa61123476c92:segment:008,8,7029.0,6613,activities/116_260824074938.csv,1,1,0,0
fit:7c2dd3f8e45aa58647ed3b9fa00ff0ab535595cddf75080f52eaa61123476c92,2026-08-24T07:46:49+00:00,67,185,87,62,8.703,1040.6,18,fit:7c2dd3f8e45aa58647ed3b9fa00ff0ab535595cddf75080f52eaa61123476c92:segment:008,8,7030.0,6614,activities/116_260824074938.csv,1,1,0,0
fit:7c2dd3f8e45aa58647ed3b9fa00ff0ab535595cddf75080f52eaa61123476c92,2026-08-24T07:46:50+00:00,68,185,87,70,9.3,1039.4,18,fit:7c2dd3f8e45aa58647ed3b9fa00ff0ab535595cddf75080f52eaa61123476c92:segment:008,8,7031.0,6615,activities/116_260824074938.csv,1,1,0,0
fit:7c2dd3f8e45aa58647ed3b9fa00ff0ab535595cddf75080f52eaa61123476c92,2026-08-24T07:46:51+00:00,69,6,85,70,9.775,1039.4,18,fit:7c2dd3f8e45aa58647ed3b9fa00ff0ab535595cddf75080f52eaa61123476c92:segment:008,8,7032.0,6616,activities/116_260824074938.csv,1,1,0,0
fit:7c2dd3f8e45aa58647ed3b9fa00ff0ab535595cddf75080f52eaa61123476c92,2026-08-24T07:46:52+00:00,70,6,85,27,10.142,1039.4,18,fit:7c2dd3f8e45aa58647ed3b9fa00ff0ab535595cddf75080f52eaa61123476c92:segment:008,8,7033.0,6617,activities/116_260824074938.csv,1,1,0,0
fit:7c2dd3f8e45aa58647ed3b9fa00ff0ab535595cddf75080f52eaa61123476c92,2026-08-24T07:46:53+00:00,71,100,85,80,10.66,1038.4,18,fit:7c2dd3f8e45aa58647ed3b9fa00ff0ab535595cddf75080f52eaa61123476c92:segment:008,8,7034.0,6618,activities/116_260824074938.csv,1,1,0,0
fit:7c2dd3f8e45aa58647ed3b9fa00ff0ab535595cddf75080f52eaa61123476c92,2026-08-24T07:46:54+00:00,72,89,85,82,11.047,1034.2,18,fit:7c2dd3f8e45aa58647ed3b9fa00ff0ab535595cddf75080f52eaa61123476c92:segment:008,8,7035.0,6619,activities/116_260824074938.csv,1,1,0,0
fit:7c2dd3f8e45aa58647ed3b9fa00ff0ab535595cddf75080f52eaa61123476c92,2026-08-24T07:46:55+00:00,73,84,86,84,11.519,1034.2,18,fit:7c2dd3f8e45aa58647ed3b9fa00ff0ab535595cddf75080f52eaa61123476c92:segment:008,8,7036.0,6620,activities/116_260824074938.csv,1,1,0,0
fit:7c2dd3f8e45aa58647ed3b9fa00ff0ab535595cddf75080f52eaa61123476c92,2026-08-24T07:46:56+00:00,74,92,87,85,11.899,1034.2,18,fit:7c2dd3f8e45aa58647ed3b9fa00ff0ab535595cddf75080f52eaa61123476c92:segment:008,8,7037.0,6621,activities/116_260824074938.csv,1,1,0,0
fit:7c2dd3f8e45aa58647ed3b9fa00ff0ab535595cddf75080f52eaa61123476c92,2026-08-24T07:46:57+00:00,75,93,88,87,12.326,1033.2,18,fit:7c2dd3f8e45aa58647ed3b9fa00ff0ab535595cddf75080f52eaa61123476c92:segment:008,8,7038.0,6622,activities/116_260824074938.csv,1,1,0,0
fit:7c2dd3f8e45aa58647ed3b9fa00ff0ab535595cddf75080f52eaa61123476c92,2026-08-24T07:46:58+00:00,76,91,88,91,12.645,1030.4,18,fit:7c2dd3f8e45aa58647ed3b9fa00ff0ab535595cddf75080f52eaa61123476c92:segment:008,8,7039.0,6623,activities/116_260824074938.csv,1,1,0,0
fit:7c2dd3f8e45aa58647ed3b9fa00ff0ab535595cddf75080f52eaa61123476c92,2026-08-24T07:46:59+00:00,77,124,90,90,12.988,1030.4,18,fit:7c2dd3f8e45aa58647ed3b9fa00ff0ab535595cddf75080f52eaa61123476c92:segment:008,8,7040.0,6624,activities/116_260824074938.csv,1,1,0,0
fit:7c2dd3f8e45aa58647ed3b9fa00ff0ab535595cddf75080f52eaa61123476c92,2026-08-24T07:47:00+00:00,78,103,91,80,13.252,1030.4,18,fit:7c2dd3f8e45aa58647ed3b9fa00ff0ab535595cddf75080f52eaa61123476c92:segment:008,8,7041.0,6625,activities/116_260824074938.csv,1,1,0,0
fit:7c2dd3f8e45aa58647ed3b9fa00ff0ab535595cddf75080f52eaa61123476c92,2026-08-24T07:47:01+00:00,79,69,92,82,13.642,1029.4,18,fit:7c2dd3f8e45aa58647ed3b9fa00ff0ab535595cddf75080f52eaa61123476c92:segment:008,8,7042.0,6626,activities/116_260824074938.csv,1,1,0,0
fit:7c2dd3f8e45aa58647ed3b9fa00ff0ab535595cddf75080f52eaa61123476c92,2026-08-24T07:47:02+00:00,80,70,92,83,13.88,1026.0,18,fit:7c2dd3f8e45aa58647ed3b9fa00ff0ab535595cddf75080f52eaa61123476c92:segment:008,8,7043.0,6627,activities/116_260824074938.csv,1,1,0,0
fit:7c2dd3f8e45aa58647ed3b9fa00ff0ab535595cddf75080f52eaa61123476c92,2026-08-24T07:47:03+00:00,81,68,93,86,14.102,1026.0,18,fit:7c2dd3f8e45aa58647ed3b9fa00ff0ab535595cddf75080f52eaa61123476c92:segment:008,8,7044.0,6628,activities/116_260824074938.csv,1,1,0,0
fit:7c2dd3f8e45aa58647ed3b9fa00ff0ab535595cddf75080f52eaa61123476c92,2026-08-24T07:47:04+00:00,82,63,94,87,14.411,1026.0,18,fit:7c2dd3f8e45aa58647ed3b9fa00ff0ab535595cddf75080f52eaa61123476c92:segment:008,8,7045.0,6629,activities/116_260824074938.csv,1,1,0,0
fit:7c2dd3f8e45aa58647ed3b9fa00ff0ab535595cddf75080f52eaa61123476c92,2026-08-24T07:47:05+00:00,83,71,95,88,14.649,1025.0,18,fit:7c2dd3f8e45aa58647ed3b9fa00ff0ab535595cddf75080f52eaa61123476c92:segment:008,8,7046.0,6630,activities/116_260824074938.csv,1,1,0,0
fit:7c2dd3f8e45aa58647ed3b9fa00ff0ab535595cddf75080f52eaa61123476c92,2026-08-24T07:47:06+00:00,84,79,96,89,14.906,1021.4000000000001,18,fit:7c2dd3f8e45aa58647ed3b9fa00ff0ab535595cddf75080f52eaa61123476c92:segment:008,8,7047.0,6631,activities/116_260824074938.csv,1,1,0,0
fit:7c2dd3f8e45aa58647ed3b9fa00ff0ab535595cddf75080f52eaa61123476c92,2026-08-24T07:47:07+00:00,85,80,97,90,15.102,1021.4000000000001,18,fit:7c2dd3f8e45aa58647ed3b9fa00ff0ab535595cddf75080f52eaa61123476c92:segment:008,8,7048.0,6632,activities/116_260824074938.csv,1,1,0,0
fit:7c2dd3f8e45aa58647ed3b9fa00ff0ab535595cddf75080f52eaa61123476c92,2026-08-24T07:47:08+00:00,86,69,98,91,15.232,1021.4000000000001,18,fit:7c2dd3f8e45aa58647ed3b9fa00ff0ab535595cddf75080f52eaa61123476c92:segment:008,8,7049.0,6633,activities/116_260824074938.csv,1,1,0,0
fit:7c2dd3f8e45aa58647ed3b9fa00ff0ab535595cddf75080f52eaa61123476c92,2026-08-24T07:47:09+00:00,87,86,98,92,15.441,1020.4000000000001,18,fit:7c2dd3f8e45aa58647ed3b9fa00ff0ab535595cddf75080f52eaa61123476c92:segment:008,8,7050.0,6634,activities/116_260824074938.csv,1,1,0,0
fit:7c2dd3f8e45aa58647ed3b9fa00ff0ab535595cddf75080f52eaa61123476c92,2026-08-24T07:47:10+00:00,88,68,99,92,15.596,1017.0,18,fit:7c2dd3f8e45aa58647ed3b9fa00ff0ab535595cddf75080f52eaa61123476c92:segment:008,8,7051.0,6635,activities/116_260824074938.csv,1,1,0,0
fit:7c2dd3f8e45aa58647ed3b9fa00ff0ab535595cddf75080f52eaa61123476c92,2026-08-24T07:47:11+00:00,89,68,99,93,15.85,1017.0,18,fit:7c2dd3f8e45aa58647ed3b9fa00ff0ab535595cddf75080f52eaa61123476c92:segment:008,8,7052.0,6636,activities/116_260824074938.csv,1,1,0,0
fit:7c2dd3f8e45aa58647ed3b9fa00ff0ab535595cddf75080f52eaa61123476c92,2026-08-24T07:47:12+00:00,90,86,99,94,15.895,1017.0,18,fit:7c2dd3f8e45aa58647ed3b9fa00ff0ab535595cddf75080f52eaa61123476c92:segment:008,8,7053.0,6637,activities/116_260824074938.csv,1,1,0,0
fit:7c2dd3f8e45aa58647ed3b9fa00ff0ab535595cddf75080f52eaa61123476c92,2026-08-24T07:47:13+00:00,91,88,99,95,16.061,1016.0,18,fit:7c2dd3f8e45aa58647ed3b9fa00ff0ab535595cddf75080f52eaa61123476c92:segment:008,8,7054.0,6638,activities/116_260824074938.csv,1,1,0,0
fit:7c2dd3f8e45aa58647ed3b9fa00ff0ab535595cddf75080f52eaa61123476c92,2026-08-24T07:47:14+00:00,92,88,98,95,16.156,1013.0,18,fit:7c2dd3f8e45aa58647ed3b9fa00ff0ab535595cddf75080f52eaa61123476c92:segment:008,8,7055.0,6639,activities/116_260824074938.csv,1,1,0,0
fit:7c2dd3f8e45aa58647ed3b9fa00ff0ab535595cddf75080f52eaa61123476c92,2026-08-24T07:47:15+00:00,93,4,97,95,16.277,1013.0,18,fit:7c2dd3f8e45aa58647ed3b9fa00ff0ab535595cddf75080f52eaa61123476c92:segment:008,8,7056.0,6640,activities/116_260824074938.csv,1,1,0,0
fit:7c2dd3f8e45aa58647ed3b9fa00ff0ab535595cddf75080f52eaa61123476c92,2026-08-24T07:47:16+00:00,94,4,96,0,16.36,1013.0,18,fit:7c2dd3f8e45aa58647ed3b9fa00ff0ab535595cddf75080f52eaa61123476c92:segment:008,8,7057.0,6641,activities/116_260824074938.csv,1,1,0,0
fit:7c2dd3f8e45aa58647ed3b9fa00ff0ab535595cddf75080f52eaa61123476c92,2026-08-24T07:47:17+00:00,95,4,95,0,16.402,1012.0,18,fit:7c2dd3f8e45aa58647ed3b9fa00ff0ab535595cddf75080f52eaa61123476c92:segment:008,8,7058.0,6642,activities/116_260824074938.csv,1,1,0,0
fit:7c2dd3f8e45aa58647ed3b9fa00ff0ab535595cddf75080f52eaa61123476c92,2026-08-24T07:47:18+00:00,96,4,95,0,16.534,1008.4000000000001,18,fit:7c2dd3f8e45aa58647ed3b9fa00ff0ab535595cddf75080f52eaa61123476c92:segment:008,8,7059.0,6643,activities/116_260824074938.csv,1,1,0,0
fit:7c2dd3f8e45aa58647ed3b9fa00ff0ab535595cddf75080f52eaa61123476c92,2026-08-24T07:47:19+00:00,97,4,94,0,16.545,1008.4000000000001,18,fit:7c2dd3f8e45aa58647ed3b9fa00ff0ab535595cddf75080f52eaa61123476c92:segment:008,8,7060.0,6644,activities/116_260824074938.csv,1,1,0,0
fit:7c2dd3f8e45aa58647ed3b9fa00ff0ab535595cddf75080f52eaa61123476c92,2026-08-24T07:47:20+00:00,98,0,92,0,16.658,1008.4000000000001,18,fit:7c2dd3f8e45aa58647ed3b9fa00ff0ab535595cddf75080f52eaa61123476c92:segment:008,8,7061.0,6645,activities/116_260824074938.csv,1,1,0,0
fit:7c2dd3f8e45aa58647ed3b9fa00ff0ab535595cddf75080f52eaa61123476c92,2026-08-24T07:47:21+00:00,99,0,91,0,16.6,1007.4000000000001,18,fit:7c2dd3f8e45aa58647ed3b9fa00ff0ab535595cddf75080f52eaa61123476c92:segment:008,8,7062.0,6646,activities/116_260824074938.csv,1,1,0,0
fit:7c2dd3f8e45aa58647ed3b9fa00ff0ab535595cddf75080f52eaa61123476c92,2026-08-24T07:47:22+00:00,100,0,91,0,15.88,1006.4000000000001,18,fit:7c2dd3f8e45aa58647ed3b9fa00ff0ab535595cddf75080f52eaa61123476c92:segment:008,8,7063.0,6647,activities/116_260824074938.csv,1,1,0,0
fit:7c2dd3f8e45aa58647ed3b9fa00ff0ab535595cddf75080f52eaa61123476c92,2026-08-24T07:47:23+00:00,101,0,89,0,15.413,1006.4000000000001,18,fit:7c2dd3f8e45aa58647ed3b9fa00ff0ab535595cddf75080f52eaa61123476c92:segment:008,8,7064.0,6648,activities/116_260824074938.csv,1,1,0,0
fit:7c2dd3f8e45aa58647ed3b9fa00ff0ab535595cddf75080f52eaa61123476c92,2026-08-24T07:47:24+00:00,102,0,88,0,15.078,1006.4000000000001,18,fit:7c2dd3f8e45aa58647ed3b9fa00ff0ab535595cddf75080f52eaa61123476c92:segment:008,8,7065.0,6649,activities/116_260824074938.csv,1,1,0,0
fit:7c2dd3f8e45aa58647ed3b9fa00ff0ab535595cddf75080f52eaa61123476c92,2026-08-24T07:47:25+00:00,103,0,88,0,14.515,1006.4000000000001,18,fit:7c2dd3f8e45aa58647ed3b9fa00ff0ab535595cddf75080f52eaa61123476c92:segment:008,8,7066.0,6650,activities/116_260824074938.csv,1,1,0,0
fit:7c2dd3f8e45aa58647ed3b9fa00ff0ab535595cddf75080f52eaa61123476c92,2026-08-24T07:47:26+00:00,104,0,86,0,14.049,1006.2,18,fit:7c2dd3f8e45aa58647ed3b9fa00ff0ab535595cddf75080f52eaa61123476c92:segment:008,8,7067.0,6651,activities/116_260824074938.csv,1,1,0,0
fit:7c2dd3f8e45aa58647ed3b9fa00ff0ab535595cddf75080f52eaa61123476c92,2026-08-24T07:47:27+00:00,105,0,86,0,13.813,1006.2,18,fit:7c2dd3f8e45aa58647ed3b9fa00ff0ab535595cddf75080f52eaa61123476c92:segment:008,8,7068.0,6652,activities/116_260824074938.csv,1,1,0,0
fit:7c2dd3f8e45aa58647ed3b9fa00ff0ab535595cddf75080f52eaa61123476c92,2026-08-24T07:47:28+00:00,106,10,86,87,13.615,1006.2,18,fit:7c2dd3f8e45aa58647ed3b9fa00ff0ab535595cddf75080f52eaa61123476c92:segment:008,8,7069.0,6653,activities/116_260824074938.csv,1,1,0,0
fit:7c2dd3f8e45aa58647ed3b9fa00ff0ab535595cddf75080f52eaa61123476c92,2026-08-24T07:47:29+00:00,107,70,85,98,13.622,1005.2,18,fit:7c2dd3f8e45aa58647ed3b9fa00ff0ab535595cddf75080f52eaa61123476c92:segment:008,8,7070.0,6654,activities/116_260824074938.csv,1,1,0,0
fit:7c2dd3f8e45aa58647ed3b9fa00ff0ab535595cddf75080f52eaa61123476c92,2026-08-24T07:47:30+00:00,108,208,85,83,13.846,1000.0,18,fit:7c2dd3f8e45aa58647ed3b9fa00ff0ab535595cddf75080f52eaa61123476c92:segment:008,8,7071.0,6655,activities/116_260824074938.csv,1,1,0,0
fit:7c2dd3f8e45aa58647ed3b9fa00ff0ab535595cddf75080f52eaa61123476c92,2026-08-24T07:47:31+00:00,109,143,85,86,14.148,1000.0,18,fit:7c2dd3f8e45aa58647ed3b9fa00ff0ab535595cddf75080f52eaa61123476c92:segment:008,8,7072.0,6656,activities/116_260824074938.csv,1,1,0,0
fit:7c2dd3f8e45aa58647ed3b9fa00ff0ab535595cddf75080f52eaa61123476c92,2026-08-24T07:47:32+00:00,110,128,85,88,14.405,1000.0,17,fit:7c2dd3f8e45aa58647ed3b9fa00ff0ab535595cddf75080f52eaa61123476c92:segment:008,8,7073.0,6657,activities/116_260824074938.csv,1,1,0,0
fit:7c2dd3f8e45aa58647ed3b9fa00ff0ab535595cddf75080f52eaa61123476c92,2026-08-24T07:47:33+00:00,111,135,86,88,14.735,999.0,17,fit:7c2dd3f8e45aa58647ed3b9fa00ff0ab535595cddf75080f52eaa61123476c92:segment:008,8,7074.0,6658,activities/116_260824074938.csv,1,1,0,0
fit:7c2dd3f8e45aa58647ed3b9fa00ff0ab535595cddf75080f52eaa61123476c92,2026-08-24T07:47:34+00:00,112,111,86,89,15.024,995.8,17,fit:7c2dd3f8e45aa58647ed3b9fa00ff0ab535595cddf75080f52eaa61123476c92:segment:008,8,7075.0,6659,activities/116_260824074938.csv,1,1,0,0
fit:7c2dd3f8e45aa58647ed3b9fa00ff0ab535595cddf75080f52eaa61123476c92,2026-08-24T07:47:35+00:00,113,112,88,89,15.197,995.8,17,fit:7c2dd3f8e45aa58647ed3b9fa00ff0ab535595cddf75080f52eaa61123476c92:segment:008,8,7076.0,6660,activities/116_260824074938.csv,1,1,0,0
fit:7c2dd3f8e45aa58647ed3b9fa00ff0ab535595cddf75080f52eaa61123476c92,2026-08-24T07:47:36+00:00,114,123,90,89,15.172,995.8,17,fit:7c2dd3f8e45aa58647ed3b9fa00ff0ab535595cddf75080f52eaa61123476c92:segment:008,8,7077.0,6661,activities/116_260824074938.csv,1,1,0,0
fit:7c2dd3f8e45aa58647ed3b9fa00ff0ab535595cddf75080f52eaa61123476c92,2026-08-24T07:47:37+00:00,115,115,90,89,15.262,994.8,17,fit:7c2dd3f8e45aa58647ed3b9fa00ff0ab535595cddf75080f52eaa61123476c92:segment:008,8,7078.0,6662,activities/116_260824074938.csv,1,1,0,0
fit:7c2dd3f8e45aa58647ed3b9fa00ff0ab535595cddf75080f52eaa61123476c92,2026-08-24T07:47:38+00:00,116,113,91,89,15.388,992.4000000000001,17,fit:7c2dd3f8e45aa58647ed3b9fa00ff0ab535595cddf75080f52eaa61123476c92:segment:008,8,7079.0,6663,activities/116_260824074938.csv,1,1,0,0
fit:7c2dd3f8e45aa58647ed3b9fa00ff0ab535595cddf75080f52eaa61123476c92,2026-08-24T07:47:39+00:00,117,130,92,88,15.264,992.4000000000001,17,fit:7c2dd3f8e45aa58647ed3b9fa00ff0ab535595cddf75080f52eaa61123476c92:segment:008,8,7080.0,6664,activities/116_260824074938.csv,1,1,0,0
fit:7c2dd3f8e45aa58647ed3b9fa00ff0ab535595cddf75080f52eaa61123476c92,2026-08-24T07:47:40+00:00,118,131,93,87,15.114,992.4000000000001,17,fit:7c2dd3f8e45aa58647ed3b9fa00ff0ab535595cddf75080f52eaa61123476c92:segment:008,8,7081.0,6665,activities/116_260824074938.csv,1,1,0,0
fit:7c2dd3f8e45aa58647ed3b9fa00ff0ab535595cddf75080f52eaa61123476c92,2026-08-24T07:47:41+00:00,119,164,94,86,15.037,991.5999999999999,17,fit:7c2dd3f8e45aa58647ed3b9fa00ff0ab535595cddf75080f52eaa61123476c92:segment:008,8,7082.0,6666,activities/116_260824074938.csv,1,1,0,0
fit:7c2dd3f8e45aa58647ed3b9fa00ff0ab535595cddf75080f52eaa61123476c92,2026-08-24T07:47:42+00:00,120,165,94,86,14.87,991.4000000000001,17,fit:7c2dd3f8e45aa58647ed3b9fa00ff0ab535595cddf75080f52eaa61123476c92:segment:008,8,7083.0,6667,activities/116_260824074938.csv,1,1,0,0
fit:7c2dd3f8e45aa58647ed3b9fa00ff0ab535595cddf75080f52eaa61123476c92,2026-08-24T07:47:43+00:00,121,127,95,88,14.735,991.4000000000001,17,fit:7c2dd3f8e45aa58647ed3b9fa00ff0ab535595cddf75080f52eaa61123476c92:segment:008,8,7084.0,6668,activities/116_260824074938.csv,1,1,0,0
fit:7c2dd3f8e45aa58647ed3b9fa00ff0ab535595cddf75080f52eaa61123476c92,2026-08-24T07:47:44+00:00,122,163,96,99,14.572,991.4000000000001,17,fit:7c2dd3f8e45aa58647ed3b9fa00ff0ab535595cddf75080f52eaa61123476c92:segment:008,8,7085.0,6669,activities/116_260824074938.csv,1,1,0,0
fit:7c2dd3f8e45aa58647ed3b9fa00ff0ab535595cddf75080f52eaa61123476c92,2026-08-24T07:47:45+00:00,123,142,96,99,14.415,990.5999999999999,17,fit:7c2dd3f8e45aa58647ed3b9fa00ff0ab535595cddf75080f52eaa61123476c92:segment:008,8,7086.0,6670,activities/116_260824074938.csv,1,1,0,0
fit:7c2dd3f8e45aa58647ed3b9fa00ff0ab535595cddf75080f52eaa61123476c92,2026-08-24T07:47:46+00:00,124,143,96,98,14.302,989.8,17,fit:7c2dd3f8e45aa58647ed3b9fa00ff0ab535595cddf75080f52eaa61123476c92:segment:008,8,7087.0,6671,activities/116_260824074938.csv,1,1,0,0
fit:7c2dd3f8e45aa58647ed3b9fa00ff0ab535595cddf75080f52eaa61123476c92,2026-08-24T07:47:47+00:00,125,147,98,96,14.18,989.8,17,fit:7c2dd3f8e45aa58647ed3b9fa00ff0ab535595cddf75080f52eaa61123476c92:segment:008,8,7088.0,6672,activities/116_260824074938.csv,1,1,0,0
fit:7c2dd3f8e45aa58647ed3b9fa00ff0ab535595cddf75080f52eaa61123476c92,2026-08-24T07:47:48+00:00,126,158,99,96,13.96,989.8,17,fit:7c2dd3f8e45aa58647ed3b9fa00ff0ab535595cddf75080f52eaa61123476c92:segment:008,8,7089.0,6673,activities/116_260824074938.csv,1,1,0,0
fit:7c2dd3f8e45aa58647ed3b9fa00ff0ab535595cddf75080f52eaa61123476c92,2026-08-24T07:47:49+00:00,127,162,100,95,13.768,990.4000000000001,17,fit:7c2dd3f8e45aa58647ed3b9fa00ff0ab535595cddf75080f52eaa61123476c92:segment:008,8,7090.0,6674,activities/116_260824074938.csv,1,1,0,0
fit:7c2dd3f8e45aa58647ed3b9fa00ff0ab535595cddf75080f52eaa61123476c92,2026-08-24T07:47:50+00:00,128,180,102,93,13.625,989.8,17,fit:7c2dd3f8e45aa58647ed3b9fa00ff0ab535595cddf75080f52eaa61123476c92:segment:008,8,7091.0,6675,activities/116_260824074938.csv,1,1,0,0
fit:7c2dd3f8e45aa58647ed3b9fa00ff0ab535595cddf75080f52eaa61123476c92,2026-08-24T07:47:51+00:00,129,177,103,91,13.421,989.8,17,fit:7c2dd3f8e45aa58647ed3b9fa00ff0ab535595cddf75080f52eaa61123476c92:segment:008,8,7092.0,6676,activities/116_260824074938.csv,1,1,0,0
fit:7c2dd3f8e45aa58647ed3b9fa00ff0ab535595cddf75080f52eaa61123476c92,2026-08-24T07:47:52+00:00,130,153,104,90,13.268,989.8,17,fit:7c2dd3f8e45aa58647ed3b9fa00ff0ab535595cddf75080f52eaa61123476c92:segment:008,8,7093.0,6677,activities/116_260824074938.csv,1,1,0,0
fit:7c2dd3f8e45aa58647ed3b9fa00ff0ab535595cddf75080f52eaa61123476c92,2026-08-24T07:47:53+00:00,131,112,105,100,13.08,990.8,17,fit:7c2dd3f8e45aa58647ed3b9fa00ff0ab535595cddf75080f52eaa61123476c92:segment:008,8,7094.0,6678,activities/116_260824074938.csv,1,1,0,0
fit:7c2dd3f8e45aa58647ed3b9fa00ff0ab535595cddf75080f52eaa61123476c92,2026-08-24T07:47:54+00:00,132,133,105,100,12.913,991.5999999999999,17,fit:7c2dd3f8e45aa58647ed3b9fa00ff0ab535595cddf75080f52eaa61123476c92:segment:008,8,7095.0,6679,activities/116_260824074938.csv,1,1,0,0
fit:7c2dd3f8e45aa58647ed3b9fa00ff0ab535595cddf75080f52eaa61123476c92,2026-08-24T07:47:55+00:00,133,140,105,99,12.603,991.5999999999999,17,fit:7c2dd3f8e45aa58647ed3b9fa00ff0ab535595cddf75080f52eaa61123476c92:segment:008,8,7096.0,6680,activities/116_260824074938.csv,1,1,0,0
fit:7c2dd3f8e45aa58647ed3b9fa00ff0ab535595cddf75080f52eaa61123476c92,2026-08-24T07:47:56+00:00,134,139,105,97,12.418,991.5999999999999,17,fit:7c2dd3f8e45aa58647ed3b9fa00ff0ab535595cddf75080f52eaa61123476c92:segment:008,8,7097.0,6681,activities/116_260824074938.csv,1,1,0,0
fit:7c2dd3f8e45aa58647ed3b9fa00ff0ab535595cddf75080f52eaa61123476c92,2026-08-24T07:47:57+00:00,135,152,105,96,12.199,991.5999999999999,17,fit:7c2dd3f8e45aa58647ed3b9fa00ff0ab535595cddf75080f52eaa61123476c92:segment:008,8,7098.0,6682,activities/116_260824074938.csv,1,1,0,0
fit:7c2dd3f8e45aa58647ed3b9fa00ff0ab535595cddf75080f52eaa61123476c92,2026-08-24T07:47:58+00:00,136,155,105,94,12.017,991.8,17,fit:7c2dd3f8e45aa58647ed3b9fa00ff0ab535595cddf75080f52eaa61123476c92:segment:008,8,7099.0,6683,activities/116_260824074938.csv,1,1,0,0
fit:7c2dd3f8e45aa58647ed3b9fa00ff0ab535595cddf75080f52eaa61123476c92,2026-08-24T07:47:59+00:00,137,138,105,94,11.845,991.8,17,fit:7c2dd3f8e45aa58647ed3b9fa00ff0ab535595cddf75080f52eaa61123476c92:segment:008,8,7100.0,6684,activities/116_260824074938.csv,1,1,0,0
fit:7c2dd3f8e45aa58647ed3b9fa00ff0ab535595cddf75080f52eaa61123476c92,2026-08-24T07:48:00+00:00,138,143,105,93,11.766,991.8,17,fit:7c2dd3f8e45aa58647ed3b9fa00ff0ab535595cddf75080f52eaa61123476c92:segment:008,8,7101.0,6685,activities/116_260824074938.csv,1,1,0,0
fit:7c2dd3f8e45aa58647ed3b9fa00ff0ab535595cddf75080f52eaa61123476c92,2026-08-24T07:48:01+00:00,139,279,105,92,11.59,992.8,17,fit:7c2dd3f8e45aa58647ed3b9fa00ff0ab535595cddf75080f52eaa61123476c92:segment:008,8,7102.0,6686,activities/116_260824074938.csv,1,1,0,0
fit:7c2dd3f8e45aa58647ed3b9fa00ff0ab535595cddf75080f52eaa61123476c92,2026-08-24T07:48:02+00:00,140,161,106,90,11.516,992.8,17,fit:7c2dd3f8e45aa58647ed3b9fa00ff0ab535595cddf75080f52eaa61123476c92:segment:008,8,7103.0,6687,activities/116_260824074938.csv,1,1,0,0
fit:7c2dd3f8e45aa58647ed3b9fa00ff0ab535595cddf75080f52eaa61123476c92,2026-08-24T07:48:03+00:00,141,154,106,90,11.359,992.8,17,fit:7c2dd3f8e45aa58647ed3b9fa00ff0ab535595cddf75080f52eaa61123476c92:segment:008,8,7104.0,6688,activities/116_260824074938.csv,1,1,0,0
fit:7c2dd3f8e45aa58647ed3b9fa00ff0ab535595cddf75080f52eaa61123476c92,2026-08-24T07:48:04+00:00,142,147,107,88,11.247,992.8,17,fit:7c2dd3f8e45aa58647ed3b9fa00ff0ab535595cddf75080f52eaa61123476c92:segment:008,8,7105.0,6689,activities/116_260824074938.csv,1,1,0,0
fit:7c2dd3f8e45aa58647ed3b9fa00ff0ab535595cddf75080f52eaa61123476c92,2026-08-24T07:48:05+00:00,143,164,107,88,11.13,992.8,17,fit:7c2dd3f8e45aa58647ed3b9fa00ff0ab535595cddf75080f52eaa61123476c92:segment:008,8,7106.0,6690,activities/116_260824074938.csv,1,1,0,0
fit:7c2dd3f8e45aa58647ed3b9fa00ff0ab535595cddf75080f52eaa61123476c92,2026-08-24T07:48:06+00:00,144,143,109,87,10.961,993.2,17,fit:7c2dd3f8e45aa58647ed3b9fa00ff0ab535595cddf75080f52eaa61123476c92:segment:008,8,7107.0,6691,activities/116_260824074938.csv,1,1,0,0
fit:7c2dd3f8e45aa58647ed3b9fa00ff0ab535595cddf75080f52eaa61123476c92,2026-08-24T07:48:07+00:00,145,154,110,85,10.912,993.2,17,fit:7c2dd3f8e45aa58647ed3b9fa00ff0ab535595cddf75080f52eaa61123476c92:segment:008,8,7108.0,6692,activities/116_260824074938.csv,1,1,0,0
fit:7c2dd3f8e45aa58647ed3b9fa00ff0ab535595cddf75080f52eaa61123476c92,2026-08-24T07:48:08+00:00,146,162,113,85,10.773,993.2,17,fit:7c2dd3f8e45aa58647ed3b9fa00ff0ab535595cddf75080f52eaa61123476c92:segment:008,8,7109.0,6693,activities/116_260824074938.csv,1,1,0,0
fit:7c2dd3f8e45aa58647ed3b9fa00ff0ab535595cddf75080f52eaa61123476c92,2026-08-24T07:48:09+00:00,147,170,114,84,10.661,993.5999999999999,17,fit:7c2dd3f8e45aa58647ed3b9fa00ff0ab535595cddf75080f52eaa61123476c92:segment:008,8,7110.0,6694,activities/116_260824074938.csv,1,1,0,0
fit:7c2dd3f8e45aa58647ed3b9fa00ff0ab535595cddf75080f52eaa61123476c92,2026-08-24T07:48:10+00:00,148,167,115,84,10.521,993.2,17,fit:7c2dd3f8e45aa58647ed3b9fa00ff0ab535595cddf75080f52eaa61123476c92:segment:008,8,7111.0,6695,activities/116_260824074938.csv,1,1,0,0
fit:7c2dd3f8e45aa58647ed3b9fa00ff0ab535595cddf75080f52eaa61123476c92,2026-08-24T07:48:11+00:00,149,150,115,83,10.416,993.2,17,fit:7c2dd3f8e45aa58647ed3b9fa00ff0ab535595cddf75080f52eaa61123476c92:segment:008,8,7112.0,6696,activities/116_260824074938.csv,1,1,0,0
fit:7c2dd3f8e45aa58647ed3b9fa00ff0ab535595cddf75080f52eaa61123476c92,2026-08-24T07:48:12+00:00,150,54,115,88,10.403,993.2,17,fit:7c2dd3f8e45aa58647ed3b9fa00ff0ab535595cddf75080f52eaa61123476c92:segment:008,8,7113.0,6697,activities/116_260824074938.csv,1,1,0,0
fit:7c2dd3f8e45aa58647ed3b9fa00ff0ab535595cddf75080f52eaa61123476c92,2026-08-24T07:48:13+00:00,151,195,115,93,10.343,993.2,17,fit:7c2dd3f8e45aa58647ed3b9fa00ff0ab535595cddf75080f52eaa61123476c92:segment:008,8,7114.0,6698,activities/116_260824074938.csv,1,1,0,0
fit:7c2dd3f8e45aa58647ed3b9fa00ff0ab535595cddf75080f52eaa61123476c92,2026-08-24T07:48:14+00:00,152,168,115,92,10.28,993.0,17,fit:7c2dd3f8e45aa58647ed3b9fa00ff0ab535595cddf75080f52eaa61123476c92:segment:008,8,7115.0,6699,activities/116_260824074938.csv,1,1,0,0
fit:7c2dd3f8e45aa58647ed3b9fa00ff0ab535595cddf75080f52eaa61123476c92,2026-08-24T07:48:15+00:00,153,157,115,92,10.29,993.0,17,fit:7c2dd3f8e45aa58647ed3b9fa00ff0ab535595cddf75080f52eaa61123476c92:segment:008,8,7116.0,6700,activities/116_260824074938.csv,1,1,0,0
fit:7c2dd3f8e45aa58647ed3b9fa00ff0ab535595cddf75080f52eaa61123476c92,2026-08-24T07:48:16+00:00,154,143,115,91,10.228,993.0,17,fit:7c2dd3f8e45aa58647ed3b9fa00ff0ab535595cddf75080f52eaa61123476c92:segment:008,8,7117.0,6701,activities/116_260824074938.csv,1,1,0,0
fit:7c2dd3f8e45aa58647ed3b9fa00ff0ab535595cddf75080f52eaa61123476c92,2026-08-24T07:48:17+00:00,155,185,115,91,10.2,993.0,17,fit:7c2dd3f8e45aa58647ed3b9fa00ff0ab535595cddf75080f52eaa61123476c92:segment:008,8,7118.0,6702,activities/116_260824074938.csv,1,1,0,0
fit:7c2dd3f8e45aa58647ed3b9fa00ff0ab535595cddf75080f52eaa61123476c92,2026-08-24T07:48:18+00:00,156,155,115,91,10.114,993.4000000000001,17,fit:7c2dd3f8e45aa58647ed3b9fa00ff0ab535595cddf75080f52eaa61123476c92:segment:008,8,7119.0,6703,activities/116_260824074938.csv,1,1,0,0
fit:7c2dd3f8e45aa58647ed3b9fa00ff0ab535595cddf75080f52eaa61123476c92,2026-08-24T07:48:19+00:00,157,172,115,90,10.033,993.4000000000001,17,fit:7c2dd3f8e45aa58647ed3b9fa00ff0ab535595cddf75080f52eaa61123476c92:segment:008,8,7120.0,6704,activities/116_260824074938.csv,1,1,0,0
fit:7c2dd3f8e45aa58647ed3b9fa00ff0ab535595cddf75080f52eaa61123476c92,2026-08-24T07:48:20+00:00,158,175,115,90,9.995,993.4000000000001,17,fit:7c2dd3f8e45aa58647ed3b9fa00ff0ab535595cddf75080f52eaa61123476c92:segment:008,8,7121.0,6705,activities/116_260824074938.csv,1,1,0,0
fit:7c2dd3f8e45aa58647ed3b9fa00ff0ab535595cddf75080f52eaa61123476c92,2026-08-24T07:48:21+00:00,159,177,115,89,9.925,993.4000000000001,17,fit:7c2dd3f8e45aa58647ed3b9fa00ff0ab535595cddf75080f52eaa61123476c92:segment:008,8,7122.0,6706,activities/116_260824074938.csv,1,1,0,0
fit:7c2dd3f8e45aa58647ed3b9fa00ff0ab535595cddf75080f52eaa61123476c92,2026-08-24T07:48:22+00:00,160,178,116,89,9.869,993.5999999999999,17,fit:7c2dd3f8e45aa58647ed3b9fa00ff0ab535595cddf75080f52eaa61123476c92:segment:008,8,7123.0,6707,activities/116_260824074938.csv,1,1,0,0
fit:7c2dd3f8e45aa58647ed3b9fa00ff0ab535595cddf75080f52eaa61123476c92,2026-08-24T07:48:23+00:00,161,33,116,32,9.768,993.5999999999999,17,fit:7c2dd3f8e45aa58647ed3b9fa00ff0ab535595cddf75080f52eaa61123476c92:segment:008,8,7124.0,6708,activities/116_260824074938.csv,1,1,0,0
fit:7c2dd3f8e45aa58647ed3b9fa00ff0ab535595cddf75080f52eaa61123476c92,2026-08-24T07:48:24+00:00,162,160,118,85,9.536,993.5999999999999,17,fit:7c2dd3f8e45aa58647ed3b9fa00ff0ab535595cddf75080f52eaa61123476c92:segment:008,8,7125.0,6709,activities/116_260824074938.csv,1,1,0,0
fit:7c2dd3f8e45aa58647ed3b9fa00ff0ab535595cddf75080f52eaa61123476c92,2026-08-24T07:48:25+00:00,163,162,119,85,9.497,993.5999999999999,17,fit:7c2dd3f8e45aa58647ed3b9fa00ff0ab535595cddf75080f52eaa61123476c92:segment:008,8,7126.0,6710,activities/116_260824074938.csv,1,1,0,0
fit:7c2dd3f8e45aa58647ed3b9fa00ff0ab535595cddf75080f52eaa61123476c92,2026-08-24T07:48:26+00:00,164,149,120,85,9.446,994.4000000000001,17,fit:7c2dd3f8e45aa58647ed3b9fa00ff0ab535595cddf75080f52eaa61123476c92:segment:008,8,7127.0,6711,activities/116_260824074938.csv,1,1,0,0
fit:7c2dd3f8e45aa58647ed3b9fa00ff0ab535595cddf75080f52eaa61123476c92,2026-08-24T07:48:27+00:00,165,150,120,84,9.377,994.4000000000001,17,fit:7c2dd3f8e45aa58647ed3b9fa00ff0ab535595cddf75080f52eaa61123476c92:segment:008,8,7128.0,6712,activities/116_260824074938.csv,1,1,0,0
fit:7c2dd3f8e45aa58647ed3b9fa00ff0ab535595cddf75080f52eaa61123476c92,2026-08-24T07:48:28+00:00,166,155,121,84,9.37,994.4000000000001,17,fit:7c2dd3f8e45aa58647ed3b9fa00ff0ab535595cddf75080f52eaa61123476c92:segment:008,8,7129.0,6713,activities/116_260824074938.csv,1,1,0,0
fit:7c2dd3f8e45aa58647ed3b9fa00ff0ab535595cddf75080f52eaa61123476c92,2026-08-24T07:48:29+00:00,167,142,122,84,9.357,994.4000000000001,17,fit:7c2dd3f8e45aa58647ed3b9fa00ff0ab535595cddf75080f52eaa61123476c92:segment:008,8,7130.0,6714,activities/116_260824074938.csv,1,1,0,0
fit:7c2dd3f8e45aa58647ed3b9fa00ff0ab535595cddf75080f52eaa61123476c92,2026-08-24T07:48:30+00:00,168,142,122,84,9.357,993.4000000000001,17,fit:7c2dd3f8e45aa58647ed3b9fa00ff0ab535595cddf75080f52eaa61123476c92:segment:008,8,7131.0,6715,activities/116_260824074938.csv,1,1,0,0
fit:7c2dd3f8e45aa58647ed3b9fa00ff0ab535595cddf75080f52eaa61123476c92,2026-08-24T07:48:31+00:00,169,135,122,83,9.283,993.4000000000001,17,fit:7c2dd3f8e45aa58647ed3b9fa00ff0ab535595cddf75080f52eaa61123476c92:segment:008,8,7132.0,6716,activities/116_260824074938.csv,1,1,0,0
fit:7c2dd3f8e45aa58647ed3b9fa00ff0ab535595cddf75080f52eaa61123476c92,2026-08-24T07:48:32+00:00,170,136,122,83,9.248,993.4000000000001,17,fit:7c2dd3f8e45aa58647ed3b9fa00ff0ab535595cddf75080f52eaa61123476c92:segment:008,8,7133.0,6717,activities/116_260824074938.csv,1,1,0,0
fit:7c2dd3f8e45aa58647ed3b9fa00ff0ab535595cddf75080f52eaa61123476c92,2026-08-24T07:48:33+00:00,171,131,122,82,9.27,994.2,17,fit:7c2dd3f8e45aa58647ed3b9fa00ff0ab535595cddf75080f52eaa61123476c92:segment:008,8,7134.0,6718,activities/116_260824074938.csv,1,1,0,0
fit:7c2dd3f8e45aa58647ed3b9fa00ff0ab535595cddf75080f52eaa61123476c92,2026-08-24T07:48:34+00:00,172,112,122,82,9.178,994.8,17,fit:7c2dd3f8e45aa58647ed3b9fa00ff0ab535595cddf75080f52eaa61123476c92:segment:008,8,7135.0,6719,activities/116_260824074938.csv,1,1,0,0
fit:7c2dd3f8e45aa58647ed3b9fa00ff0ab535595cddf75080f52eaa61123476c92,2026-08-24T07:48:35+00:00,173,112,122,82,9.037,994.8,17,fit:7c2dd3f8e45aa58647ed3b9fa00ff0ab535595cddf75080f52eaa61123476c92:segment:008,8,7136.0,6720,activities/116_260824074938.csv,1,1,0,0
fit:7c2dd3f8e45aa58647ed3b9fa00ff0ab535595cddf75080f52eaa61123476c92,2026-08-24T07:48:36+00:00,174,110,122,81,8.963,994.8,17,fit:7c2dd3f8e45aa58647ed3b9fa00ff0ab535595cddf75080f52eaa61123476c92:segment:008,8,7137.0,6721,activities/116_260824074938.csv,1,1,0,0
fit:7c2dd3f8e45aa58647ed3b9fa00ff0ab535595cddf75080f52eaa61123476c92,2026-08-24T07:48:37+00:00,175,106,121,82,9.025,993.8,17,fit:7c2dd3f8e45aa58647ed3b9fa00ff0ab535595cddf75080f52eaa61123476c92:segment:008,8,7138.0,6722,activities/116_260824074938.csv,1,1,0,0
fit:7c2dd3f8e45aa58647ed3b9fa00ff0ab535595cddf75080f52eaa61123476c92,2026-08-24T07:48:38+00:00,176,86,121,84,9.067,993.4000000000001,17,fit:7c2dd3f8e45aa58647ed3b9fa00ff0ab535595cddf75080f52eaa61123476c92:segment:008,8,7139.0,6723,activities/116_260824074938.csv,1,1,0,0
fit:7c2dd3f8e45aa58647ed3b9fa00ff0ab535595cddf75080f52eaa61123476c92,2026-08-24T07:48:39+00:00,177,86,120,84,9.22,993.4000000000001,17,fit:7c2dd3f8e45aa58647ed3b9fa00ff0ab535595cddf75080f52eaa61123476c92:segment:008,8,7140.0,6724,activities/116_260824074938.csv,1,1,0,0
fit:7c2dd3f8e45aa58647ed3b9fa00ff0ab535595cddf75080f52eaa61123476c92,2026-08-24T07:48:40+00:00,178,86,119,84,9.33,993.4000000000001,17,fit:7c2dd3f8e45aa58647ed3b9fa00ff0ab535595cddf75080f52eaa61123476c92:segment:008,8,7141.0,6725,activities/116_260824074938.csv,1,1,0,0
fit:7c2dd3f8e45aa58647ed3b9fa00ff0ab535595cddf75080f52eaa61123476c92,2026-08-24T07:48:41+00:00,179,86,119,84,9.435,992.4000000000001,17,fit:7c2dd3f8e45aa58647ed3b9fa00ff0ab535595cddf75080f52eaa61123476c92:segment:008,8,7142.0,6726,activities/116_260824074938.csv,1,1,0,0
fit:7c2dd3f8e45aa58647ed3b9fa00ff0ab535595cddf75080f52eaa61123476c92,2026-08-24T07:48:42+00:00,180,86,118,84,9.658,991.4000000000001,17,fit:7c2dd3f8e45aa58647ed3b9fa00ff0ab535595cddf75080f52eaa61123476c92:segment:008,8,7143.0,6727,activities/116_260824074938.csv,1,1,0,0
fit:7c2dd3f8e45aa58647ed3b9fa00ff0ab535595cddf75080f52eaa61123476c92,2026-08-24T07:48:43+00:00,181,0,117,0,9.866,991.4000000000001,17,fit:7c2dd3f8e45aa58647ed3b9fa00ff0ab535595cddf75080f52eaa61123476c92:segment:008,8,7144.0,6728,activities/116_260824074938.csv,1,1,0,0
fit:7c2dd3f8e45aa58647ed3b9fa00ff0ab535595cddf75080f52eaa61123476c92,2026-08-24T07:48:44+00:00,182,0,116,0,9.983,991.4000000000001,17,fit:7c2dd3f8e45aa58647ed3b9fa00ff0ab535595cddf75080f52eaa61123476c92:segment:008,8,7145.0,6729,activities/116_260824074938.csv,1,1,0,0
fit:7c2dd3f8e45aa58647ed3b9fa00ff0ab535595cddf75080f52eaa61123476c92,2026-08-24T07:48:45+00:00,183,0,114,0,10.035,990.4000000000001,17,fit:7c2dd3f8e45aa58647ed3b9fa00ff0ab535595cddf75080f52eaa61123476c92:segment:008,8,7146.0,6730,activities/116_260824074938.csv,1,1,0,0
fit:7c2dd3f8e45aa58647ed3b9fa00ff0ab535595cddf75080f52eaa61123476c92,2026-08-24T07:48:46+00:00,184,9,112,0,10.143,989.8,17,fit:7c2dd3f8e45aa58647ed3b9fa00ff0ab535595cddf75080f52eaa61123476c92:segment:008,8,7147.0,6731,activities/116_260824074938.csv,1,1,0,0
fit:7c2dd3f8e45aa58647ed3b9fa00ff0ab535595cddf75080f52eaa61123476c92,2026-08-24T07:48:47+00:00,185,9,110,60,10.213,989.8,17,fit:7c2dd3f8e45aa58647ed3b9fa00ff0ab535595cddf75080f52eaa61123476c92:segment:008,8,7148.0,6732,activities/116_260824074938.csv,1,1,0,0
fit:7c2dd3f8e45aa58647ed3b9fa00ff0ab535595cddf75080f52eaa61123476c92,2026-08-24T07:48:48+00:00,186,9,110,60,10.335,989.8,17,fit:7c2dd3f8e45aa58647ed3b9fa00ff0ab535595cddf75080f52eaa61123476c92:segment:008,8,7149.0,6733,activities/116_260824074938.csv,1,1,0,0
fit:7c2dd3f8e45aa58647ed3b9fa00ff0ab535595cddf75080f52eaa61123476c92,2026-08-24T07:48:49+00:00,187,9,108,60,10.34,988.8,17,fit:7c2dd3f8e45aa58647ed3b9fa00ff0ab535595cddf75080f52eaa61123476c92:segment:008,8,7150.0,6734,activities/116_260824074938.csv,1,1,0,0
fit:7c2dd3f8e45aa58647ed3b9fa00ff0ab535595cddf75080f52eaa61123476c92,2026-08-24T07:48:50+00:00,188,9,106,60,10.394,987.5999999999999,17,fit:7c2dd3f8e45aa58647ed3b9fa00ff0ab535595cddf75080f52eaa61123476c92:segment:008,8,7151.0,6735,activities/116_260824074938.csv,1,1,0,0
fit:7c2dd3f8e45aa58647ed3b9fa00ff0ab535595cddf75080f52eaa61123476c92,2026-08-24T07:48:51+00:00,189,2,105,60,10.569,987.5999999999999,17,fit:7c2dd3f8e45aa58647ed3b9fa00ff0ab535595cddf75080f52eaa61123476c92:segment:008,8,7152.0,6736,activities/116_260824074938.csv,1,1,0,0
fit:7c2dd3f8e45aa58647ed3b9fa00ff0ab535595cddf75080f52eaa61123476c92,2026-08-24T07:48:52+00:00,190,3,105,0,10.673,987.5999999999999,17,fit:7c2dd3f8e45aa58647ed3b9fa00ff0ab535595cddf75080f52eaa61123476c92:segment:008,8,7153.0,6737,activities/116_260824074938.csv,1,1,0,0
fit:7c2dd3f8e45aa58647ed3b9fa00ff0ab535595cddf75080f52eaa61123476c92,2026-08-24T07:48:53+00:00,191,3,104,0,10.779,986.5999999999999,17,fit:7c2dd3f8e45aa58647ed3b9fa00ff0ab535595cddf75080f52eaa61123476c92:segment:008,8,7154.0,6738,activities/116_260824074938.csv,1,1,0,0
fit:7c2dd3f8e45aa58647ed3b9fa00ff0ab535595cddf75080f52eaa61123476c92,2026-08-24T07:48:54+00:00,192,3,103,0,10.927,986.5999999999999,17,fit:7c2dd3f8e45aa58647ed3b9fa00ff0ab535595cddf75080f52eaa61123476c92:segment:008,8,7155.0,6739,activities/116_260824074938.csv,1,1,0,0
fit:7c2dd3f8e45aa58647ed3b9fa00ff0ab535595cddf75080f52eaa61123476c92,2026-08-24T07:48:55+00:00,193,2,103,0,10.803,986.5999999999999,17,fit:7c2dd3f8e45aa58647ed3b9fa00ff0ab535595cddf75080f52eaa61123476c92:segment:008,8,7156.0,6740,activities/116_260824074938.csv,1,1,0,0
fit:7c2dd3f8e45aa58647ed3b9fa00ff0ab535595cddf75080f52eaa61123476c92,2026-08-24T07:48:56+00:00,194,0,102,0,10.652,986.5999999999999,17,fit:7c2dd3f8e45aa58647ed3b9fa00ff0ab535595cddf75080f52eaa61123476c92:segment:008,8,7157.0,6741,activities/116_260824074938.csv,1,1,0,0
fit:7c2dd3f8e45aa58647ed3b9fa00ff0ab535595cddf75080f52eaa61123476c92,2026-08-24T07:48:57+00:00,195,0,101,0,10.551,985.8,17,fit:7c2dd3f8e45aa58647ed3b9fa00ff0ab535595cddf75080f52eaa61123476c92:segment:008,8,7158.0,6742,activities/116_260824074938.csv,1,1,0,0
fit:7c2dd3f8e45aa58647ed3b9fa00ff0ab535595cddf75080f52eaa61123476c92,2026-08-24T07:48:58+00:00,196,0,99,0,10.517,985.8,17,fit:7c2dd3f8e45aa58647ed3b9fa00ff0ab535595cddf75080f52eaa61123476c92:segment:008,8,7159.0,6743,activities/116_260824074938.csv,1,1,0,0
fit:7c2dd3f8e45aa58647ed3b9fa00ff0ab535595cddf75080f52eaa61123476c92,2026-08-24T07:48:59+00:00,197,0,97,0,10.37,985.8,17,fit:7c2dd3f8e45aa58647ed3b9fa00ff0ab535595cddf75080f52eaa61123476c92:segment:008,8,7160.0,6744,activities/116_260824074938.csv,1,1,0,0
fit:7c2dd3f8e45aa58647ed3b9fa00ff0ab535595cddf75080f52eaa61123476c92,2026-08-24T07:49:00+00:00,198,0,97,0,10.207,985.8,17,fit:7c2dd3f8e45aa58647ed3b9fa00ff0ab535595cddf75080f52eaa61123476c92:segment:008,8,7161.0,6745,activities/116_260824074938.csv,1,1,0,0
fit:7c2dd3f8e45aa58647ed3b9fa00ff0ab535595cddf75080f52eaa61123476c92,2026-08-24T07:49:01+00:00,199,0,94,0,9.729,986.8,17,fit:7c2dd3f8e45aa58647ed3b9fa00ff0ab535595cddf75080f52eaa61123476c92:segment:008,8,7162.0,6746,activities/116_260824074938.csv,1,1,0,0
fit:7c2dd3f8e45aa58647ed3b9fa00ff0ab535595cddf75080f52eaa61123476c92,2026-08-24T07:49:02+00:00,200,0,93,0,8.64,988.2,17,fit:7c2dd3f8e45aa58647ed3b9fa00ff0ab535595cddf75080f52eaa61123476c92:segment:008,8,7163.0,6747,activities/116_260824074938.csv,1,1,0,0
fit:7c2dd3f8e45aa58647ed3b9fa00ff0ab535595cddf75080f52eaa61123476c92,2026-08-24T07:49:03+00:00,201,0,93,0,7.49,988.2,17,fit:7c2dd3f8e45aa58647ed3b9fa00ff0ab535595cddf75080f52eaa61123476c92:segment:008,8,7164.0,6748,activities/116_260824074938.csv,1,1,0,0
fit:7c2dd3f8e45aa58647ed3b9fa00ff0ab535595cddf75080f52eaa61123476c92,2026-08-24T07:49:04+00:00,202,0,93,0,6.806,988.2,17,fit:7c2dd3f8e45aa58647ed3b9fa00ff0ab535595cddf75080f52eaa61123476c92:segment:008,8,7165.0,6749,activities/116_260824074938.csv,1,1,0,0
fit:7c2dd3f8e45aa58647ed3b9fa00ff0ab535595cddf75080f52eaa61123476c92,2026-08-24T07:49:05+00:00,203,231,93,58,6.63,989.2,17,fit:7c2dd3f8e45aa58647ed3b9fa00ff0ab535595cddf75080f52eaa61123476c92:segment:008,8,7166.0,6750,activities/116_260824074938.csv,1,1,0,0
fit:7c2dd3f8e45aa58647ed3b9fa00ff0ab535595cddf75080f52eaa61123476c92,2026-08-24T07:49:06+00:00,204,244,91,60,6.519,988.4000000000001,17,fit:7c2dd3f8e45aa58647ed3b9fa00ff0ab535595cddf75080f52eaa61123476c92:segment:008,8,7167.0,6751,activities/116_260824074938.csv,1,1,0,0
fit:7c2dd3f8e45aa58647ed3b9fa00ff0ab535595cddf75080f52eaa61123476c92,2026-08-24T07:49:07+00:00,205,229,88,61,6.48,988.4000000000001,17,fit:7c2dd3f8e45aa58647ed3b9fa00ff0ab535595cddf75080f52eaa61123476c92:segment:008,8,7168.0,6752,activities/116_260824074938.csv,1,1,0,0
fit:7c2dd3f8e45aa58647ed3b9fa00ff0ab535595cddf75080f52eaa61123476c92,2026-08-24T07:49:08+00:00,206,226,88,62,6.566,988.4000000000001,17,fit:7c2dd3f8e45aa58647ed3b9fa00ff0ab535595cddf75080f52eaa61123476c92:segment:008,8,7169.0,6753,activities/116_260824074938.csv,1,1,0,0
fit:7c2dd3f8e45aa58647ed3b9fa00ff0ab535595cddf75080f52eaa61123476c92,2026-08-24T07:49:09+00:00,207,212,88,63,6.679,988.4000000000001,17,fit:7c2dd3f8e45aa58647ed3b9fa00ff0ab535595cddf75080f52eaa61123476c92:segment:008,8,7170.0,6754,activities/116_260824074938.csv,1,1,0,0
fit:7c2dd3f8e45aa58647ed3b9fa00ff0ab535595cddf75080f52eaa61123476c92,2026-08-24T07:49:10+00:00,208,195,88,64,6.866,988.4000000000001,17,fit:7c2dd3f8e45aa58647ed3b9fa00ff0ab535595cddf75080f52eaa61123476c92:segment:008,8,7171.0,6755,activities/116_260824074938.csv,1,1,0,0
fit:7c2dd3f8e45aa58647ed3b9fa00ff0ab535595cddf75080f52eaa61123476c92,2026-08-24T07:49:11+00:00,209,142,88,64,7.052,988.4000000000001,17,fit:7c2dd3f8e45aa58647ed3b9fa00ff0ab535595cddf75080f52eaa61123476c92:segment:008,8,7172.0,6756,activities/116_260824074938.csv,1,1,0,0
fit:7c2dd3f8e45aa58647ed3b9fa00ff0ab535595cddf75080f52eaa61123476c92,2026-08-24T07:49:12+00:00,210,136,89,67,7.208,988.4000000000001,17,fit:7c2dd3f8e45aa58647ed3b9fa00ff0ab535595cddf75080f52eaa61123476c92:segment:008,8,7173.0,6757,activities/116_260824074938.csv,1,1,0,0
fit:7c2dd3f8e45aa58647ed3b9fa00ff0ab535595cddf75080f52eaa61123476c92,2026-08-24T07:49:13+00:00,211,122,90,70,7.32,988.8,17,fit:7c2dd3f8e45aa58647ed3b9fa00ff0ab535595cddf75080f52eaa61123476c92:segment:008,8,7174.0,6758,activities/116_260824074938.csv,1,1,0,0
fit:7c2dd3f8e45aa58647ed3b9fa00ff0ab535595cddf75080f52eaa61123476c92,2026-08-24T07:49:14+00:00,212,122,92,70,7.431,988.2,17,fit:7c2dd3f8e45aa58647ed3b9fa00ff0ab535595cddf75080f52eaa61123476c92:segment:008,8,7175.0,6759,activities/116_260824074938.csv,1,1,0,0
fit:7c2dd3f8e45aa58647ed3b9fa00ff0ab535595cddf75080f52eaa61123476c92,2026-08-24T07:49:15+00:00,213,134,92,72,7.502,988.2,17,fit:7c2dd3f8e45aa58647ed3b9fa00ff0ab535595cddf75080f52eaa61123476c92:segment:008,8,7176.0,6760,activities/116_260824074938.csv,1,1,0,0
fit:7c2dd3f8e45aa58647ed3b9fa00ff0ab535595cddf75080f52eaa61123476c92,2026-08-24T07:49:16+00:00,214,108,94,73,7.571,988.2,17,fit:7c2dd3f8e45aa58647ed3b9fa00ff0ab535595cddf75080f52eaa61123476c92:segment:008,8,7177.0,6761,activities/116_260824074938.csv,1,1,0,0
fit:7c2dd3f8e45aa58647ed3b9fa00ff0ab535595cddf75080f52eaa61123476c92,2026-08-24T07:49:17+00:00,215,113,94,74,7.689,987.2,17,fit:7c2dd3f8e45aa58647ed3b9fa00ff0ab535595cddf75080f52eaa61123476c92:segment:008,8,7178.0,6762,activities/116_260824074938.csv,1,1,0,0
fit:7c2dd3f8e45aa58647ed3b9fa00ff0ab535595cddf75080f52eaa61123476c92,2026-08-24T07:49:18+00:00,216,124,94,75,7.833,987.0,17,fit:7c2dd3f8e45aa58647ed3b9fa00ff0ab535595cddf75080f52eaa61123476c92:segment:008,8,7179.0,6763,activities/116_260824074938.csv,1,1,0,0
fit:7c2dd3f8e45aa58647ed3b9fa00ff0ab535595cddf75080f52eaa61123476c92,2026-08-24T07:49:19+00:00,217,122,94,77,8.158,987.0,17,fit:7c2dd3f8e45aa58647ed3b9fa00ff0ab535595cddf75080f52eaa61123476c92:segment:008,8,7180.0,6764,activities/116_260824074938.csv,1,1,0,0
fit:7c2dd3f8e45aa58647ed3b9fa00ff0ab535595cddf75080f52eaa61123476c92,2026-08-24T07:49:20+00:00,218,138,94,78,8.336,987.0,17,fit:7c2dd3f8e45aa58647ed3b9fa00ff0ab535595cddf75080f52eaa61123476c92:segment:008,8,7181.0,6765,activities/116_260824074938.csv,1,1,0,0
fit:7c2dd3f8e45aa58647ed3b9fa00ff0ab535595cddf75080f52eaa61123476c92,2026-08-24T07:49:21+00:00,219,138,94,78,8.455,986.0,17,fit:7c2dd3f8e45aa58647ed3b9fa00ff0ab535595cddf75080f52eaa61123476c92:segment:008,8,7182.0,6766,activities/116_260824074938.csv,1,1,0,0
fit:7c2dd3f8e45aa58647ed3b9fa00ff0ab535595cddf75080f52eaa61123476c92,2026-08-24T07:49:22+00:00,220,145,94,79,8.568,985.5999999999999,17,fit:7c2dd3f8e45aa58647ed3b9fa00ff0ab535595cddf75080f52eaa61123476c92:segment:008,8,7183.0,6767,activities/116_260824074938.csv,1,1,0,0
fit:7c2dd3f8e45aa58647ed3b9fa00ff0ab535595cddf75080f52eaa61123476c92,2026-08-24T07:49:23+00:00,221,166,95,80,8.492,985.5999999999999,17,fit:7c2dd3f8e45aa58647ed3b9fa00ff0ab535595cddf75080f52eaa61123476c92:segment:008,8,7184.0,6768,activities/116_260824074938.csv,1,1,0,0
fit:7c2dd3f8e45aa58647ed3b9fa00ff0ab535595cddf75080f52eaa61123476c92,2026-08-24T07:49:24+00:00,222,143,96,80,8.469,985.5999999999999,17,fit:7c2dd3f8e45aa58647ed3b9fa00ff0ab535595cddf75080f52eaa61123476c92:segment:008,8,7185.0,6769,activities/116_260824074938.csv,1,1,0,0
fit:7c2dd3f8e45aa58647ed3b9fa00ff0ab535595cddf75080f52eaa61123476c92,2026-08-24T07:49:25+00:00,223,126,96,81,8.636,985.5999999999999,17,fit:7c2dd3f8e45aa58647ed3b9fa00ff0ab535595cddf75080f52eaa61123476c92:segment:008,8,7186.0,6770,activities/116_260824074938.csv,1,1,0,0
fit:7c2dd3f8e45aa58647ed3b9fa00ff0ab535595cddf75080f52eaa61123476c92,2026-08-24T07:49:26+00:00,224,122,98,82,8.814,985.5999999999999,17,fit:7c2dd3f8e45aa58647ed3b9fa00ff0ab535595cddf75080f52eaa61123476c92:segment:008,8,7187.0,6771,activities/116_260824074938.csv,1,1,0,0
fit:7c2dd3f8e45aa58647ed3b9fa00ff0ab535595cddf75080f52eaa61123476c92,2026-08-24T07:49:27+00:00,225,123,99,82,8.857,985.5999999999999,17,fit:7c2dd3f8e45aa58647ed3b9fa00ff0ab535595cddf75080f52eaa61123476c92:segment:008,8,7188.0,6772,activities/116_260824074938.csv,1,1,0,0
fit:7c2dd3f8e45aa58647ed3b9fa00ff0ab535595cddf75080f52eaa61123476c92,2026-08-24T07:49:28+00:00,226,124,101,82,9.004,985.5999999999999,17,fit:7c2dd3f8e45aa58647ed3b9fa00ff0ab535595cddf75080f52eaa61123476c92:segment:008,8,7189.0,6773,activities/116_260824074938.csv,1,1,0,0
fit:7c2dd3f8e45aa58647ed3b9fa00ff0ab535595cddf75080f52eaa61123476c92,2026-08-24T07:49:29+00:00,227,116,102,82,9.105,984.5999999999999,17,fit:7c2dd3f8e45aa58647ed3b9fa00ff0ab535595cddf75080f52eaa61123476c92:segment:008,8,7190.0,6774,activities/116_260824074938.csv,1,1,0,0
fit:7c2dd3f8e45aa58647ed3b9fa00ff0ab535595cddf75080f52eaa61123476c92,2026-08-24T07:49:30+00:00,228,136,103,82,9.023,984.8,17,fit:7c2dd3f8e45aa58647ed3b9fa00ff0ab535595cddf75080f52eaa61123476c92:segment:008,8,7191.0,6775,activities/116_260824074938.csv,1,1,0,0
fit:7c2dd3f8e45aa58647ed3b9fa00ff0ab535595cddf75080f52eaa61123476c92,2026-08-24T07:49:31+00:00,229,151,104,82,9.14,984.8,17,fit:7c2dd3f8e45aa58647ed3b9fa00ff0ab535595cddf75080f52eaa61123476c92:segment:008,8,7192.0,6776,activities/116_260824074938.csv,1,1,0,0
fit:7c2dd3f8e45aa58647ed3b9fa00ff0ab535595cddf75080f52eaa61123476c92,2026-08-24T07:49:32+00:00,230,180,104,83,9.181,984.8,17,fit:7c2dd3f8e45aa58647ed3b9fa00ff0ab535595cddf75080f52eaa61123476c92:segment:008,8,7193.0,6777,activities/116_260824074938.csv,1,1,0,0
fit:7c2dd3f8e45aa58647ed3b9fa00ff0ab535595cddf75080f52eaa61123476c92,2026-08-24T07:49:33+00:00,231,171,105,83,9.19,983.8,17,fit:7c2dd3f8e45aa58647ed3b9fa00ff0ab535595cddf75080f52eaa61123476c92:segment:008,8,7194.0,6778,activities/116_260824074938.csv,1,1,0,0
fit:7c2dd3f8e45aa58647ed3b9fa00ff0ab535595cddf75080f52eaa61123476c92,2026-08-24T07:49:34+00:00,232,155,105,83,9.358,984.2,17,fit:7c2dd3f8e45aa58647ed3b9fa00ff0ab535595cddf75080f52eaa61123476c92:segment:008,8,7195.0,6779,activities/116_260824074938.csv,1,1,0,0
fit:7c2dd3f8e45aa58647ed3b9fa00ff0ab535595cddf75080f52eaa61123476c92,2026-08-24T07:49:35+00:00,233,154,106,84,9.3,984.2,17,fit:7c2dd3f8e45aa58647ed3b9fa00ff0ab535595cddf75080f52eaa61123476c92:segment:008,8,7196.0,6780,activities/116_260824074938.csv,1,1,0,0
fit:7c2dd3f8e45aa58647ed3b9fa00ff0ab535595cddf75080f52eaa61123476c92,2026-08-24T07:49:36+00:00,234,185,106,84,9.292,984.2,17,fit:7c2dd3f8e45aa58647ed3b9fa00ff0ab535595cddf75080f52eaa61123476c92:segment:008,8,7197.0,6781,activities/116_260824074938.csv,1,1,0,0
fit:7c2dd3f8e45aa58647ed3b9fa00ff0ab535595cddf75080f52eaa61123476c92,2026-08-24T07:49:37+00:00,235,185,107,85,9.296,984.2,17,fit:7c2dd3f8e45aa58647ed3b9fa00ff0ab535595cddf75080f52eaa61123476c92:segment:008,8,7198.0,6782,activities/116_260824074938.csv,1,1,0,0
fit:7c2dd3f8e45aa58647ed3b9fa00ff0ab535595cddf75080f52eaa61123476c92,2026-08-24T07:49:38+00:00,236,182,107,86,9.37,984.8,17,fit:7c2dd3f8e45aa58647ed3b9fa00ff0ab535595cddf75080f52eaa61123476c92:segment:008,8,7199.0,6783,activities/116_260824074938.csv,1,1,0,0
fit:7c2dd3f8e45aa58647ed3b9fa00ff0ab535595cddf75080f52eaa61123476c92,2026-08-24T07:49:39+00:00,237,181,108,85,9.458,984.8,17,fit:7c2dd3f8e45aa58647ed3b9fa00ff0ab535595cddf75080f52eaa61123476c92:segment:008,8,7200.0,6784,activities/116_260824074938.csv,1,1,0,0
fit:7c2dd3f8e45aa58647ed3b9fa00ff0ab535595cddf75080f52eaa61123476c92,2026-08-24T07:49:40+00:00,238,172,109,85,9.426,984.8,17,fit:7c2dd3f8e45aa58647ed3b9fa00ff0ab535595cddf75080f52eaa61123476c92:segment:008,8,7201.0,6785,activities/116_260824074938.csv,1,1,0,0
fit:7c2dd3f8e45aa58647ed3b9fa00ff0ab535595cddf75080f52eaa61123476c92,2026-08-24T07:49:41+00:00,239,144,111,85,9.416,983.8,17,fit:7c2dd3f8e45aa58647ed3b9fa00ff0ab535595cddf75080f52eaa61123476c92:segment:008,8,7202.0,6786,activities/116_260824074938.csv,1,1,0,0
fit:7c2dd3f8e45aa58647ed3b9fa00ff0ab535595cddf75080f52eaa61123476c92,2026-08-24T07:49:42+00:00,240,143,112,86,9.409,983.8,17,fit:7c2dd3f8e45aa58647ed3b9fa00ff0ab535595cddf75080f52eaa61123476c92:segment:008,8,7203.0,6787,activities/116_260824074938.csv,1,1,0,0
fit:7c2dd3f8e45aa58647ed3b9fa00ff0ab535595cddf75080f52eaa61123476c92,2026-08-24T07:49:43+00:00,241,143,113,87,9.465,983.8,17,fit:7c2dd3f8e45aa58647ed3b9fa00ff0ab535595cddf75080f52eaa61123476c92:segment:008,8,7204.0,6788,activities/116_260824074938.csv,1,1,0,0
fit:7c2dd3f8e45aa58647ed3b9fa00ff0ab535595cddf75080f52eaa61123476c92,2026-08-24T07:49:44+00:00,242,141,114,88,9.514,983.8,17,fit:7c2dd3f8e45aa58647ed3b9fa00ff0ab535595cddf75080f52eaa61123476c92:segment:008,8,7205.0,6789,activities/116_260824074938.csv,1,1,0,0
fit:7c2dd3f8e45aa58647ed3b9fa00ff0ab535595cddf75080f52eaa61123476c92,2026-08-24T07:49:45+00:00,243,135,114,88,9.641,983.0,17,fit:7c2dd3f8e45aa58647ed3b9fa00ff0ab535595cddf75080f52eaa61123476c92:segment:008,8,7206.0,6790,activities/116_260824074938.csv,1,1,0,0
fit:7c2dd3f8e45aa58647ed3b9fa00ff0ab535595cddf75080f52eaa61123476c92,2026-08-24T07:49:46+00:00,244,144,115,88,9.659,983.0,17,fit:7c2dd3f8e45aa58647ed3b9fa00ff0ab535595cddf75080f52eaa61123476c92:segment:008,8,7207.0,6791,activities/116_260824074938.csv,1,1,0,0
fit:7c2dd3f8e45aa58647ed3b9fa00ff0ab535595cddf75080f52eaa61123476c92,2026-08-24T07:49:47+00:00,245,146,115,89,9.745,983.0,17,fit:7c2dd3f8e45aa58647ed3b9fa00ff0ab535595cddf75080f52eaa61123476c92:segment:008,8,7208.0,6792,activities/116_260824074938.csv,1,1,0,0
fit:7c2dd3f8e45aa58647ed3b9fa00ff0ab535595cddf75080f52eaa61123476c92,2026-08-24T07:49:48+00:00,246,105,115,89,9.805,983.0,17,fit:7c2dd3f8e45aa58647ed3b9fa00ff0ab535595cddf75080f52eaa61123476c92:segment:008,8,7209.0,6793,activities/116_260824074938.csv,1,1,0,0
fit:7c2dd3f8e45aa58647ed3b9fa00ff0ab535595cddf75080f52eaa61123476c92,2026-08-24T07:49:49+00:00,247,92,115,88,9.816,983.0,17,fit:7c2dd3f8e45aa58647ed3b9fa00ff0ab535595cddf75080f52eaa61123476c92:segment:008,8,7210.0,6794,activities/116_260824074938.csv,1,1,0,0
fit:7c2dd3f8e45aa58647ed3b9fa00ff0ab535595cddf75080f52eaa61123476c92,2026-08-24T07:49:50+00:00,248,101,114,88,9.818,982.8,17,fit:7c2dd3f8e45aa58647ed3b9fa00ff0ab535595cddf75080f52eaa61123476c92:segment:008,8,7211.0,6795,activities/116_260824074938.csv,1,1,0,0
fit:7c2dd3f8e45aa58647ed3b9fa00ff0ab535595cddf75080f52eaa61123476c92,2026-08-24T07:49:51+00:00,249,101,114,88,9.725,982.8,17,fit:7c2dd3f8e45aa58647ed3b9fa00ff0ab535595cddf75080f52eaa61123476c92:segment:008,8,7212.0,6796,activities/116_260824074938.csv,1,1,0,0
fit:7c2dd3f8e45aa58647ed3b9fa00ff0ab535595cddf75080f52eaa61123476c92,2026-08-24T07:49:52+00:00,250,101,113,88,9.823,982.8,17,fit:7c2dd3f8e45aa58647ed3b9fa00ff0ab535595cddf75080f52eaa61123476c92:segment:008,8,7213.0,6797,activities/116_260824074938.csv,1,1,0,0
fit:7c2dd3f8e45aa58647ed3b9fa00ff0ab535595cddf75080f52eaa61123476c92,2026-08-24T07:49:53+00:00,251,131,113,89,9.793,982.2,17,fit:7c2dd3f8e45aa58647ed3b9fa00ff0ab535595cddf75080f52eaa61123476c92:segment:008,8,7214.0,6798,activities/116_260824074938.csv,1,1,0,0
fit:7c2dd3f8e45aa58647ed3b9fa00ff0ab535595cddf75080f52eaa61123476c92,2026-08-24T07:49:54+00:00,252,129,112,89,9.838,982.0,17,fit:7c2dd3f8e45aa58647ed3b9fa00ff0ab535595cddf75080f52eaa61123476c92:segment:008,8,7215.0,6799,activities/116_260824074938.csv,1,1,0,0
fit:7c2dd3f8e45aa58647ed3b9fa00ff0ab535595cddf75080f52eaa61123476c92,2026-08-24T07:49:55+00:00,253,137,112,90,9.849,982.0,18,fit:7c2dd3f8e45aa58647ed3b9fa00ff0ab535595cddf75080f52eaa61123476c92:segment:008,8,7216.0,6800,activities/116_260824074938.csv,1,1,0,0
fit:7c2dd3f8e45aa58647ed3b9fa00ff0ab535595cddf75080f52eaa61123476c92,2026-08-24T07:49:56+00:00,254,130,111,91,9.874,982.0,18,fit:7c2dd3f8e45aa58647ed3b9fa00ff0ab535595cddf75080f52eaa61123476c92:segment:008,8,7217.0,6801,activities/116_260824074938.csv,1,1,0,0
fit:7c2dd3f8e45aa58647ed3b9fa00ff0ab535595cddf75080f52eaa61123476c92,2026-08-24T07:49:57+00:00,255,163,111,92,10.018,981.2,18,fit:7c2dd3f8e45aa58647ed3b9fa00ff0ab535595cddf75080f52eaa61123476c92:segment:008,8,7218.0,6802,activities/116_260824074938.csv,1,1,0,0
fit:7c2dd3f8e45aa58647ed3b9fa00ff0ab535595cddf75080f52eaa61123476c92,2026-08-24T07:49:58+00:00,256,145,111,93,10.01,981.4000000000001,18,fit:7c2dd3f8e45aa58647ed3b9fa00ff0ab535595cddf75080f52eaa61123476c92:segment:008,8,7219.0,6803,activities/116_260824074938.csv,1,1,0,0
fit:7c2dd3f8e45aa58647ed3b9fa00ff0ab535595cddf75080f52eaa61123476c92,2026-08-24T07:49:59+00:00,257,135,111,93,10.128,981.4000000000001,18,fit:7c2dd3f8e45aa58647ed3b9fa00ff0ab535595cddf75080f52eaa61123476c92:segment:008,8,7220.0,6804,activities/116_260824074938.csv,1,1,0,0
fit:7c2dd3f8e45aa58647ed3b9fa00ff0ab535595cddf75080f52eaa61123476c92,2026-08-24T07:50:00+00:00,258,166,112,93,10.207,981.4000000000001,18,fit:7c2dd3f8e45aa58647ed3b9fa00ff0ab535595cddf75080f52eaa61123476c92:segment:008,8,7221.0,6805,activities/116_260824074938.csv,1,1,0,0
fit:7c2dd3f8e45aa58647ed3b9fa00ff0ab535595cddf75080f52eaa61123476c92,2026-08-24T07:50:01+00:00,259,175,112,93,10.156,981.0,18,fit:7c2dd3f8e45aa58647ed3b9fa00ff0ab535595cddf75080f52eaa61123476c92:segment:008,8,7222.0,6806,activities/116_260824074938.csv,1,1,0,0
fit:7c2dd3f8e45aa58647ed3b9fa00ff0ab535595cddf75080f52eaa61123476c92,2026-08-24T07:50:02+00:00,260,171,113,91,10.052,981.0,18,fit:7c2dd3f8e45aa58647ed3b9fa00ff0ab535595cddf75080f52eaa61123476c92:segment:008,8,7223.0,6807,activities/116_260824074938.csv,1,1,0,0
fit:7c2dd3f8e45aa58647ed3b9fa00ff0ab535595cddf75080f52eaa61123476c92,2026-08-24T07:50:03+00:00,261,171,113,89,9.94,981.0,18,fit:7c2dd3f8e45aa58647ed3b9fa00ff0ab535595cddf75080f52eaa61123476c92:segment:008,8,7224.0,6808,activities/116_260824074938.csv,1,1,0,0
fit:7c2dd3f8e45aa58647ed3b9fa00ff0ab535595cddf75080f52eaa61123476c92,2026-08-24T07:50:04+00:00,262,186,113,88,9.833,981.0,18,fit:7c2dd3f8e45aa58647ed3b9fa00ff0ab535595cddf75080f52eaa61123476c92:segment:008,8,7225.0,6809,activities/116_260824074938.csv,1,1,0,0
fit:7c2dd3f8e45aa58647ed3b9fa00ff0ab535595cddf75080f52eaa61123476c92,2026-08-24T07:50:05+00:00,263,186,113,86,9.671,982.0,18,fit:7c2dd3f8e45aa58647ed3b9fa00ff0ab535595cddf75080f52eaa61123476c92:segment:008,8,7226.0,6810,activities/116_260824074938.csv,1,1,0,0
fit:7c2dd3f8e45aa58647ed3b9fa00ff0ab535595cddf75080f52eaa61123476c92,2026-08-24T07:50:06+00:00,264,167,113,86,9.43,981.5999999999999,18,fit:7c2dd3f8e45aa58647ed3b9fa00ff0ab535595cddf75080f52eaa61123476c92:segment:008,8,7227.0,6811,activities/116_260824074938.csv,1,1,0,0
fit:7c2dd3f8e45aa58647ed3b9fa00ff0ab535595cddf75080f52eaa61123476c92,2026-08-24T07:50:07+00:00,265,179,113,87,9.351,981.5999999999999,18,fit:7c2dd3f8e45aa58647ed3b9fa00ff0ab535595cddf75080f52eaa61123476c92:segment:008,8,7228.0,6812,activities/116_260824074938.csv,1,1,0,0
fit:7c2dd3f8e45aa58647ed3b9fa00ff0ab535595cddf75080f52eaa61123476c92,2026-08-24T07:50:08+00:00,266,179,113,87,9.334,981.5999999999999,18,fit:7c2dd3f8e45aa58647ed3b9fa00ff0ab535595cddf75080f52eaa61123476c92:segment:008,8,7229.0,6813,activities/116_260824074938.csv,1,1,0,0
fit:7c2dd3f8e45aa58647ed3b9fa00ff0ab535595cddf75080f52eaa61123476c92,2026-08-24T07:50:09+00:00,267,156,113,87,9.403,981.5999999999999,18,fit:7c2dd3f8e45aa58647ed3b9fa00ff0ab535595cddf75080f52eaa61123476c92:segment:008,8,7230.0,6814,activities/116_260824074938.csv,1,1,0,0
fit:7c2dd3f8e45aa58647ed3b9fa00ff0ab535595cddf75080f52eaa61123476c92,2026-08-24T07:50:10+00:00,268,184,113,89,9.531,981.8,18,fit:7c2dd3f8e45aa58647ed3b9fa00ff0ab535595cddf75080f52eaa61123476c92:segment:008,8,7231.0,6815,activities/116_260824074938.csv,1,1,0,0
fit:7c2dd3f8e45aa58647ed3b9fa00ff0ab535595cddf75080f52eaa61123476c92,2026-08-24T07:50:11+00:00,269,137,114,90,9.543,981.8,18,fit:7c2dd3f8e45aa58647ed3b9fa00ff0ab535595cddf75080f52eaa61123476c92:segment:008,8,7232.0,6816,activities/116_260824074938.csv,1,1,0,0
fit:7c2dd3f8e45aa58647ed3b9fa00ff0ab535595cddf75080f52eaa61123476c92,2026-08-24T07:50:12+00:00,270,148,114,90,9.658,981.8,18,fit:7c2dd3f8e45aa58647ed3b9fa00ff0ab535595cddf75080f52eaa61123476c92:segment:008,8,7233.0,6817,activities/116_260824074938.csv,1,1,0,0
fit:7c2dd3f8e45aa58647ed3b9fa00ff0ab535595cddf75080f52eaa61123476c92,2026-08-24T07:50:13+00:00,271,123,114,90,9.668,980.8,18,fit:7c2dd3f8e45aa58647ed3b9fa00ff0ab535595cddf75080f52eaa61123476c92:segment:008,8,7234.0,6818,activities/116_260824074938.csv,1,1,0,0
fit:7c2dd3f8e45aa58647ed3b9fa00ff0ab535595cddf75080f52eaa61123476c92,2026-08-24T07:50:14+00:00,272,111,114,90,9.743,980.0,18,fit:7c2dd3f8e45aa58647ed3b9fa00ff0ab535595cddf75080f52eaa61123476c92:segment:008,8,7235.0,6819,activities/116_260824074938.csv,1,1,0,0
fit:7c2dd3f8e45aa58647ed3b9fa00ff0ab535595cddf75080f52eaa61123476c92,2026-08-24T07:50:15+00:00,273,111,114,91,9.8,980.0,18,fit:7c2dd3f8e45aa58647ed3b9fa00ff0ab535595cddf75080f52eaa61123476c92:segment:008,8,7236.0,6820,activities/116_260824074938.csv,1,1,0,0
fit:7c2dd3f8e45aa58647ed3b9fa00ff0ab535595cddf75080f52eaa61123476c92,2026-08-24T07:50:16+00:00,274,111,115,91,10.042,980.0,18,fit:7c2dd3f8e45aa58647ed3b9fa00ff0ab535595cddf75080f52eaa61123476c92:segment:008,8,7237.0,6821,activities/116_260824074938.csv,1,1,0,0
fit:7c2dd3f8e45aa58647ed3b9fa00ff0ab535595cddf75080f52eaa61123476c92,2026-08-24T07:50:17+00:00,275,111,115,91,10.072,979.0,18,fit:7c2dd3f8e45aa58647ed3b9fa00ff0ab535595cddf75080f52eaa61123476c92:segment:008,8,7238.0,6822,activities/116_260824074938.csv,1,1,0,0
fit:7c2dd3f8e45aa58647ed3b9fa00ff0ab535595cddf75080f52eaa61123476c92,2026-08-24T07:50:18+00:00,276,100,115,88,10.49,975.5999999999999,18,fit:7c2dd3f8e45aa58647ed3b9fa00ff0ab535595cddf75080f52eaa61123476c92:segment:008,8,7239.0,6823,activities/116_260824074938.csv,1,1,0,0
fit:7c2dd3f8e45aa58647ed3b9fa00ff0ab535595cddf75080f52eaa61123476c92,2026-08-24T07:50:19+00:00,277,0,115,0,10.84,975.5999999999999,18,fit:7c2dd3f8e45aa58647ed3b9fa00ff0ab535595cddf75080f52eaa61123476c92:segment:008,8,7240.0,6824,activities/116_260824074938.csv,1,1,0,0
fit:7c2dd3f8e45aa58647ed3b9fa00ff0ab535595cddf75080f52eaa61123476c92,2026-08-24T07:50:20+00:00,278,0,114,0,11.272,975.5999999999999,18,fit:7c2dd3f8e45aa58647ed3b9fa00ff0ab535595cddf75080f52eaa61123476c92:segment:008,8,7241.0,6825,activities/116_260824074938.csv,1,1,0,0
fit:7c2dd3f8e45aa58647ed3b9fa00ff0ab535595cddf75080f52eaa61123476c92,2026-08-24T07:50:21+00:00,279,0,114,0,11.579,974.5999999999999,18,fit:7c2dd3f8e45aa58647ed3b9fa00ff0ab535595cddf75080f52eaa61123476c92:segment:008,8,7242.0,6826,activities/116_260824074938.csv,1,1,0,0
fit:7c2dd3f8e45aa58647ed3b9fa00ff0ab535595cddf75080f52eaa61123476c92,2026-08-24T07:50:22+00:00,280,0,112,0,11.792,972.8,18,fit:7c2dd3f8e45aa58647ed3b9fa00ff0ab535595cddf75080f52eaa61123476c92:segment:008,8,7243.0,6827,activities/116_260824074938.csv,1,1,0,0
fit:7c2dd3f8e45aa58647ed3b9fa00ff0ab535595cddf75080f52eaa61123476c92,2026-08-24T07:50:23+00:00,281,0,112,0,11.979,972.8,18,fit:7c2dd3f8e45aa58647ed3b9fa00ff0ab535595cddf75080f52eaa61123476c92:segment:008,8,7244.0,6828,activities/116_260824074938.csv,1,1,0,0
fit:7c2dd3f8e45aa58647ed3b9fa00ff0ab535595cddf75080f52eaa61123476c92,2026-08-24T07:50:24+00:00,282,0,111,0,12.186,972.8,18,fit:7c2dd3f8e45aa58647ed3b9fa00ff0ab535595cddf75080f52eaa61123476c92:segment:008,8,7245.0,6829,activities/116_260824074938.csv,1,1,0,0
fit:7c2dd3f8e45aa58647ed3b9fa00ff0ab535595cddf75080f52eaa61123476c92,2026-08-24T07:50:25+00:00,283,0,110,0,12.328,971.8,18,fit:7c2dd3f8e45aa58647ed3b9fa00ff0ab535595cddf75080f52eaa61123476c92:segment:008,8,7246.0,6830,activities/116_260824074938.csv,1,1,0,0
fit:7c2dd3f8e45aa58647ed3b9fa00ff0ab535595cddf75080f52eaa61123476c92,2026-08-24T07:50:26+00:00,284,0,108,0,12.53,970.5999999999999,18,fit:7c2dd3f8e45aa58647ed3b9fa00ff0ab535595cddf75080f52eaa61123476c92:segment:008,8,7247.0,6831,activities/116_260824074938.csv,1,1,0,0
fit:7c2dd3f8e45aa58647ed3b9fa00ff0ab535595cddf75080f52eaa61123476c92,2026-08-24T07:50:27+00:00,285,0,107,0,12.673,970.5999999999999,18,fit:7c2dd3f8e45aa58647ed3b9fa00ff0ab535595cddf75080f52eaa61123476c92:segment:008,8,7248.0,6832,activities/116_260824074938.csv,1,1,0,0
fit:7c2dd3f8e45aa58647ed3b9fa00ff0ab535595cddf75080f52eaa61123476c92,2026-08-24T07:50:28+00:00,286,0,105,0,12.86,970.5999999999999,18,fit:7c2dd3f8e45aa58647ed3b9fa00ff0ab535595cddf75080f52eaa61123476c92:segment:008,8,7249.0,6833,activities/116_260824074938.csv,1,1,0,0
fit:7c2dd3f8e45aa58647ed3b9fa00ff0ab535595cddf75080f52eaa61123476c92,2026-08-24T07:50:29+00:00,287,0,104,0,13.026,969.5999999999999,18,fit:7c2dd3f8e45aa58647ed3b9fa00ff0ab535595cddf75080f52eaa61123476c92:segment:008,8,7250.0,6834,activities/116_260824074938.csv,1,1,0,0
fit:7c2dd3f8e45aa58647ed3b9fa00ff0ab535595cddf75080f52eaa61123476c92,2026-08-24T07:50:30+00:00,288,0,102,0,13.038,967.2,18,fit:7c2dd3f8e45aa58647ed3b9fa00ff0ab535595cddf75080f52eaa61123476c92:segment:008,8,7251.0,6835,activities/116_260824074938.csv,1,1,0,0
fit:7c2dd3f8e45aa58647ed3b9fa00ff0ab535595cddf75080f52eaa61123476c92,2026-08-24T07:50:31+00:00,289,0,102,0,13.126,967.2,18,fit:7c2dd3f8e45aa58647ed3b9fa00ff0ab535595cddf75080f52eaa61123476c92:segment:008,8,7252.0,6836,activities/116_260824074938.csv,1,1,0,0
fit:7c2dd3f8e45aa58647ed3b9fa00ff0ab535595cddf75080f52eaa61123476c92,2026-08-24T07:50:32+00:00,290,0,101,0,13.169,967.2,18,fit:7c2dd3f8e45aa58647ed3b9fa00ff0ab535595cddf75080f52eaa61123476c92:segment:008,8,7253.0,6837,activities/116_260824074938.csv,1,1,0,0
fit:7c2dd3f8e45aa58647ed3b9fa00ff0ab535595cddf75080f52eaa61123476c92,2026-08-24T07:50:33+00:00,291,3,99,0,13.161,966.2,18,fit:7c2dd3f8e45aa58647ed3b9fa00ff0ab535595cddf75080f52eaa61123476c92:segment:008,8,7254.0,6838,activities/116_260824074938.csv,1,1,0,0
fit:7c2dd3f8e45aa58647ed3b9fa00ff0ab535595cddf75080f52eaa61123476c92,2026-08-24T07:50:34+00:00,292,3,98,0,13.136,962.4000000000001,18,fit:7c2dd3f8e45aa58647ed3b9fa00ff0ab535595cddf75080f52eaa61123476c92:segment:008,8,7255.0,6839,activities/116_260824074938.csv,1,1,0,0
fit:7c2dd3f8e45aa58647ed3b9fa00ff0ab535595cddf75080f52eaa61123476c92,2026-08-24T07:50:35+00:00,293,3,98,0,13.272,962.4000000000001,18,fit:7c2dd3f8e45aa58647ed3b9fa00ff0ab535595cddf75080f52eaa61123476c92:segment:008,8,7256.0,6840,activities/116_260824074938.csv,1,1,0,0
fit:7c2dd3f8e45aa58647ed3b9fa00ff0ab535595cddf75080f52eaa61123476c92,2026-08-24T07:50:36+00:00,294,3,95,0,12.68,962.4000000000001,18,fit:7c2dd3f8e45aa58647ed3b9fa00ff0ab535595cddf75080f52eaa61123476c92:segment:008,8,7257.0,6841,activities/116_260824074938.csv,1,1,0,0
fit:7c2dd3f8e45aa58647ed3b9fa00ff0ab535595cddf75080f52eaa61123476c92,2026-08-24T07:50:37+00:00,295,4,93,0,11.46,962.4000000000001,18,fit:7c2dd3f8e45aa58647ed3b9fa00ff0ab535595cddf75080f52eaa61123476c92:segment:008,8,7258.0,6842,activities/116_260824074938.csv,1,1,0,0
fit:7c2dd3f8e45aa58647ed3b9fa00ff0ab535595cddf75080f52eaa61123476c92,2026-08-24T07:50:38+00:00,296,4,91,0,9.749,966.4000000000001,18,fit:7c2dd3f8e45aa58647ed3b9fa00ff0ab535595cddf75080f52eaa61123476c92:segment:008,8,7259.0,6843,activities/116_260824074938.csv,1,1,0,0
fit:7c2dd3f8e45aa58647ed3b9fa00ff0ab535595cddf75080f52eaa61123476c92,2026-08-24T07:50:39+00:00,297,4,91,0,7.869,966.4000000000001,18,fit:7c2dd3f8e45aa58647ed3b9fa00ff0ab535595cddf75080f52eaa61123476c92:segment:008,8,7260.0,6844,activities/116_260824074938.csv,1,1,0,0
fit:7c2dd3f8e45aa58647ed3b9fa00ff0ab535595cddf75080f52eaa61123476c92,2026-08-24T07:50:40+00:00,298,4,89,0,6.071,966.4000000000001,18,fit:7c2dd3f8e45aa58647ed3b9fa00ff0ab535595cddf75080f52eaa61123476c92:segment:008,8,7261.0,6845,activities/116_260824074938.csv,1,1,0,0
fit:7c2dd3f8e45aa58647ed3b9fa00ff0ab535595cddf75080f52eaa61123476c92,2026-08-24T07:50:41+00:00,299,3,89,0,4.274,967.4000000000001,18,fit:7c2dd3f8e45aa58647ed3b9fa00ff0ab535595cddf75080f52eaa61123476c92:segment:008,8,7262.0,6846,activities/116_260824074938.csv,1,1,0,0
fit:7c2dd3f8e45aa58647ed3b9fa00ff0ab535595cddf75080f52eaa61123476c92,2026-08-24T07:50:42+00:00,300,0,87,0,3.752,968.5999999999999,18,fit:7c2dd3f8e45aa58647ed3b9fa00ff0ab535595cddf75080f52eaa61123476c92:segment:008,8,7263.0,6847,activities/116_260824074938.csv,1,1,0,0
fit:7c2dd3f8e45aa58647ed3b9fa00ff0ab535595cddf75080f52eaa61123476c92,2026-08-24T07:50:43+00:00,301,0,87,0,2.991,968.5999999999999,18,fit:7c2dd3f8e45aa58647ed3b9fa00ff0ab535595cddf75080f52eaa61123476c92:segment:008,8,7264.0,6848,activities/116_260824074938.csv,1,1,0,0
fit:7c2dd3f8e45aa58647ed3b9fa00ff0ab535595cddf75080f52eaa61123476c92,2026-08-24T07:50:44+00:00,302,0,83,0,2.108,968.5999999999999,18,fit:7c2dd3f8e45aa58647ed3b9fa00ff0ab535595cddf75080f52eaa61123476c92:segment:008,8,7265.0,6849,activities/116_260824074938.csv,1,1,0,0
fit:7c2dd3f8e45aa58647ed3b9fa00ff0ab535595cddf75080f52eaa61123476c92,2026-08-24T07:50:45+00:00,303,0,81,0,0.0,968.5999999999999,18,fit:7c2dd3f8e45aa58647ed3b9fa00ff0ab535595cddf75080f52eaa61123476c92:segment:008,8,7266.0,6850,activities/116_260824074938.csv,1,1,0,0
fit:7c2dd3f8e45aa58647ed3b9fa00ff0ab535595cddf75080f52eaa61123476c92,2026-08-24T07:50:46+00:00,304,0,81,0,0.0,968.5999999999999,18,fit:7c2dd3f8e45aa58647ed3b9fa00ff0ab535595cddf75080f52eaa61123476c92:segment:008,8,7267.0,6851,activities/116_260824074938.csv,1,1,0,0
