activity_id,timestamp,elapsed_seconds,power_w,heart_rate_bpm,cadence_rpm,speed_m_s,altitude_m,temperature_c,segment_id,segment_number,source_elapsed_seconds,source_row_index,source_file,activity_split,segment_selected_from_activity,power_missing,hr_missing
fit:80de1342a3e9944829ab101957c8eddffd3d18cb805507bed707b0e306d3b433,2026-08-01T07:03:09+00:00,0,0,117,0,2.498,1097.8,23,fit:80de1342a3e9944829ab101957c8eddffd3d18cb805507bed707b0e306d3b433:segment:005,5,10477.0,10141,activities/108_260801060832.csv,1,1,0,0
fit:80de1342a3e9944829ab101957c8eddffd3d18cb805507bed707b0e306d3b433,2026-08-01T07:03:10+00:00,1,0,119,0,2.913,1097.8,23,fit:80de1342a3e9944829ab101957c8eddffd3d18cb805507bed707b0e306d3b433:segment:005,5,10478.0,10142,activities/108_260801060832.csv,1,1,0,0
fit:80de1342a3e9944829ab101957c8eddffd3d18cb805507bed707b0e306d3b433,2026-08-01T07:03:11+00:00,2,0,119,0,3.283,1097.8,23,fit:80de1342a3e9944829ab101957c8eddffd3d18cb805507bed707b0e306d3b433:segment:005,5,10479.0,10143,activities/108_260801060832.csv,1,1,0,0
fit:80de1342a3e9944829ab101957c8eddffd3d18cb805507bed707b0e306d3b433,2026-08-01T07:03:12+00:00,3,0,120,0,3.832,1097.8,23,fit:80de1342a3e9944829ab101957c8eddffd3d18cb805507bed707b0e306d3b433:segment:005,5,10480.0,10144,activities/108_260801060832.csv,1,1,0,0
fit:80de1342a3e9944829ab101957c8eddffd3d18cb805507bed707b0e306d3b433,2026-08-01T07:03:13+00:00,4,0,120,0,4.2,1096.8,23,fit:80de1342a3e9944829ab101957c8eddffd3d18cb805507bed707b0e306d3b433:segment:005,5,10481.0,10145,activities/108_260801060832.csv,1,1,0,0
fit:80de1342a3e9944829ab101957c8eddffd3d18cb805507bed707b0e306d3b433,2026-08-01T07:03:14+00:00,5,0,119,0,4.668,1096.4,23,fit:80de1342a3e9944829ab101957c8eddffd3d18cb805507bed707b0e306d3b433:segment:005,5,10482.0,10146,activities/108_260801060832.csv,1,1,0,0
fit:80de1342a3e9944829ab101957c8eddffd3d18cb805507bed707b0e306d3b433,2026-08-01T07:03:15+00:00,6,0,119,0,5.162,1095.4,23,fit:80de1342a3e9944829ab101957c8eddffd3d18cb805507bed707b0e306d3b433:segment:005,5,10483.0,10147,activities/108_260801060832.csv,1,1,0,0
fit:80de1342a3e9944829ab101957c8eddffd3d18cb805507bed707b0e306d3b433,2026-08-01T07:03:16+00:00,7,0,119,44,5.615,1095.0,23,fit:80de1342a3e9944829ab101957c8eddffd3d18cb805507bed707b0e306d3b433:segment:005,5,10484.0,10148,activities/108_260801060832.csv,1,1,0,0
fit:80de1342a3e9944829ab101957c8eddffd3d18cb805507bed707b0e306d3b433,2026-08-01T07:03:17+00:00,8,0,118,44,6.177,1094.4,23,fit:80de1342a3e9944829ab101957c8eddffd3d18cb805507bed707b0e306d3b433:segment:005,5,10485.0,10149,activities/108_260801060832.csv,1,1,0,0
fit:80de1342a3e9944829ab101957c8eddffd3d18cb805507bed707b0e306d3b433,2026-08-01T07:03:18+00:00,9,0,118,39,6.7,1094.4,23,fit:80de1342a3e9944829ab101957c8eddffd3d18cb805507bed707b0e306d3b433:segment:005,5,10486.0,10150,activities/108_260801060832.csv,1,1,0,0
fit:80de1342a3e9944829ab101957c8eddffd3d18cb805507bed707b0e306d3b433,2026-08-01T07:03:19+00:00,10,0,117,37,7.207,1094.4,23,fit:80de1342a3e9944829ab101957c8eddffd3d18cb805507bed707b0e306d3b433:segment:005,5,10487.0,10151,activities/108_260801060832.csv,1,1,0,0
fit:80de1342a3e9944829ab101957c8eddffd3d18cb805507bed707b0e306d3b433,2026-08-01T07:03:20+00:00,11,0,116,35,7.676,1094.4,23,fit:80de1342a3e9944829ab101957c8eddffd3d18cb805507bed707b0e306d3b433:segment:005,5,10488.0,10152,activities/108_260801060832.csv,1,1,0,0
fit:80de1342a3e9944829ab101957c8eddffd3d18cb805507bed707b0e306d3b433,2026-08-01T07:03:21+00:00,12,0,115,33,8.257,1093.4,23,fit:80de1342a3e9944829ab101957c8eddffd3d18cb805507bed707b0e306d3b433:segment:005,5,10489.0,10153,activities/108_260801060832.csv,1,1,0,0
fit:80de1342a3e9944829ab101957c8eddffd3d18cb805507bed707b0e306d3b433,2026-08-01T07:03:22+00:00,13,0,114,0,8.836,1092.4,23,fit:80de1342a3e9944829ab101957c8eddffd3d18cb805507bed707b0e306d3b433:segment:005,5,10490.0,10154,activities/108_260801060832.csv,1,1,0,0
fit:80de1342a3e9944829ab101957c8eddffd3d18cb805507bed707b0e306d3b433,2026-08-01T07:03:23+00:00,14,0,114,0,9.283,1091.4,23,fit:80de1342a3e9944829ab101957c8eddffd3d18cb805507bed707b0e306d3b433:segment:005,5,10491.0,10155,activities/108_260801060832.csv,1,1,0,0
fit:80de1342a3e9944829ab101957c8eddffd3d18cb805507bed707b0e306d3b433,2026-08-01T07:03:24+00:00,15,0,110,0,9.729,1090.4,23,fit:80de1342a3e9944829ab101957c8eddffd3d18cb805507bed707b0e306d3b433:segment:005,5,10492.0,10156,activities/108_260801060832.csv,1,1,0,0
fit:80de1342a3e9944829ab101957c8eddffd3d18cb805507bed707b0e306d3b433,2026-08-01T07:03:25+00:00,16,0,110,0,10.16,1089.4,23,fit:80de1342a3e9944829ab101957c8eddffd3d18cb805507bed707b0e306d3b433:segment:005,5,10493.0,10157,activities/108_260801060832.csv,1,1,0,0
fit:80de1342a3e9944829ab101957c8eddffd3d18cb805507bed707b0e306d3b433,2026-08-01T07:03:26+00:00,17,0,108,0,10.491,1088.4,23,fit:80de1342a3e9944829ab101957c8eddffd3d18cb805507bed707b0e306d3b433:segment:005,5,10494.0,10158,activities/108_260801060832.csv,1,1,0,0
fit:80de1342a3e9944829ab101957c8eddffd3d18cb805507bed707b0e306d3b433,2026-08-01T07:03:27+00:00,18,0,106,0,10.88,1087.4,23,fit:80de1342a3e9944829ab101957c8eddffd3d18cb805507bed707b0e306d3b433:segment:005,5,10495.0,10159,activities/108_260801060832.csv,1,1,0,0
fit:80de1342a3e9944829ab101957c8eddffd3d18cb805507bed707b0e306d3b433,2026-08-01T07:03:28+00:00,19,0,103,0,11.239,1086.4,23,fit:80de1342a3e9944829ab101957c8eddffd3d18cb805507bed707b0e306d3b433:segment:005,5,10496.0,10160,activities/108_260801060832.csv,1,1,0,0
fit:80de1342a3e9944829ab101957c8eddffd3d18cb805507bed707b0e306d3b433,2026-08-01T07:03:29+00:00,20,0,103,0,11.714,1085.4,23,fit:80de1342a3e9944829ab101957c8eddffd3d18cb805507bed707b0e306d3b433:segment:005,5,10497.0,10161,activities/108_260801060832.csv,1,1,0,0
fit:80de1342a3e9944829ab101957c8eddffd3d18cb805507bed707b0e306d3b433,2026-08-01T07:03:30+00:00,21,0,100,0,12.169,1084.4,23,fit:80de1342a3e9944829ab101957c8eddffd3d18cb805507bed707b0e306d3b433:segment:005,5,10498.0,10162,activities/108_260801060832.csv,1,1,0,0
fit:80de1342a3e9944829ab101957c8eddffd3d18cb805507bed707b0e306d3b433,2026-08-01T07:03:31+00:00,22,0,98,0,12.532,1083.4,23,fit:80de1342a3e9944829ab101957c8eddffd3d18cb805507bed707b0e306d3b433:segment:005,5,10499.0,10163,activities/108_260801060832.csv,1,1,0,0
fit:80de1342a3e9944829ab101957c8eddffd3d18cb805507bed707b0e306d3b433,2026-08-01T07:03:32+00:00,23,0,97,0,12.891,1082.4,23,fit:80de1342a3e9944829ab101957c8eddffd3d18cb805507bed707b0e306d3b433:segment:005,5,10500.0,10164,activities/108_260801060832.csv,1,1,0,0
fit:80de1342a3e9944829ab101957c8eddffd3d18cb805507bed707b0e306d3b433,2026-08-01T07:03:33+00:00,24,0,97,0,13.166,1081.4,23,fit:80de1342a3e9944829ab101957c8eddffd3d18cb805507bed707b0e306d3b433:segment:005,5,10501.0,10165,activities/108_260801060832.csv,1,1,0,0
fit:80de1342a3e9944829ab101957c8eddffd3d18cb805507bed707b0e306d3b433,2026-08-01T07:03:34+00:00,25,0,97,0,13.416,1080.4,23,fit:80de1342a3e9944829ab101957c8eddffd3d18cb805507bed707b0e306d3b433:segment:005,5,10502.0,10166,activities/108_260801060832.csv,1,1,0,0
fit:80de1342a3e9944829ab101957c8eddffd3d18cb805507bed707b0e306d3b433,2026-08-01T07:03:35+00:00,26,0,97,0,13.646,1079.4,23,fit:80de1342a3e9944829ab101957c8eddffd3d18cb805507bed707b0e306d3b433:segment:005,5,10503.0,10167,activities/108_260801060832.csv,1,1,0,0
fit:80de1342a3e9944829ab101957c8eddffd3d18cb805507bed707b0e306d3b433,2026-08-01T07:03:36+00:00,27,0,97,0,13.461,1078.4,23,fit:80de1342a3e9944829ab101957c8eddffd3d18cb805507bed707b0e306d3b433:segment:005,5,10504.0,10168,activities/108_260801060832.csv,1,1,0,0
fit:80de1342a3e9944829ab101957c8eddffd3d18cb805507bed707b0e306d3b433,2026-08-01T07:03:37+00:00,28,0,97,0,12.845,1077.4,23,fit:80de1342a3e9944829ab101957c8eddffd3d18cb805507bed707b0e306d3b433:segment:005,5,10505.0,10169,activities/108_260801060832.csv,1,1,0,0
fit:80de1342a3e9944829ab101957c8eddffd3d18cb805507bed707b0e306d3b433,2026-08-01T07:03:38+00:00,29,0,98,0,12.591,1076.4,23,fit:80de1342a3e9944829ab101957c8eddffd3d18cb805507bed707b0e306d3b433:segment:005,5,10506.0,10170,activities/108_260801060832.csv,1,1,0,0
fit:80de1342a3e9944829ab101957c8eddffd3d18cb805507bed707b0e306d3b433,2026-08-01T07:03:39+00:00,30,0,99,0,12.55,1075.4,23,fit:80de1342a3e9944829ab101957c8eddffd3d18cb805507bed707b0e306d3b433:segment:005,5,10507.0,10171,activities/108_260801060832.csv,1,1,0,0
fit:80de1342a3e9944829ab101957c8eddffd3d18cb805507bed707b0e306d3b433,2026-08-01T07:03:40+00:00,31,0,100,0,12.797,1074.4,23,fit:80de1342a3e9944829ab101957c8eddffd3d18cb805507bed707b0e306d3b433:segment:005,5,10508.0,10172,activities/108_260801060832.csv,1,1,0,0
fit:80de1342a3e9944829ab101957c8eddffd3d18cb805507bed707b0e306d3b433,2026-08-01T07:03:41+00:00,32,0,100,0,13.329,1073.4,23,fit:80de1342a3e9944829ab101957c8eddffd3d18cb805507bed707b0e306d3b433:segment:005,5,10509.0,10173,activities/108_260801060832.csv,1,1,0,0
fit:80de1342a3e9944829ab101957c8eddffd3d18cb805507bed707b0e306d3b433,2026-08-01T07:03:42+00:00,33,0,102,0,13.976,1072.4,23,fit:80de1342a3e9944829ab101957c8eddffd3d18cb805507bed707b0e306d3b433:segment:005,5,10510.0,10174,activities/108_260801060832.csv,1,1,0,0
fit:80de1342a3e9944829ab101957c8eddffd3d18cb805507bed707b0e306d3b433,2026-08-01T07:03:43+00:00,34,0,102,0,14.594,1071.4,23,fit:80de1342a3e9944829ab101957c8eddffd3d18cb805507bed707b0e306d3b433:segment:005,5,10511.0,10175,activities/108_260801060832.csv,1,1,0,0
fit:80de1342a3e9944829ab101957c8eddffd3d18cb805507bed707b0e306d3b433,2026-08-01T07:03:44+00:00,35,0,104,0,14.96,1070.4,23,fit:80de1342a3e9944829ab101957c8eddffd3d18cb805507bed707b0e306d3b433:segment:005,5,10512.0,10176,activities/108_260801060832.csv,1,1,0,0
fit:80de1342a3e9944829ab101957c8eddffd3d18cb805507bed707b0e306d3b433,2026-08-01T07:03:45+00:00,36,0,105,0,15.199,1069.4,23,fit:80de1342a3e9944829ab101957c8eddffd3d18cb805507bed707b0e306d3b433:segment:005,5,10513.0,10177,activities/108_260801060832.csv,1,1,0,0
fit:80de1342a3e9944829ab101957c8eddffd3d18cb805507bed707b0e306d3b433,2026-08-01T07:03:46+00:00,37,0,106,0,14.479,1068.4,23,fit:80de1342a3e9944829ab101957c8eddffd3d18cb805507bed707b0e306d3b433:segment:005,5,10514.0,10178,activities/108_260801060832.csv,1,1,0,0
fit:80de1342a3e9944829ab101957c8eddffd3d18cb805507bed707b0e306d3b433,2026-08-01T07:03:47+00:00,38,0,107,0,13.457,1068.4,23,fit:80de1342a3e9944829ab101957c8eddffd3d18cb805507bed707b0e306d3b433:segment:005,5,10515.0,10179,activities/108_260801060832.csv,1,1,0,0
fit:80de1342a3e9944829ab101957c8eddffd3d18cb805507bed707b0e306d3b433,2026-08-01T07:03:48+00:00,39,0,107,0,11.979,1067.4,23,fit:80de1342a3e9944829ab101957c8eddffd3d18cb805507bed707b0e306d3b433:segment:005,5,10516.0,10180,activities/108_260801060832.csv,1,1,0,0
fit:80de1342a3e9944829ab101957c8eddffd3d18cb805507bed707b0e306d3b433,2026-08-01T07:03:49+00:00,40,0,107,0,10.576,1066.4,23,fit:80de1342a3e9944829ab101957c8eddffd3d18cb805507bed707b0e306d3b433:segment:005,5,10517.0,10181,activities/108_260801060832.csv,1,1,0,0
fit:80de1342a3e9944829ab101957c8eddffd3d18cb805507bed707b0e306d3b433,2026-08-01T07:03:50+00:00,41,0,107,0,10.576,1065.4,23,fit:80de1342a3e9944829ab101957c8eddffd3d18cb805507bed707b0e306d3b433:segment:005,5,10518.0,10182,activities/108_260801060832.csv,1,1,0,0
fit:80de1342a3e9944829ab101957c8eddffd3d18cb805507bed707b0e306d3b433,2026-08-01T07:03:51+00:00,42,0,106,0,9.24,1064.4,23,fit:80de1342a3e9944829ab101957c8eddffd3d18cb805507bed707b0e306d3b433:segment:005,5,10519.0,10183,activities/108_260801060832.csv,1,1,0,0
fit:80de1342a3e9944829ab101957c8eddffd3d18cb805507bed707b0e306d3b433,2026-08-01T07:03:52+00:00,43,0,105,0,7.244,1063.4,23,fit:80de1342a3e9944829ab101957c8eddffd3d18cb805507bed707b0e306d3b433:segment:005,5,10520.0,10184,activities/108_260801060832.csv,1,1,0,0
fit:80de1342a3e9944829ab101957c8eddffd3d18cb805507bed707b0e306d3b433,2026-08-01T07:03:53+00:00,44,0,105,0,6.197,1063.4,23,fit:80de1342a3e9944829ab101957c8eddffd3d18cb805507bed707b0e306d3b433:segment:005,5,10521.0,10185,activities/108_260801060832.csv,1,1,0,0
fit:80de1342a3e9944829ab101957c8eddffd3d18cb805507bed707b0e306d3b433,2026-08-01T07:03:54+00:00,45,0,105,0,6.075,1063.4,23,fit:80de1342a3e9944829ab101957c8eddffd3d18cb805507bed707b0e306d3b433:segment:005,5,10522.0,10186,activities/108_260801060832.csv,1,1,0,0
fit:80de1342a3e9944829ab101957c8eddffd3d18cb805507bed707b0e306d3b433,2026-08-01T07:03:55+00:00,46,0,105,0,6.792,1063.4,23,fit:80de1342a3e9944829ab101957c8eddffd3d18cb805507bed707b0e306d3b433:segment:005,5,10523.0,10187,activities/108_260801060832.csv,1,1,0,0
fit:80de1342a3e9944829ab101957c8eddffd3d18cb805507bed707b0e306d3b433,2026-08-01T07:03:56+00:00,47,116,106,0,7.896,1062.4,23,fit:80de1342a3e9944829ab101957c8eddffd3d18cb805507bed707b0e306d3b433:segment:005,5,10524.0,10188,activities/108_260801060832.csv,1,1,0,0
fit:80de1342a3e9944829ab101957c8eddffd3d18cb805507bed707b0e306d3b433,2026-08-01T07:03:57+00:00,48,116,106,60,8.886,1061.4,23,fit:80de1342a3e9944829ab101957c8eddffd3d18cb805507bed707b0e306d3b433:segment:005,5,10525.0,10189,activities/108_260801060832.csv,1,1,0,0
fit:80de1342a3e9944829ab101957c8eddffd3d18cb805507bed707b0e306d3b433,2026-08-01T07:03:58+00:00,49,116,107,60,9.555,1060.4,23,fit:80de1342a3e9944829ab101957c8eddffd3d18cb805507bed707b0e306d3b433:segment:005,5,10526.0,10190,activities/108_260801060832.csv,1,1,0,0
fit:80de1342a3e9944829ab101957c8eddffd3d18cb805507bed707b0e306d3b433,2026-08-01T07:03:59+00:00,50,113,109,60,10.266,1059.4,23,fit:80de1342a3e9944829ab101957c8eddffd3d18cb805507bed707b0e306d3b433:segment:005,5,10527.0,10191,activities/108_260801060832.csv,1,1,0,0
fit:80de1342a3e9944829ab101957c8eddffd3d18cb805507bed707b0e306d3b433,2026-08-01T07:04:00+00:00,51,102,110,58,10.988,1058.4,23,fit:80de1342a3e9944829ab101957c8eddffd3d18cb805507bed707b0e306d3b433:segment:005,5,10528.0,10192,activities/108_260801060832.csv,1,1,0,0
fit:80de1342a3e9944829ab101957c8eddffd3d18cb805507bed707b0e306d3b433,2026-08-01T07:04:01+00:00,52,0,110,0,11.221,1057.4,23,fit:80de1342a3e9944829ab101957c8eddffd3d18cb805507bed707b0e306d3b433:segment:005,5,10529.0,10193,activities/108_260801060832.csv,1,1,0,0
fit:80de1342a3e9944829ab101957c8eddffd3d18cb805507bed707b0e306d3b433,2026-08-01T07:04:02+00:00,53,0,110,0,11.312,1056.4,23,fit:80de1342a3e9944829ab101957c8eddffd3d18cb805507bed707b0e306d3b433:segment:005,5,10530.0,10194,activities/108_260801060832.csv,1,1,0,0
fit:80de1342a3e9944829ab101957c8eddffd3d18cb805507bed707b0e306d3b433,2026-08-01T07:04:03+00:00,54,0,111,0,10.865,1055.4,23,fit:80de1342a3e9944829ab101957c8eddffd3d18cb805507bed707b0e306d3b433:segment:005,5,10531.0,10195,activities/108_260801060832.csv,1,1,0,0
fit:80de1342a3e9944829ab101957c8eddffd3d18cb805507bed707b0e306d3b433,2026-08-01T07:04:04+00:00,55,0,111,0,10.222,1054.4,23,fit:80de1342a3e9944829ab101957c8eddffd3d18cb805507bed707b0e306d3b433:segment:005,5,10532.0,10196,activities/108_260801060832.csv,1,1,0,0
fit:80de1342a3e9944829ab101957c8eddffd3d18cb805507bed707b0e306d3b433,2026-08-01T07:04:05+00:00,56,0,111,0,9.507,1053.4,23,fit:80de1342a3e9944829ab101957c8eddffd3d18cb805507bed707b0e306d3b433:segment:005,5,10533.0,10197,activities/108_260801060832.csv,1,1,0,0
fit:80de1342a3e9944829ab101957c8eddffd3d18cb805507bed707b0e306d3b433,2026-08-01T07:04:06+00:00,57,0,111,0,8.735,1052.4,23,fit:80de1342a3e9944829ab101957c8eddffd3d18cb805507bed707b0e306d3b433:segment:005,5,10534.0,10198,activities/108_260801060832.csv,1,1,0,0
fit:80de1342a3e9944829ab101957c8eddffd3d18cb805507bed707b0e306d3b433,2026-08-01T07:04:07+00:00,58,0,111,0,7.928,1051.4,23,fit:80de1342a3e9944829ab101957c8eddffd3d18cb805507bed707b0e306d3b433:segment:005,5,10535.0,10199,activities/108_260801060832.csv,1,1,0,0
fit:80de1342a3e9944829ab101957c8eddffd3d18cb805507bed707b0e306d3b433,2026-08-01T07:04:08+00:00,59,0,110,0,6.878,1050.4,23,fit:80de1342a3e9944829ab101957c8eddffd3d18cb805507bed707b0e306d3b433:segment:005,5,10536.0,10200,activities/108_260801060832.csv,1,1,0,0
fit:80de1342a3e9944829ab101957c8eddffd3d18cb805507bed707b0e306d3b433,2026-08-01T07:04:09+00:00,60,0,110,0,6.083,1050.4,23,fit:80de1342a3e9944829ab101957c8eddffd3d18cb805507bed707b0e306d3b433:segment:005,5,10537.0,10201,activities/108_260801060832.csv,1,1,0,0
fit:80de1342a3e9944829ab101957c8eddffd3d18cb805507bed707b0e306d3b433,2026-08-01T07:04:10+00:00,61,0,110,0,5.75,1050.4,23,fit:80de1342a3e9944829ab101957c8eddffd3d18cb805507bed707b0e306d3b433:segment:005,5,10538.0,10202,activities/108_260801060832.csv,1,1,0,0
fit:80de1342a3e9944829ab101957c8eddffd3d18cb805507bed707b0e306d3b433,2026-08-01T07:04:11+00:00,62,0,110,0,5.195,1050.4,23,fit:80de1342a3e9944829ab101957c8eddffd3d18cb805507bed707b0e306d3b433:segment:005,5,10539.0,10203,activities/108_260801060832.csv,1,1,0,0
fit:80de1342a3e9944829ab101957c8eddffd3d18cb805507bed707b0e306d3b433,2026-08-01T07:04:12+00:00,63,0,110,0,5.433,1049.6,23,fit:80de1342a3e9944829ab101957c8eddffd3d18cb805507bed707b0e306d3b433:segment:005,5,10540.0,10204,activities/108_260801060832.csv,1,1,0,0
fit:80de1342a3e9944829ab101957c8eddffd3d18cb805507bed707b0e306d3b433,2026-08-01T07:04:13+00:00,64,225,109,51,6.128,1048.6,23,fit:80de1342a3e9944829ab101957c8eddffd3d18cb805507bed707b0e306d3b433:segment:005,5,10541.0,10205,activities/108_260801060832.csv,1,1,0,0
fit:80de1342a3e9944829ab101957c8eddffd3d18cb805507bed707b0e306d3b433,2026-08-01T07:04:14+00:00,65,183,108,51,6.973,1047.6,23,fit:80de1342a3e9944829ab101957c8eddffd3d18cb805507bed707b0e306d3b433:segment:005,5,10542.0,10206,activities/108_260801060832.csv,1,1,0,0
fit:80de1342a3e9944829ab101957c8eddffd3d18cb805507bed707b0e306d3b433,2026-08-01T07:04:15+00:00,66,116,108,84,7.968,1046.6,23,fit:80de1342a3e9944829ab101957c8eddffd3d18cb805507bed707b0e306d3b433:segment:005,5,10543.0,10207,activities/108_260801060832.csv,1,1,0,0
fit:80de1342a3e9944829ab101957c8eddffd3d18cb805507bed707b0e306d3b433,2026-08-01T07:04:16+00:00,67,116,108,84,8.866,1045.6,23,fit:80de1342a3e9944829ab101957c8eddffd3d18cb805507bed707b0e306d3b433:segment:005,5,10544.0,10208,activities/108_260801060832.csv,1,1,0,0
fit:80de1342a3e9944829ab101957c8eddffd3d18cb805507bed707b0e306d3b433,2026-08-01T07:04:17+00:00,68,14,108,84,9.508,1044.6,23,fit:80de1342a3e9944829ab101957c8eddffd3d18cb805507bed707b0e306d3b433:segment:005,5,10545.0,10209,activities/108_260801060832.csv,1,1,0,0
fit:80de1342a3e9944829ab101957c8eddffd3d18cb805507bed707b0e306d3b433,2026-08-01T07:04:18+00:00,69,77,109,25,10.118,1043.6,23,fit:80de1342a3e9944829ab101957c8eddffd3d18cb805507bed707b0e306d3b433:segment:005,5,10546.0,10210,activities/108_260801060832.csv,1,1,0,0
fit:80de1342a3e9944829ab101957c8eddffd3d18cb805507bed707b0e306d3b433,2026-08-01T07:04:19+00:00,70,78,110,58,10.655,1042.6,23,fit:80de1342a3e9944829ab101957c8eddffd3d18cb805507bed707b0e306d3b433:segment:005,5,10547.0,10211,activities/108_260801060832.csv,1,1,0,0
fit:80de1342a3e9944829ab101957c8eddffd3d18cb805507bed707b0e306d3b433,2026-08-01T07:04:20+00:00,71,78,112,58,11.117,1041.6,23,fit:80de1342a3e9944829ab101957c8eddffd3d18cb805507bed707b0e306d3b433:segment:005,5,10548.0,10212,activities/108_260801060832.csv,1,1,0,0
fit:80de1342a3e9944829ab101957c8eddffd3d18cb805507bed707b0e306d3b433,2026-08-01T07:04:21+00:00,72,78,114,58,11.463,1040.6,23,fit:80de1342a3e9944829ab101957c8eddffd3d18cb805507bed707b0e306d3b433:segment:005,5,10549.0,10213,activities/108_260801060832.csv,1,1,0,0
fit:80de1342a3e9944829ab101957c8eddffd3d18cb805507bed707b0e306d3b433,2026-08-01T07:04:22+00:00,73,70,115,56,11.8,1039.6,23,fit:80de1342a3e9944829ab101957c8eddffd3d18cb805507bed707b0e306d3b433:segment:005,5,10550.0,10214,activities/108_260801060832.csv,1,1,0,0
fit:80de1342a3e9944829ab101957c8eddffd3d18cb805507bed707b0e306d3b433,2026-08-01T07:04:23+00:00,74,63,116,54,11.955,1038.6,23,fit:80de1342a3e9944829ab101957c8eddffd3d18cb805507bed707b0e306d3b433:segment:005,5,10551.0,10215,activities/108_260801060832.csv,1,1,0,0
fit:80de1342a3e9944829ab101957c8eddffd3d18cb805507bed707b0e306d3b433,2026-08-01T07:04:24+00:00,75,0,116,51,12.205,1037.6,23,fit:80de1342a3e9944829ab101957c8eddffd3d18cb805507bed707b0e306d3b433:segment:005,5,10552.0,10216,activities/108_260801060832.csv,1,1,0,0
fit:80de1342a3e9944829ab101957c8eddffd3d18cb805507bed707b0e306d3b433,2026-08-01T07:04:25+00:00,76,0,116,0,11.508,1036.6,23,fit:80de1342a3e9944829ab101957c8eddffd3d18cb805507bed707b0e306d3b433:segment:005,5,10553.0,10217,activities/108_260801060832.csv,1,1,0,0
fit:80de1342a3e9944829ab101957c8eddffd3d18cb805507bed707b0e306d3b433,2026-08-01T07:04:26+00:00,77,0,116,0,10.435,1036.4,23,fit:80de1342a3e9944829ab101957c8eddffd3d18cb805507bed707b0e306d3b433:segment:005,5,10554.0,10218,activities/108_260801060832.csv,1,1,0,0
fit:80de1342a3e9944829ab101957c8eddffd3d18cb805507bed707b0e306d3b433,2026-08-01T07:04:27+00:00,78,0,115,0,10.196,1035.6,23,fit:80de1342a3e9944829ab101957c8eddffd3d18cb805507bed707b0e306d3b433:segment:005,5,10555.0,10219,activities/108_260801060832.csv,1,1,0,0
fit:80de1342a3e9944829ab101957c8eddffd3d18cb805507bed707b0e306d3b433,2026-08-01T07:04:28+00:00,79,61,114,0,10.337,1034.8,23,fit:80de1342a3e9944829ab101957c8eddffd3d18cb805507bed707b0e306d3b433:segment:005,5,10556.0,10220,activities/108_260801060832.csv,1,1,0,0
fit:80de1342a3e9944829ab101957c8eddffd3d18cb805507bed707b0e306d3b433,2026-08-01T07:04:29+00:00,80,61,113,67,11.386,1033.8,23,fit:80de1342a3e9944829ab101957c8eddffd3d18cb805507bed707b0e306d3b433:segment:005,5,10557.0,10221,activities/108_260801060832.csv,1,1,0,0
fit:80de1342a3e9944829ab101957c8eddffd3d18cb805507bed707b0e306d3b433,2026-08-01T07:04:30+00:00,81,39,113,56,11.322,1033.2,23,fit:80de1342a3e9944829ab101957c8eddffd3d18cb805507bed707b0e306d3b433:segment:005,5,10558.0,10222,activities/108_260801060832.csv,1,1,0,0
fit:80de1342a3e9944829ab101957c8eddffd3d18cb805507bed707b0e306d3b433,2026-08-01T07:04:31+00:00,82,39,113,56,11.371,1032.2,23,fit:80de1342a3e9944829ab101957c8eddffd3d18cb805507bed707b0e306d3b433:segment:005,5,10559.0,10223,activities/108_260801060832.csv,1,1,0,0
fit:80de1342a3e9944829ab101957c8eddffd3d18cb805507bed707b0e306d3b433,2026-08-01T07:04:32+00:00,83,39,113,56,11.605,1032.0,23,fit:80de1342a3e9944829ab101957c8eddffd3d18cb805507bed707b0e306d3b433:segment:005,5,10560.0,10224,activities/108_260801060832.csv,1,1,0,0
fit:80de1342a3e9944829ab101957c8eddffd3d18cb805507bed707b0e306d3b433,2026-08-01T07:04:33+00:00,84,35,113,55,11.545,1031.2,23,fit:80de1342a3e9944829ab101957c8eddffd3d18cb805507bed707b0e306d3b433:segment:005,5,10561.0,10225,activities/108_260801060832.csv,1,1,0,0
fit:80de1342a3e9944829ab101957c8eddffd3d18cb805507bed707b0e306d3b433,2026-08-01T07:04:34+00:00,85,0,113,52,11.495,1030.6,23,fit:80de1342a3e9944829ab101957c8eddffd3d18cb805507bed707b0e306d3b433:segment:005,5,10562.0,10226,activities/108_260801060832.csv,1,1,0,0
fit:80de1342a3e9944829ab101957c8eddffd3d18cb805507bed707b0e306d3b433,2026-08-01T07:04:35+00:00,86,0,113,0,11.374,1029.6,23,fit:80de1342a3e9944829ab101957c8eddffd3d18cb805507bed707b0e306d3b433:segment:005,5,10563.0,10227,activities/108_260801060832.csv,1,1,0,0
fit:80de1342a3e9944829ab101957c8eddffd3d18cb805507bed707b0e306d3b433,2026-08-01T07:04:36+00:00,87,0,113,0,11.858,1028.6,23,fit:80de1342a3e9944829ab101957c8eddffd3d18cb805507bed707b0e306d3b433:segment:005,5,10564.0,10228,activities/108_260801060832.csv,1,1,0,0
fit:80de1342a3e9944829ab101957c8eddffd3d18cb805507bed707b0e306d3b433,2026-08-01T07:04:37+00:00,88,0,112,0,11.585,1027.6,23,fit:80de1342a3e9944829ab101957c8eddffd3d18cb805507bed707b0e306d3b433:segment:005,5,10565.0,10229,activities/108_260801060832.csv,1,1,0,0
fit:80de1342a3e9944829ab101957c8eddffd3d18cb805507bed707b0e306d3b433,2026-08-01T07:04:38+00:00,89,0,111,0,11.768,1026.6,23,fit:80de1342a3e9944829ab101957c8eddffd3d18cb805507bed707b0e306d3b433:segment:005,5,10566.0,10230,activities/108_260801060832.csv,1,1,0,0
fit:80de1342a3e9944829ab101957c8eddffd3d18cb805507bed707b0e306d3b433,2026-08-01T07:04:39+00:00,90,0,110,0,11.128,1025.8,23,fit:80de1342a3e9944829ab101957c8eddffd3d18cb805507bed707b0e306d3b433:segment:005,5,10567.0,10231,activities/108_260801060832.csv,1,1,0,0
fit:80de1342a3e9944829ab101957c8eddffd3d18cb805507bed707b0e306d3b433,2026-08-01T07:04:40+00:00,91,0,109,0,10.419,1025.6,23,fit:80de1342a3e9944829ab101957c8eddffd3d18cb805507bed707b0e306d3b433:segment:005,5,10568.0,10232,activities/108_260801060832.csv,1,1,0,0
fit:80de1342a3e9944829ab101957c8eddffd3d18cb805507bed707b0e306d3b433,2026-08-01T07:04:41+00:00,92,13,109,24,9.568,1025.6,23,fit:80de1342a3e9944829ab101957c8eddffd3d18cb805507bed707b0e306d3b433:segment:005,5,10569.0,10233,activities/108_260801060832.csv,1,1,0,0
fit:80de1342a3e9944829ab101957c8eddffd3d18cb805507bed707b0e306d3b433,2026-08-01T07:04:42+00:00,93,84,108,80,9.902,1025.6,22,fit:80de1342a3e9944829ab101957c8eddffd3d18cb805507bed707b0e306d3b433:segment:005,5,10570.0,10234,activities/108_260801060832.csv,1,1,0,0
fit:80de1342a3e9944829ab101957c8eddffd3d18cb805507bed707b0e306d3b433,2026-08-01T07:04:43+00:00,94,147,108,83,9.892,1025.6,22,fit:80de1342a3e9944829ab101957c8eddffd3d18cb805507bed707b0e306d3b433:segment:005,5,10571.0,10235,activities/108_260801060832.csv,1,1,0,0
fit:80de1342a3e9944829ab101957c8eddffd3d18cb805507bed707b0e306d3b433,2026-08-01T07:04:44+00:00,95,148,108,87,9.819,1024.6,22,fit:80de1342a3e9944829ab101957c8eddffd3d18cb805507bed707b0e306d3b433:segment:005,5,10572.0,10236,activities/108_260801060832.csv,1,1,0,0
fit:80de1342a3e9944829ab101957c8eddffd3d18cb805507bed707b0e306d3b433,2026-08-01T07:04:45+00:00,96,148,110,87,10.035,1023.5999999999999,22,fit:80de1342a3e9944829ab101957c8eddffd3d18cb805507bed707b0e306d3b433:segment:005,5,10573.0,10237,activities/108_260801060832.csv,1,1,0,0
fit:80de1342a3e9944829ab101957c8eddffd3d18cb805507bed707b0e306d3b433,2026-08-01T07:04:46+00:00,97,148,111,87,10.357,1022.5999999999999,22,fit:80de1342a3e9944829ab101957c8eddffd3d18cb805507bed707b0e306d3b433:segment:005,5,10574.0,10238,activities/108_260801060832.csv,1,1,0,0
fit:80de1342a3e9944829ab101957c8eddffd3d18cb805507bed707b0e306d3b433,2026-08-01T07:04:47+00:00,98,136,111,86,10.872,1021.5999999999999,22,fit:80de1342a3e9944829ab101957c8eddffd3d18cb805507bed707b0e306d3b433:segment:005,5,10575.0,10239,activities/108_260801060832.csv,1,1,0,0
fit:80de1342a3e9944829ab101957c8eddffd3d18cb805507bed707b0e306d3b433,2026-08-01T07:04:48+00:00,99,44,111,81,11.201,1020.5999999999999,22,fit:80de1342a3e9944829ab101957c8eddffd3d18cb805507bed707b0e306d3b433:segment:005,5,10576.0,10240,activities/108_260801060832.csv,1,1,0,0
fit:80de1342a3e9944829ab101957c8eddffd3d18cb805507bed707b0e306d3b433,2026-08-01T07:04:49+00:00,100,44,112,82,11.306,1019.5999999999999,22,fit:80de1342a3e9944829ab101957c8eddffd3d18cb805507bed707b0e306d3b433:segment:005,5,10577.0,10241,activities/108_260801060832.csv,1,1,0,0
fit:80de1342a3e9944829ab101957c8eddffd3d18cb805507bed707b0e306d3b433,2026-08-01T07:04:50+00:00,101,62,113,50,11.692,1018.5999999999999,22,fit:80de1342a3e9944829ab101957c8eddffd3d18cb805507bed707b0e306d3b433:segment:005,5,10578.0,10242,activities/108_260801060832.csv,1,1,0,0
fit:80de1342a3e9944829ab101957c8eddffd3d18cb805507bed707b0e306d3b433,2026-08-01T07:04:51+00:00,102,62,113,50,12.162,1017.5999999999999,22,fit:80de1342a3e9944829ab101957c8eddffd3d18cb805507bed707b0e306d3b433:segment:005,5,10579.0,10243,activities/108_260801060832.csv,1,1,0,0
fit:80de1342a3e9944829ab101957c8eddffd3d18cb805507bed707b0e306d3b433,2026-08-01T07:04:52+00:00,103,62,114,50,12.4,1016.5999999999999,22,fit:80de1342a3e9944829ab101957c8eddffd3d18cb805507bed707b0e306d3b433:segment:005,5,10580.0,10244,activities/108_260801060832.csv,1,1,0,0
fit:80de1342a3e9944829ab101957c8eddffd3d18cb805507bed707b0e306d3b433,2026-08-01T07:04:53+00:00,104,0,113,49,12.491,1015.5999999999999,22,fit:80de1342a3e9944829ab101957c8eddffd3d18cb805507bed707b0e306d3b433:segment:005,5,10581.0,10245,activities/108_260801060832.csv,1,1,0,0
fit:80de1342a3e9944829ab101957c8eddffd3d18cb805507bed707b0e306d3b433,2026-08-01T07:04:54+00:00,105,0,113,0,12.172,1014.5999999999999,22,fit:80de1342a3e9944829ab101957c8eddffd3d18cb805507bed707b0e306d3b433:segment:005,5,10582.0,10246,activities/108_260801060832.csv,1,1,0,0
fit:80de1342a3e9944829ab101957c8eddffd3d18cb805507bed707b0e306d3b433,2026-08-01T07:04:55+00:00,106,0,113,0,12.88,1013.5999999999999,22,fit:80de1342a3e9944829ab101957c8eddffd3d18cb805507bed707b0e306d3b433:segment:005,5,10583.0,10247,activities/108_260801060832.csv,1,1,0,0
fit:80de1342a3e9944829ab101957c8eddffd3d18cb805507bed707b0e306d3b433,2026-08-01T07:04:56+00:00,107,0,113,0,13.422,1012.5999999999999,22,fit:80de1342a3e9944829ab101957c8eddffd3d18cb805507bed707b0e306d3b433:segment:005,5,10584.0,10248,activities/108_260801060832.csv,1,1,0,0
fit:80de1342a3e9944829ab101957c8eddffd3d18cb805507bed707b0e306d3b433,2026-08-01T07:04:57+00:00,108,0,113,0,13.736,1011.5999999999999,22,fit:80de1342a3e9944829ab101957c8eddffd3d18cb805507bed707b0e306d3b433:segment:005,5,10585.0,10249,activities/108_260801060832.csv,1,1,0,0
fit:80de1342a3e9944829ab101957c8eddffd3d18cb805507bed707b0e306d3b433,2026-08-01T07:04:58+00:00,109,0,112,0,14.358,1010.5999999999999,22,fit:80de1342a3e9944829ab101957c8eddffd3d18cb805507bed707b0e306d3b433:segment:005,5,10586.0,10250,activities/108_260801060832.csv,1,1,0,0
fit:80de1342a3e9944829ab101957c8eddffd3d18cb805507bed707b0e306d3b433,2026-08-01T07:04:59+00:00,110,0,111,0,14.155,1009.5999999999999,22,fit:80de1342a3e9944829ab101957c8eddffd3d18cb805507bed707b0e306d3b433:segment:005,5,10587.0,10251,activities/108_260801060832.csv,1,1,0,0
fit:80de1342a3e9944829ab101957c8eddffd3d18cb805507bed707b0e306d3b433,2026-08-01T07:05:00+00:00,111,0,110,0,14.943,1008.5999999999999,22,fit:80de1342a3e9944829ab101957c8eddffd3d18cb805507bed707b0e306d3b433:segment:005,5,10588.0,10252,activities/108_260801060832.csv,1,1,0,0
fit:80de1342a3e9944829ab101957c8eddffd3d18cb805507bed707b0e306d3b433,2026-08-01T07:05:01+00:00,112,0,110,0,15.581,1007.5999999999999,22,fit:80de1342a3e9944829ab101957c8eddffd3d18cb805507bed707b0e306d3b433:segment:005,5,10589.0,10253,activities/108_260801060832.csv,1,1,0,0
fit:80de1342a3e9944829ab101957c8eddffd3d18cb805507bed707b0e306d3b433,2026-08-01T07:05:02+00:00,113,0,109,0,15.235,1006.5999999999999,22,fit:80de1342a3e9944829ab101957c8eddffd3d18cb805507bed707b0e306d3b433:segment:005,5,10590.0,10254,activities/108_260801060832.csv,1,1,0,0
fit:80de1342a3e9944829ab101957c8eddffd3d18cb805507bed707b0e306d3b433,2026-08-01T07:05:03+00:00,114,0,108,0,14.244,1005.5999999999999,22,fit:80de1342a3e9944829ab101957c8eddffd3d18cb805507bed707b0e306d3b433:segment:005,5,10591.0,10255,activities/108_260801060832.csv,1,1,0,0
fit:80de1342a3e9944829ab101957c8eddffd3d18cb805507bed707b0e306d3b433,2026-08-01T07:05:04+00:00,115,0,107,0,12.54,1005.2,22,fit:80de1342a3e9944829ab101957c8eddffd3d18cb805507bed707b0e306d3b433:segment:005,5,10592.0,10256,activities/108_260801060832.csv,1,1,0,0
fit:80de1342a3e9944829ab101957c8eddffd3d18cb805507bed707b0e306d3b433,2026-08-01T07:05:05+00:00,116,0,106,0,10.553,1005.2,22,fit:80de1342a3e9944829ab101957c8eddffd3d18cb805507bed707b0e306d3b433:segment:005,5,10593.0,10257,activities/108_260801060832.csv,1,1,0,0
fit:80de1342a3e9944829ab101957c8eddffd3d18cb805507bed707b0e306d3b433,2026-08-01T07:05:06+00:00,117,0,104,0,8.168,1005.2,22,fit:80de1342a3e9944829ab101957c8eddffd3d18cb805507bed707b0e306d3b433:segment:005,5,10594.0,10258,activities/108_260801060832.csv,1,1,0,0
fit:80de1342a3e9944829ab101957c8eddffd3d18cb805507bed707b0e306d3b433,2026-08-01T07:05:07+00:00,118,0,104,0,7.358,1005.5999999999999,22,fit:80de1342a3e9944829ab101957c8eddffd3d18cb805507bed707b0e306d3b433:segment:005,5,10595.0,10259,activities/108_260801060832.csv,1,1,0,0
fit:80de1342a3e9944829ab101957c8eddffd3d18cb805507bed707b0e306d3b433,2026-08-01T07:05:08+00:00,119,0,104,0,7.066,1005.5999999999999,22,fit:80de1342a3e9944829ab101957c8eddffd3d18cb805507bed707b0e306d3b433:segment:005,5,10596.0,10260,activities/108_260801060832.csv,1,1,0,0
fit:80de1342a3e9944829ab101957c8eddffd3d18cb805507bed707b0e306d3b433,2026-08-01T07:05:09+00:00,120,63,103,0,6.907,1005.5999999999999,22,fit:80de1342a3e9944829ab101957c8eddffd3d18cb805507bed707b0e306d3b433:segment:005,5,10597.0,10261,activities/108_260801060832.csv,1,1,0,0
fit:80de1342a3e9944829ab101957c8eddffd3d18cb805507bed707b0e306d3b433,2026-08-01T07:05:10+00:00,121,319,103,48,6.973,1004.5999999999999,22,fit:80de1342a3e9944829ab101957c8eddffd3d18cb805507bed707b0e306d3b433:segment:005,5,10598.0,10262,activities/108_260801060832.csv,1,1,0,0
fit:80de1342a3e9944829ab101957c8eddffd3d18cb805507bed707b0e306d3b433,2026-08-01T07:05:11+00:00,122,319,103,58,7.432,1003.5999999999999,22,fit:80de1342a3e9944829ab101957c8eddffd3d18cb805507bed707b0e306d3b433:segment:005,5,10599.0,10263,activities/108_260801060832.csv,1,1,0,0
fit:80de1342a3e9944829ab101957c8eddffd3d18cb805507bed707b0e306d3b433,2026-08-01T07:05:12+00:00,123,60,103,58,8.096,1002.5999999999999,22,fit:80de1342a3e9944829ab101957c8eddffd3d18cb805507bed707b0e306d3b433:segment:005,5,10600.0,10264,activities/108_260801060832.csv,1,1,0,0
fit:80de1342a3e9944829ab101957c8eddffd3d18cb805507bed707b0e306d3b433,2026-08-01T07:05:13+00:00,124,48,103,31,9.004,1001.5999999999999,22,fit:80de1342a3e9944829ab101957c8eddffd3d18cb805507bed707b0e306d3b433:segment:005,5,10601.0,10265,activities/108_260801060832.csv,1,1,0,0
fit:80de1342a3e9944829ab101957c8eddffd3d18cb805507bed707b0e306d3b433,2026-08-01T07:05:14+00:00,125,48,106,67,9.869,1000.5999999999999,22,fit:80de1342a3e9944829ab101957c8eddffd3d18cb805507bed707b0e306d3b433:segment:005,5,10602.0,10266,activities/108_260801060832.csv,1,1,0,0
fit:80de1342a3e9944829ab101957c8eddffd3d18cb805507bed707b0e306d3b433,2026-08-01T07:05:15+00:00,126,24,108,67,10.409,999.5999999999999,22,fit:80de1342a3e9944829ab101957c8eddffd3d18cb805507bed707b0e306d3b433:segment:005,5,10603.0,10267,activities/108_260801060832.csv,1,1,0,0
fit:80de1342a3e9944829ab101957c8eddffd3d18cb805507bed707b0e306d3b433,2026-08-01T07:05:16+00:00,127,24,108,67,11.005,999.2,22,fit:80de1342a3e9944829ab101957c8eddffd3d18cb805507bed707b0e306d3b433:segment:005,5,10604.0,10268,activities/108_260801060832.csv,1,1,0,0
fit:80de1342a3e9944829ab101957c8eddffd3d18cb805507bed707b0e306d3b433,2026-08-01T07:05:17+00:00,128,24,111,67,11.577,998.2,22,fit:80de1342a3e9944829ab101957c8eddffd3d18cb805507bed707b0e306d3b433:segment:005,5,10605.0,10269,activities/108_260801060832.csv,1,1,0,0
fit:80de1342a3e9944829ab101957c8eddffd3d18cb805507bed707b0e306d3b433,2026-08-01T07:05:18+00:00,129,22,111,66,12.066,997.5999999999999,22,fit:80de1342a3e9944829ab101957c8eddffd3d18cb805507bed707b0e306d3b433:segment:005,5,10606.0,10270,activities/108_260801060832.csv,1,1,0,0
fit:80de1342a3e9944829ab101957c8eddffd3d18cb805507bed707b0e306d3b433,2026-08-01T07:05:19+00:00,130,0,112,63,12.099,996.5999999999999,22,fit:80de1342a3e9944829ab101957c8eddffd3d18cb805507bed707b0e306d3b433:segment:005,5,10607.0,10271,activities/108_260801060832.csv,1,1,0,0
fit:80de1342a3e9944829ab101957c8eddffd3d18cb805507bed707b0e306d3b433,2026-08-01T07:05:20+00:00,131,0,112,0,12.012,995.5999999999999,22,fit:80de1342a3e9944829ab101957c8eddffd3d18cb805507bed707b0e306d3b433:segment:005,5,10608.0,10272,activities/108_260801060832.csv,1,1,0,0
fit:80de1342a3e9944829ab101957c8eddffd3d18cb805507bed707b0e306d3b433,2026-08-01T07:05:21+00:00,132,0,111,0,11.847,995.0,22,fit:80de1342a3e9944829ab101957c8eddffd3d18cb805507bed707b0e306d3b433:segment:005,5,10609.0,10273,activities/108_260801060832.csv,1,1,0,0
fit:80de1342a3e9944829ab101957c8eddffd3d18cb805507bed707b0e306d3b433,2026-08-01T07:05:22+00:00,133,0,111,0,11.496,994.5999999999999,22,fit:80de1342a3e9944829ab101957c8eddffd3d18cb805507bed707b0e306d3b433:segment:005,5,10610.0,10274,activities/108_260801060832.csv,1,1,0,0
fit:80de1342a3e9944829ab101957c8eddffd3d18cb805507bed707b0e306d3b433,2026-08-01T07:05:23+00:00,134,0,109,0,11.293,994.0,22,fit:80de1342a3e9944829ab101957c8eddffd3d18cb805507bed707b0e306d3b433:segment:005,5,10611.0,10275,activities/108_260801060832.csv,1,1,0,0
fit:80de1342a3e9944829ab101957c8eddffd3d18cb805507bed707b0e306d3b433,2026-08-01T07:05:24+00:00,135,0,107,0,11.407,993.0,22,fit:80de1342a3e9944829ab101957c8eddffd3d18cb805507bed707b0e306d3b433:segment:005,5,10612.0,10276,activities/108_260801060832.csv,1,1,0,0
fit:80de1342a3e9944829ab101957c8eddffd3d18cb805507bed707b0e306d3b433,2026-08-01T07:05:25+00:00,136,0,106,0,11.466,992.0,22,fit:80de1342a3e9944829ab101957c8eddffd3d18cb805507bed707b0e306d3b433:segment:005,5,10613.0,10277,activities/108_260801060832.csv,1,1,0,0
fit:80de1342a3e9944829ab101957c8eddffd3d18cb805507bed707b0e306d3b433,2026-08-01T07:05:26+00:00,137,0,105,0,10.92,991.8,22,fit:80de1342a3e9944829ab101957c8eddffd3d18cb805507bed707b0e306d3b433:segment:005,5,10614.0,10278,activities/108_260801060832.csv,1,1,0,0
fit:80de1342a3e9944829ab101957c8eddffd3d18cb805507bed707b0e306d3b433,2026-08-01T07:05:27+00:00,138,0,105,0,10.624,990.8,22,fit:80de1342a3e9944829ab101957c8eddffd3d18cb805507bed707b0e306d3b433:segment:005,5,10615.0,10279,activities/108_260801060832.csv,1,1,0,0
fit:80de1342a3e9944829ab101957c8eddffd3d18cb805507bed707b0e306d3b433,2026-08-01T07:05:28+00:00,139,0,104,0,10.912,990.0,22,fit:80de1342a3e9944829ab101957c8eddffd3d18cb805507bed707b0e306d3b433:segment:005,5,10616.0,10280,activities/108_260801060832.csv,1,1,0,0
fit:80de1342a3e9944829ab101957c8eddffd3d18cb805507bed707b0e306d3b433,2026-08-01T07:05:29+00:00,140,0,103,0,10.477,989.4000000000001,22,fit:80de1342a3e9944829ab101957c8eddffd3d18cb805507bed707b0e306d3b433:segment:005,5,10617.0,10281,activities/108_260801060832.csv,1,1,0,0
fit:80de1342a3e9944829ab101957c8eddffd3d18cb805507bed707b0e306d3b433,2026-08-01T07:05:30+00:00,141,0,103,0,10.245,988.4000000000001,22,fit:80de1342a3e9944829ab101957c8eddffd3d18cb805507bed707b0e306d3b433:segment:005,5,10618.0,10282,activities/108_260801060832.csv,1,1,0,0
fit:80de1342a3e9944829ab101957c8eddffd3d18cb805507bed707b0e306d3b433,2026-08-01T07:05:31+00:00,142,0,103,0,10.245,987.4000000000001,22,fit:80de1342a3e9944829ab101957c8eddffd3d18cb805507bed707b0e306d3b433:segment:005,5,10619.0,10283,activities/108_260801060832.csv,1,1,0,0
fit:80de1342a3e9944829ab101957c8eddffd3d18cb805507bed707b0e306d3b433,2026-08-01T07:05:32+00:00,143,0,103,0,10.109,987.4000000000001,22,fit:80de1342a3e9944829ab101957c8eddffd3d18cb805507bed707b0e306d3b433:segment:005,5,10620.0,10284,activities/108_260801060832.csv,1,1,0,0
fit:80de1342a3e9944829ab101957c8eddffd3d18cb805507bed707b0e306d3b433,2026-08-01T07:05:33+00:00,144,0,104,0,9.719,987.2,22,fit:80de1342a3e9944829ab101957c8eddffd3d18cb805507bed707b0e306d3b433:segment:005,5,10621.0,10285,activities/108_260801060832.csv,1,1,0,0
fit:80de1342a3e9944829ab101957c8eddffd3d18cb805507bed707b0e306d3b433,2026-08-01T07:05:34+00:00,145,0,104,0,9.508,987.0,22,fit:80de1342a3e9944829ab101957c8eddffd3d18cb805507bed707b0e306d3b433:segment:005,5,10622.0,10286,activities/108_260801060832.csv,1,1,0,0
fit:80de1342a3e9944829ab101957c8eddffd3d18cb805507bed707b0e306d3b433,2026-08-01T07:05:35+00:00,146,0,104,0,9.563,986.0,22,fit:80de1342a3e9944829ab101957c8eddffd3d18cb805507bed707b0e306d3b433:segment:005,5,10623.0,10287,activities/108_260801060832.csv,1,1,0,0
fit:80de1342a3e9944829ab101957c8eddffd3d18cb805507bed707b0e306d3b433,2026-08-01T07:05:36+00:00,147,0,104,0,9.615,985.0,22,fit:80de1342a3e9944829ab101957c8eddffd3d18cb805507bed707b0e306d3b433:segment:005,5,10624.0,10288,activities/108_260801060832.csv,1,1,0,0
fit:80de1342a3e9944829ab101957c8eddffd3d18cb805507bed707b0e306d3b433,2026-08-01T07:05:37+00:00,148,0,104,0,9.547,984.0,22,fit:80de1342a3e9944829ab101957c8eddffd3d18cb805507bed707b0e306d3b433:segment:005,5,10625.0,10289,activities/108_260801060832.csv,1,1,0,0
fit:80de1342a3e9944829ab101957c8eddffd3d18cb805507bed707b0e306d3b433,2026-08-01T07:05:38+00:00,149,0,104,0,9.327,983.0,22,fit:80de1342a3e9944829ab101957c8eddffd3d18cb805507bed707b0e306d3b433:segment:005,5,10626.0,10290,activities/108_260801060832.csv,1,1,0,0
fit:80de1342a3e9944829ab101957c8eddffd3d18cb805507bed707b0e306d3b433,2026-08-01T07:05:39+00:00,150,0,105,0,9.604,982.0,22,fit:80de1342a3e9944829ab101957c8eddffd3d18cb805507bed707b0e306d3b433:segment:005,5,10627.0,10291,activities/108_260801060832.csv,1,1,0,0
fit:80de1342a3e9944829ab101957c8eddffd3d18cb805507bed707b0e306d3b433,2026-08-01T07:05:40+00:00,151,0,105,0,9.716,981.5999999999999,22,fit:80de1342a3e9944829ab101957c8eddffd3d18cb805507bed707b0e306d3b433:segment:005,5,10628.0,10292,activities/108_260801060832.csv,1,1,0,0
fit:80de1342a3e9944829ab101957c8eddffd3d18cb805507bed707b0e306d3b433,2026-08-01T07:05:41+00:00,152,0,105,0,9.637,981.4000000000001,22,fit:80de1342a3e9944829ab101957c8eddffd3d18cb805507bed707b0e306d3b433:segment:005,5,10629.0,10293,activities/108_260801060832.csv,1,1,0,0
fit:80de1342a3e9944829ab101957c8eddffd3d18cb805507bed707b0e306d3b433,2026-08-01T07:05:42+00:00,153,0,105,0,9.644,980.4000000000001,22,fit:80de1342a3e9944829ab101957c8eddffd3d18cb805507bed707b0e306d3b433:segment:005,5,10630.0,10294,activities/108_260801060832.csv,1,1,0,0
fit:80de1342a3e9944829ab101957c8eddffd3d18cb805507bed707b0e306d3b433,2026-08-01T07:05:43+00:00,154,0,105,0,9.907,979.5999999999999,22,fit:80de1342a3e9944829ab101957c8eddffd3d18cb805507bed707b0e306d3b433:segment:005,5,10631.0,10295,activities/108_260801060832.csv,1,1,0,0
fit:80de1342a3e9944829ab101957c8eddffd3d18cb805507bed707b0e306d3b433,2026-08-01T07:05:44+00:00,155,0,105,0,9.759,979.2,22,fit:80de1342a3e9944829ab101957c8eddffd3d18cb805507bed707b0e306d3b433:segment:005,5,10632.0,10296,activities/108_260801060832.csv,1,1,0,0
fit:80de1342a3e9944829ab101957c8eddffd3d18cb805507bed707b0e306d3b433,2026-08-01T07:05:45+00:00,156,0,105,0,9.472,979.0,22,fit:80de1342a3e9944829ab101957c8eddffd3d18cb805507bed707b0e306d3b433:segment:005,5,10633.0,10297,activities/108_260801060832.csv,1,1,0,0
fit:80de1342a3e9944829ab101957c8eddffd3d18cb805507bed707b0e306d3b433,2026-08-01T07:05:46+00:00,157,0,104,0,8.751,978.0,22,fit:80de1342a3e9944829ab101957c8eddffd3d18cb805507bed707b0e306d3b433:segment:005,5,10634.0,10298,activities/108_260801060832.csv,1,1,0,0
fit:80de1342a3e9944829ab101957c8eddffd3d18cb805507bed707b0e306d3b433,2026-08-01T07:05:47+00:00,158,0,103,0,8.098,977.8,22,fit:80de1342a3e9944829ab101957c8eddffd3d18cb805507bed707b0e306d3b433:segment:005,5,10635.0,10299,activities/108_260801060832.csv,1,1,0,0
fit:80de1342a3e9944829ab101957c8eddffd3d18cb805507bed707b0e306d3b433,2026-08-01T07:05:48+00:00,159,0,102,0,7.859,977.2,22,fit:80de1342a3e9944829ab101957c8eddffd3d18cb805507bed707b0e306d3b433:segment:005,5,10636.0,10300,activities/108_260801060832.csv,1,1,0,0
fit:80de1342a3e9944829ab101957c8eddffd3d18cb805507bed707b0e306d3b433,2026-08-01T07:05:49+00:00,160,0,101,0,7.183,976.4000000000001,22,fit:80de1342a3e9944829ab101957c8eddffd3d18cb805507bed707b0e306d3b433:segment:005,5,10637.0,10301,activities/108_260801060832.csv,1,1,0,0
fit:80de1342a3e9944829ab101957c8eddffd3d18cb805507bed707b0e306d3b433,2026-08-01T07:05:50+00:00,161,0,101,0,6.534,975.8,22,fit:80de1342a3e9944829ab101957c8eddffd3d18cb805507bed707b0e306d3b433:segment:005,5,10638.0,10302,activities/108_260801060832.csv,1,1,0,0
fit:80de1342a3e9944829ab101957c8eddffd3d18cb805507bed707b0e306d3b433,2026-08-01T07:05:51+00:00,162,0,100,0,6.35,975.8,22,fit:80de1342a3e9944829ab101957c8eddffd3d18cb805507bed707b0e306d3b433:segment:005,5,10639.0,10303,activities/108_260801060832.csv,1,1,0,0
fit:80de1342a3e9944829ab101957c8eddffd3d18cb805507bed707b0e306d3b433,2026-08-01T07:05:52+00:00,163,0,99,0,6.509,975.8,22,fit:80de1342a3e9944829ab101957c8eddffd3d18cb805507bed707b0e306d3b433:segment:005,5,10640.0,10304,activities/108_260801060832.csv,1,1,0,0
fit:80de1342a3e9944829ab101957c8eddffd3d18cb805507bed707b0e306d3b433,2026-08-01T07:05:53+00:00,164,313,99,0,6.799,975.8,22,fit:80de1342a3e9944829ab101957c8eddffd3d18cb805507bed707b0e306d3b433:segment:005,5,10641.0,10305,activities/108_260801060832.csv,1,1,0,0
fit:80de1342a3e9944829ab101957c8eddffd3d18cb805507bed707b0e306d3b433,2026-08-01T07:05:54+00:00,165,313,99,53,7.514,975.8,22,fit:80de1342a3e9944829ab101957c8eddffd3d18cb805507bed707b0e306d3b433:segment:005,5,10642.0,10306,activities/108_260801060832.csv,1,1,0,0
fit:80de1342a3e9944829ab101957c8eddffd3d18cb805507bed707b0e306d3b433,2026-08-01T07:05:55+00:00,166,368,99,53,8.037,975.8,22,fit:80de1342a3e9944829ab101957c8eddffd3d18cb805507bed707b0e306d3b433:segment:005,5,10643.0,10307,activities/108_260801060832.csv,1,1,0,0
fit:80de1342a3e9944829ab101957c8eddffd3d18cb805507bed707b0e306d3b433,2026-08-01T07:05:56+00:00,167,368,100,53,8.405,974.8,22,fit:80de1342a3e9944829ab101957c8eddffd3d18cb805507bed707b0e306d3b433:segment:005,5,10644.0,10308,activities/108_260801060832.csv,1,1,0,0
fit:80de1342a3e9944829ab101957c8eddffd3d18cb805507bed707b0e306d3b433,2026-08-01T07:05:57+00:00,168,368,102,53,8.801,973.8,22,fit:80de1342a3e9944829ab101957c8eddffd3d18cb805507bed707b0e306d3b433:segment:005,5,10645.0,10309,activities/108_260801060832.csv,1,1,0,0
fit:80de1342a3e9944829ab101957c8eddffd3d18cb805507bed707b0e306d3b433,2026-08-01T07:05:58+00:00,169,0,104,53,9.034,973.0,22,fit:80de1342a3e9944829ab101957c8eddffd3d18cb805507bed707b0e306d3b433:segment:005,5,10646.0,10310,activities/108_260801060832.csv,1,1,0,0
fit:80de1342a3e9944829ab101957c8eddffd3d18cb805507bed707b0e306d3b433,2026-08-01T07:05:59+00:00,170,0,106,0,9.549,972.0,22,fit:80de1342a3e9944829ab101957c8eddffd3d18cb805507bed707b0e306d3b433:segment:005,5,10647.0,10311,activities/108_260801060832.csv,1,1,0,0
fit:80de1342a3e9944829ab101957c8eddffd3d18cb805507bed707b0e306d3b433,2026-08-01T07:06:00+00:00,171,0,109,0,10.108,971.0,22,fit:80de1342a3e9944829ab101957c8eddffd3d18cb805507bed707b0e306d3b433:segment:005,5,10648.0,10312,activities/108_260801060832.csv,1,1,0,0
fit:80de1342a3e9944829ab101957c8eddffd3d18cb805507bed707b0e306d3b433,2026-08-01T07:06:01+00:00,172,0,111,0,10.391,970.0,22,fit:80de1342a3e9944829ab101957c8eddffd3d18cb805507bed707b0e306d3b433:segment:005,5,10649.0,10313,activities/108_260801060832.csv,1,1,0,0
fit:80de1342a3e9944829ab101957c8eddffd3d18cb805507bed707b0e306d3b433,2026-08-01T07:06:02+00:00,173,0,112,0,10.428,969.2,22,fit:80de1342a3e9944829ab101957c8eddffd3d18cb805507bed707b0e306d3b433:segment:005,5,10650.0,10314,activities/108_260801060832.csv,1,1,0,0
fit:80de1342a3e9944829ab101957c8eddffd3d18cb805507bed707b0e306d3b433,2026-08-01T07:06:03+00:00,174,0,113,0,10.152,968.2,22,fit:80de1342a3e9944829ab101957c8eddffd3d18cb805507bed707b0e306d3b433:segment:005,5,10651.0,10315,activities/108_260801060832.csv,1,1,0,0
fit:80de1342a3e9944829ab101957c8eddffd3d18cb805507bed707b0e306d3b433,2026-08-01T07:06:04+00:00,175,0,113,0,9.931,967.2,22,fit:80de1342a3e9944829ab101957c8eddffd3d18cb805507bed707b0e306d3b433:segment:005,5,10652.0,10316,activities/108_260801060832.csv,1,1,0,0
fit:80de1342a3e9944829ab101957c8eddffd3d18cb805507bed707b0e306d3b433,2026-08-01T07:06:05+00:00,176,0,113,0,9.809,966.2,22,fit:80de1342a3e9944829ab101957c8eddffd3d18cb805507bed707b0e306d3b433:segment:005,5,10653.0,10317,activities/108_260801060832.csv,1,1,0,0
fit:80de1342a3e9944829ab101957c8eddffd3d18cb805507bed707b0e306d3b433,2026-08-01T07:06:06+00:00,177,0,113,0,9.786,965.2,22,fit:80de1342a3e9944829ab101957c8eddffd3d18cb805507bed707b0e306d3b433:segment:005,5,10654.0,10318,activities/108_260801060832.csv,1,1,0,0
fit:80de1342a3e9944829ab101957c8eddffd3d18cb805507bed707b0e306d3b433,2026-08-01T07:06:07+00:00,178,0,110,0,10.29,964.2,22,fit:80de1342a3e9944829ab101957c8eddffd3d18cb805507bed707b0e306d3b433:segment:005,5,10655.0,10319,activities/108_260801060832.csv,1,1,0,0
fit:80de1342a3e9944829ab101957c8eddffd3d18cb805507bed707b0e306d3b433,2026-08-01T07:06:08+00:00,179,0,109,0,10.394,963.2,22,fit:80de1342a3e9944829ab101957c8eddffd3d18cb805507bed707b0e306d3b433:segment:005,5,10656.0,10320,activities/108_260801060832.csv,1,1,0,0
fit:80de1342a3e9944829ab101957c8eddffd3d18cb805507bed707b0e306d3b433,2026-08-01T07:06:09+00:00,180,0,109,0,10.744,962.2,22,fit:80de1342a3e9944829ab101957c8eddffd3d18cb805507bed707b0e306d3b433:segment:005,5,10657.0,10321,activities/108_260801060832.csv,1,1,0,0
fit:80de1342a3e9944829ab101957c8eddffd3d18cb805507bed707b0e306d3b433,2026-08-01T07:06:10+00:00,181,0,108,0,10.416,961.2,22,fit:80de1342a3e9944829ab101957c8eddffd3d18cb805507bed707b0e306d3b433:segment:005,5,10658.0,10322,activities/108_260801060832.csv,1,1,0,0
fit:80de1342a3e9944829ab101957c8eddffd3d18cb805507bed707b0e306d3b433,2026-08-01T07:06:11+00:00,182,0,107,0,10.225,960.2,22,fit:80de1342a3e9944829ab101957c8eddffd3d18cb805507bed707b0e306d3b433:segment:005,5,10659.0,10323,activities/108_260801060832.csv,1,1,0,0
fit:80de1342a3e9944829ab101957c8eddffd3d18cb805507bed707b0e306d3b433,2026-08-01T07:06:12+00:00,183,0,107,0,9.723,959.2,22,fit:80de1342a3e9944829ab101957c8eddffd3d18cb805507bed707b0e306d3b433:segment:005,5,10660.0,10324,activities/108_260801060832.csv,1,1,0,0
fit:80de1342a3e9944829ab101957c8eddffd3d18cb805507bed707b0e306d3b433,2026-08-01T07:06:13+00:00,184,0,107,0,9.199,958.2,22,fit:80de1342a3e9944829ab101957c8eddffd3d18cb805507bed707b0e306d3b433:segment:005,5,10661.0,10325,activities/108_260801060832.csv,1,1,0,0
fit:80de1342a3e9944829ab101957c8eddffd3d18cb805507bed707b0e306d3b433,2026-08-01T07:06:14+00:00,185,0,107,0,9.313,957.2,22,fit:80de1342a3e9944829ab101957c8eddffd3d18cb805507bed707b0e306d3b433:segment:005,5,10662.0,10326,activities/108_260801060832.csv,1,1,0,0
fit:80de1342a3e9944829ab101957c8eddffd3d18cb805507bed707b0e306d3b433,2026-08-01T07:06:15+00:00,186,0,107,0,9.484,956.2,22,fit:80de1342a3e9944829ab101957c8eddffd3d18cb805507bed707b0e306d3b433:segment:005,5,10663.0,10327,activities/108_260801060832.csv,1,1,0,0
fit:80de1342a3e9944829ab101957c8eddffd3d18cb805507bed707b0e306d3b433,2026-08-01T07:06:16+00:00,187,0,107,0,10.119,955.2,22,fit:80de1342a3e9944829ab101957c8eddffd3d18cb805507bed707b0e306d3b433:segment:005,5,10664.0,10328,activities/108_260801060832.csv,1,1,0,0
fit:80de1342a3e9944829ab101957c8eddffd3d18cb805507bed707b0e306d3b433,2026-08-01T07:06:17+00:00,188,0,106,0,10.549,954.2,22,fit:80de1342a3e9944829ab101957c8eddffd3d18cb805507bed707b0e306d3b433:segment:005,5,10665.0,10329,activities/108_260801060832.csv,1,1,0,0
fit:80de1342a3e9944829ab101957c8eddffd3d18cb805507bed707b0e306d3b433,2026-08-01T07:06:18+00:00,189,0,106,0,10.971,953.2,22,fit:80de1342a3e9944829ab101957c8eddffd3d18cb805507bed707b0e306d3b433:segment:005,5,10666.0,10330,activities/108_260801060832.csv,1,1,0,0
fit:80de1342a3e9944829ab101957c8eddffd3d18cb805507bed707b0e306d3b433,2026-08-01T07:06:19+00:00,190,0,106,0,10.937,952.2,22,fit:80de1342a3e9944829ab101957c8eddffd3d18cb805507bed707b0e306d3b433:segment:005,5,10667.0,10331,activities/108_260801060832.csv,1,1,0,0
fit:80de1342a3e9944829ab101957c8eddffd3d18cb805507bed707b0e306d3b433,2026-08-01T07:06:20+00:00,191,0,105,0,10.82,951.2,22,fit:80de1342a3e9944829ab101957c8eddffd3d18cb805507bed707b0e306d3b433:segment:005,5,10668.0,10332,activities/108_260801060832.csv,1,1,0,0
fit:80de1342a3e9944829ab101957c8eddffd3d18cb805507bed707b0e306d3b433,2026-08-01T07:06:21+00:00,192,0,104,0,,950.2,22,fit:80de1342a3e9944829ab101957c8eddffd3d18cb805507bed707b0e306d3b433:segment:005,5,10669.0,10333,activities/108_260801060832.csv,1,1,0,0
fit:80de1342a3e9944829ab101957c8eddffd3d18cb805507bed707b0e306d3b433,2026-08-01T07:06:22+00:00,193,0,104,0,,949.2,22,fit:80de1342a3e9944829ab101957c8eddffd3d18cb805507bed707b0e306d3b433:segment:005,5,10670.0,10334,activities/108_260801060832.csv,1,1,0,0
fit:80de1342a3e9944829ab101957c8eddffd3d18cb805507bed707b0e306d3b433,2026-08-01T07:06:23+00:00,194,0,105,0,,948.2,22,fit:80de1342a3e9944829ab101957c8eddffd3d18cb805507bed707b0e306d3b433:segment:005,5,10671.0,10335,activities/108_260801060832.csv,1,1,0,0
fit:80de1342a3e9944829ab101957c8eddffd3d18cb805507bed707b0e306d3b433,2026-08-01T07:06:24+00:00,195,0,106,0,,947.2,22,fit:80de1342a3e9944829ab101957c8eddffd3d18cb805507bed707b0e306d3b433:segment:005,5,10672.0,10336,activities/108_260801060832.csv,1,1,0,0
fit:80de1342a3e9944829ab101957c8eddffd3d18cb805507bed707b0e306d3b433,2026-08-01T07:06:25+00:00,196,0,107,0,,946.2,22,fit:80de1342a3e9944829ab101957c8eddffd3d18cb805507bed707b0e306d3b433:segment:005,5,10673.0,10337,activities/108_260801060832.csv,1,1,0,0
fit:80de1342a3e9944829ab101957c8eddffd3d18cb805507bed707b0e306d3b433,2026-08-01T07:06:26+00:00,197,0,107,0,,945.2,21,fit:80de1342a3e9944829ab101957c8eddffd3d18cb805507bed707b0e306d3b433:segment:005,5,10674.0,10338,activities/108_260801060832.csv,1,1,0,0
fit:80de1342a3e9944829ab101957c8eddffd3d18cb805507bed707b0e306d3b433,2026-08-01T07:06:27+00:00,198,0,107,0,,944.2,21,fit:80de1342a3e9944829ab101957c8eddffd3d18cb805507bed707b0e306d3b433:segment:005,5,10675.0,10339,activities/108_260801060832.csv,1,1,0,0
fit:80de1342a3e9944829ab101957c8eddffd3d18cb805507bed707b0e306d3b433,2026-08-01T07:06:28+00:00,199,0,108,0,,943.2,21,fit:80de1342a3e9944829ab101957c8eddffd3d18cb805507bed707b0e306d3b433:segment:005,5,10676.0,10340,activities/108_260801060832.csv,1,1,0,0
fit:80de1342a3e9944829ab101957c8eddffd3d18cb805507bed707b0e306d3b433,2026-08-01T07:06:29+00:00,200,0,108,0,,942.2,21,fit:80de1342a3e9944829ab101957c8eddffd3d18cb805507bed707b0e306d3b433:segment:005,5,10677.0,10341,activities/108_260801060832.csv,1,1,0,0
fit:80de1342a3e9944829ab101957c8eddffd3d18cb805507bed707b0e306d3b433,2026-08-01T07:06:30+00:00,201,274,108,55,0.0,941.2,21,fit:80de1342a3e9944829ab101957c8eddffd3d18cb805507bed707b0e306d3b433:segment:005,5,10678.0,10342,activities/108_260801060832.csv,1,1,0,0
fit:80de1342a3e9944829ab101957c8eddffd3d18cb805507bed707b0e306d3b433,2026-08-01T07:06:36+00:00,207,274,107,92,12.218,935.2,21,fit:80de1342a3e9944829ab101957c8eddffd3d18cb805507bed707b0e306d3b433:segment:005,5,10684.0,10343,activities/108_260801060832.csv,1,1,0,0
fit:80de1342a3e9944829ab101957c8eddffd3d18cb805507bed707b0e306d3b433,2026-08-01T07:06:37+00:00,208,500,110,92,13.136,934.2,21,fit:80de1342a3e9944829ab101957c8eddffd3d18cb805507bed707b0e306d3b433:segment:005,5,10685.0,10344,activities/108_260801060832.csv,1,1,0,0
fit:80de1342a3e9944829ab101957c8eddffd3d18cb805507bed707b0e306d3b433,2026-08-01T07:06:38+00:00,209,9,110,0,13.786,933.2,21,fit:80de1342a3e9944829ab101957c8eddffd3d18cb805507bed707b0e306d3b433:segment:005,5,10686.0,10345,activities/108_260801060832.csv,1,1,0,0
fit:80de1342a3e9944829ab101957c8eddffd3d18cb805507bed707b0e306d3b433,2026-08-01T07:06:39+00:00,210,62,114,0,14.474,932.2,21,fit:80de1342a3e9944829ab101957c8eddffd3d18cb805507bed707b0e306d3b433:segment:005,5,10687.0,10346,activities/108_260801060832.csv,1,1,0,0
fit:80de1342a3e9944829ab101957c8eddffd3d18cb805507bed707b0e306d3b433,2026-08-01T07:06:40+00:00,211,228,117,55,15.101,931.2,21,fit:80de1342a3e9944829ab101957c8eddffd3d18cb805507bed707b0e306d3b433:segment:005,5,10688.0,10347,activities/108_260801060832.csv,1,1,0,0
fit:80de1342a3e9944829ab101957c8eddffd3d18cb805507bed707b0e306d3b433,2026-08-01T07:06:41+00:00,212,175,117,104,15.635,930.2,21,fit:80de1342a3e9944829ab101957c8eddffd3d18cb805507bed707b0e306d3b433:segment:005,5,10689.0,10348,activities/108_260801060832.csv,1,1,0,0
fit:80de1342a3e9944829ab101957c8eddffd3d18cb805507bed707b0e306d3b433,2026-08-01T07:06:42+00:00,213,162,120,94,16.021,929.2,21,fit:80de1342a3e9944829ab101957c8eddffd3d18cb805507bed707b0e306d3b433:segment:005,5,10690.0,10349,activities/108_260801060832.csv,1,1,0,0
fit:80de1342a3e9944829ab101957c8eddffd3d18cb805507bed707b0e306d3b433,2026-08-01T07:06:43+00:00,214,162,121,94,16.386,928.2,21,fit:80de1342a3e9944829ab101957c8eddffd3d18cb805507bed707b0e306d3b433:segment:005,5,10691.0,10350,activities/108_260801060832.csv,1,1,0,0
fit:80de1342a3e9944829ab101957c8eddffd3d18cb805507bed707b0e306d3b433,2026-08-01T07:06:44+00:00,215,162,121,94,16.359,927.2,21,fit:80de1342a3e9944829ab101957c8eddffd3d18cb805507bed707b0e306d3b433:segment:005,5,10692.0,10351,activities/108_260801060832.csv,1,1,0,0
fit:80de1342a3e9944829ab101957c8eddffd3d18cb805507bed707b0e306d3b433,2026-08-01T07:06:45+00:00,216,162,121,94,16.36,926.2,21,fit:80de1342a3e9944829ab101957c8eddffd3d18cb805507bed707b0e306d3b433:segment:005,5,10693.0,10352,activities/108_260801060832.csv,1,1,0,0
fit:80de1342a3e9944829ab101957c8eddffd3d18cb805507bed707b0e306d3b433,2026-08-01T07:06:46+00:00,217,0,122,0,16.099,925.2,21,fit:80de1342a3e9944829ab101957c8eddffd3d18cb805507bed707b0e306d3b433:segment:005,5,10694.0,10353,activities/108_260801060832.csv,1,1,0,0
fit:80de1342a3e9944829ab101957c8eddffd3d18cb805507bed707b0e306d3b433,2026-08-01T07:06:47+00:00,218,0,122,0,15.868,924.2,21,fit:80de1342a3e9944829ab101957c8eddffd3d18cb805507bed707b0e306d3b433:segment:005,5,10695.0,10354,activities/108_260801060832.csv,1,1,0,0
fit:80de1342a3e9944829ab101957c8eddffd3d18cb805507bed707b0e306d3b433,2026-08-01T07:06:48+00:00,219,0,122,0,15.138,923.2,21,fit:80de1342a3e9944829ab101957c8eddffd3d18cb805507bed707b0e306d3b433:segment:005,5,10696.0,10355,activities/108_260801060832.csv,1,1,0,0
fit:80de1342a3e9944829ab101957c8eddffd3d18cb805507bed707b0e306d3b433,2026-08-01T07:06:49+00:00,220,0,122,0,14.758,922.2,21,fit:80de1342a3e9944829ab101957c8eddffd3d18cb805507bed707b0e306d3b433:segment:005,5,10697.0,10356,activities/108_260801060832.csv,1,1,0,0
fit:80de1342a3e9944829ab101957c8eddffd3d18cb805507bed707b0e306d3b433,2026-08-01T07:06:50+00:00,221,0,122,0,14.756,921.2,21,fit:80de1342a3e9944829ab101957c8eddffd3d18cb805507bed707b0e306d3b433:segment:005,5,10698.0,10357,activities/108_260801060832.csv,1,1,0,0
fit:80de1342a3e9944829ab101957c8eddffd3d18cb805507bed707b0e306d3b433,2026-08-01T07:06:51+00:00,222,0,122,0,14.563,920.2,21,fit:80de1342a3e9944829ab101957c8eddffd3d18cb805507bed707b0e306d3b433:segment:005,5,10699.0,10358,activities/108_260801060832.csv,1,1,0,0
fit:80de1342a3e9944829ab101957c8eddffd3d18cb805507bed707b0e306d3b433,2026-08-01T07:06:52+00:00,223,0,121,0,14.698,919.2,21,fit:80de1342a3e9944829ab101957c8eddffd3d18cb805507bed707b0e306d3b433:segment:005,5,10700.0,10359,activities/108_260801060832.csv,1,1,0,0
fit:80de1342a3e9944829ab101957c8eddffd3d18cb805507bed707b0e306d3b433,2026-08-01T07:06:53+00:00,224,0,120,0,14.615,918.2,21,fit:80de1342a3e9944829ab101957c8eddffd3d18cb805507bed707b0e306d3b433:segment:005,5,10701.0,10360,activities/108_260801060832.csv,1,1,0,0
fit:80de1342a3e9944829ab101957c8eddffd3d18cb805507bed707b0e306d3b433,2026-08-01T07:06:54+00:00,225,0,118,0,14.491,917.2,21,fit:80de1342a3e9944829ab101957c8eddffd3d18cb805507bed707b0e306d3b433:segment:005,5,10702.0,10361,activities/108_260801060832.csv,1,1,0,0
fit:80de1342a3e9944829ab101957c8eddffd3d18cb805507bed707b0e306d3b433,2026-08-01T07:06:55+00:00,226,0,117,0,14.067,916.2,21,fit:80de1342a3e9944829ab101957c8eddffd3d18cb805507bed707b0e306d3b433:segment:005,5,10703.0,10362,activities/108_260801060832.csv,1,1,0,0
fit:80de1342a3e9944829ab101957c8eddffd3d18cb805507bed707b0e306d3b433,2026-08-01T07:06:56+00:00,227,0,115,0,13.651,915.2,21,fit:80de1342a3e9944829ab101957c8eddffd3d18cb805507bed707b0e306d3b433:segment:005,5,10704.0,10363,activities/108_260801060832.csv,1,1,0,0
fit:80de1342a3e9944829ab101957c8eddffd3d18cb805507bed707b0e306d3b433,2026-08-01T07:06:57+00:00,228,0,114,0,13.412,914.2,21,fit:80de1342a3e9944829ab101957c8eddffd3d18cb805507bed707b0e306d3b433:segment:005,5,10705.0,10364,activities/108_260801060832.csv,1,1,0,0
fit:80de1342a3e9944829ab101957c8eddffd3d18cb805507bed707b0e306d3b433,2026-08-01T07:06:58+00:00,229,0,113,0,13.182,913.2,21,fit:80de1342a3e9944829ab101957c8eddffd3d18cb805507bed707b0e306d3b433:segment:005,5,10706.0,10365,activities/108_260801060832.csv,1,1,0,0
fit:80de1342a3e9944829ab101957c8eddffd3d18cb805507bed707b0e306d3b433,2026-08-01T07:06:59+00:00,230,0,113,0,12.828,912.5999999999999,21,fit:80de1342a3e9944829ab101957c8eddffd3d18cb805507bed707b0e306d3b433:segment:005,5,10707.0,10366,activities/108_260801060832.csv,1,1,0,0
fit:80de1342a3e9944829ab101957c8eddffd3d18cb805507bed707b0e306d3b433,2026-08-01T07:07:00+00:00,231,0,113,0,12.603,912.5999999999999,21,fit:80de1342a3e9944829ab101957c8eddffd3d18cb805507bed707b0e306d3b433:segment:005,5,10708.0,10367,activities/108_260801060832.csv,1,1,0,0
fit:80de1342a3e9944829ab101957c8eddffd3d18cb805507bed707b0e306d3b433,2026-08-01T07:07:01+00:00,232,0,113,0,12.271,912.5999999999999,21,fit:80de1342a3e9944829ab101957c8eddffd3d18cb805507bed707b0e306d3b433:segment:005,5,10709.0,10368,activities/108_260801060832.csv,1,1,0,0
fit:80de1342a3e9944829ab101957c8eddffd3d18cb805507bed707b0e306d3b433,2026-08-01T07:07:02+00:00,233,0,113,0,11.957,912.5999999999999,21,fit:80de1342a3e9944829ab101957c8eddffd3d18cb805507bed707b0e306d3b433:segment:005,5,10710.0,10369,activities/108_260801060832.csv,1,1,0,0
fit:80de1342a3e9944829ab101957c8eddffd3d18cb805507bed707b0e306d3b433,2026-08-01T07:07:03+00:00,234,138,113,79,11.681,912.5999999999999,21,fit:80de1342a3e9944829ab101957c8eddffd3d18cb805507bed707b0e306d3b433:segment:005,5,10711.0,10370,activities/108_260801060832.csv,1,1,0,0
fit:80de1342a3e9944829ab101957c8eddffd3d18cb805507bed707b0e306d3b433,2026-08-01T07:07:04+00:00,235,193,113,79,11.617,912.5999999999999,21,fit:80de1342a3e9944829ab101957c8eddffd3d18cb805507bed707b0e306d3b433:segment:005,5,10712.0,10371,activities/108_260801060832.csv,1,1,0,0
fit:80de1342a3e9944829ab101957c8eddffd3d18cb805507bed707b0e306d3b433,2026-08-01T07:07:05+00:00,236,194,113,80,11.659,912.5999999999999,21,fit:80de1342a3e9944829ab101957c8eddffd3d18cb805507bed707b0e306d3b433:segment:005,5,10713.0,10372,activities/108_260801060832.csv,1,1,0,0
fit:80de1342a3e9944829ab101957c8eddffd3d18cb805507bed707b0e306d3b433,2026-08-01T07:07:06+00:00,237,194,113,80,11.826,912.5999999999999,21,fit:80de1342a3e9944829ab101957c8eddffd3d18cb805507bed707b0e306d3b433:segment:005,5,10714.0,10373,activities/108_260801060832.csv,1,1,0,0
fit:80de1342a3e9944829ab101957c8eddffd3d18cb805507bed707b0e306d3b433,2026-08-01T07:07:07+00:00,238,8,113,80,11.991,911.5999999999999,21,fit:80de1342a3e9944829ab101957c8eddffd3d18cb805507bed707b0e306d3b433:segment:005,5,10715.0,10374,activities/108_260801060832.csv,1,1,0,0
fit:80de1342a3e9944829ab101957c8eddffd3d18cb805507bed707b0e306d3b433,2026-08-01T07:07:08+00:00,239,8,113,0,12.015,910.5999999999999,21,fit:80de1342a3e9944829ab101957c8eddffd3d18cb805507bed707b0e306d3b433:segment:005,5,10716.0,10375,activities/108_260801060832.csv,1,1,0,0
fit:80de1342a3e9944829ab101957c8eddffd3d18cb805507bed707b0e306d3b433,2026-08-01T07:07:09+00:00,240,8,113,0,11.925,910.5999999999999,21,fit:80de1342a3e9944829ab101957c8eddffd3d18cb805507bed707b0e306d3b433:segment:005,5,10717.0,10376,activities/108_260801060832.csv,1,1,0,0
fit:80de1342a3e9944829ab101957c8eddffd3d18cb805507bed707b0e306d3b433,2026-08-01T07:07:10+00:00,241,8,113,0,11.608,910.5999999999999,21,fit:80de1342a3e9944829ab101957c8eddffd3d18cb805507bed707b0e306d3b433:segment:005,5,10718.0,10377,activities/108_260801060832.csv,1,1,0,0
fit:80de1342a3e9944829ab101957c8eddffd3d18cb805507bed707b0e306d3b433,2026-08-01T07:07:11+00:00,242,7,113,0,11.201,911.2,21,fit:80de1342a3e9944829ab101957c8eddffd3d18cb805507bed707b0e306d3b433:segment:005,5,10719.0,10378,activities/108_260801060832.csv,1,1,0,0
fit:80de1342a3e9944829ab101957c8eddffd3d18cb805507bed707b0e306d3b433,2026-08-01T07:07:12+00:00,243,0,112,0,10.651,912.2,21,fit:80de1342a3e9944829ab101957c8eddffd3d18cb805507bed707b0e306d3b433:segment:005,5,10720.0,10379,activities/108_260801060832.csv,1,1,0,0
fit:80de1342a3e9944829ab101957c8eddffd3d18cb805507bed707b0e306d3b433,2026-08-01T07:07:13+00:00,244,5,111,0,10.043,913.2,21,fit:80de1342a3e9944829ab101957c8eddffd3d18cb805507bed707b0e306d3b433:segment:005,5,10721.0,10380,activities/108_260801060832.csv,1,1,0,0
fit:80de1342a3e9944829ab101957c8eddffd3d18cb805507bed707b0e306d3b433,2026-08-01T07:07:14+00:00,245,41,110,0,9.324,914.2,21,fit:80de1342a3e9944829ab101957c8eddffd3d18cb805507bed707b0e306d3b433:segment:005,5,10722.0,10381,activities/108_260801060832.csv,1,1,0,0
fit:80de1342a3e9944829ab101957c8eddffd3d18cb805507bed707b0e306d3b433,2026-08-01T07:07:15+00:00,246,111,110,69,8.604,915.2,21,fit:80de1342a3e9944829ab101957c8eddffd3d18cb805507bed707b0e306d3b433:segment:005,5,10723.0,10382,activities/108_260801060832.csv,1,1,0,0
fit:80de1342a3e9944829ab101957c8eddffd3d18cb805507bed707b0e306d3b433,2026-08-01T07:07:16+00:00,247,111,110,69,7.872,916.2,21,fit:80de1342a3e9944829ab101957c8eddffd3d18cb805507bed707b0e306d3b433:segment:005,5,10724.0,10383,activities/108_260801060832.csv,1,1,0,0
fit:80de1342a3e9944829ab101957c8eddffd3d18cb805507bed707b0e306d3b433,2026-08-01T07:07:17+00:00,248,170,110,57,7.089,917.2,21,fit:80de1342a3e9944829ab101957c8eddffd3d18cb805507bed707b0e306d3b433:segment:005,5,10725.0,10384,activities/108_260801060832.csv,1,1,0,0
fit:80de1342a3e9944829ab101957c8eddffd3d18cb805507bed707b0e306d3b433,2026-08-01T07:07:18+00:00,249,127,110,49,6.349,917.8,21,fit:80de1342a3e9944829ab101957c8eddffd3d18cb805507bed707b0e306d3b433:segment:005,5,10726.0,10385,activities/108_260801060832.csv,1,1,0,0
fit:80de1342a3e9944829ab101957c8eddffd3d18cb805507bed707b0e306d3b433,2026-08-01T07:07:19+00:00,250,219,110,49,5.668,918.4000000000001,21,fit:80de1342a3e9944829ab101957c8eddffd3d18cb805507bed707b0e306d3b433:segment:005,5,10727.0,10386,activities/108_260801060832.csv,1,1,0,0
fit:80de1342a3e9944829ab101957c8eddffd3d18cb805507bed707b0e306d3b433,2026-08-01T07:07:20+00:00,251,261,111,44,5.231,919.2,21,fit:80de1342a3e9944829ab101957c8eddffd3d18cb805507bed707b0e306d3b433:segment:005,5,10728.0,10387,activities/108_260801060832.csv,1,1,0,0
fit:80de1342a3e9944829ab101957c8eddffd3d18cb805507bed707b0e306d3b433,2026-08-01T07:07:21+00:00,252,225,112,45,5.065,919.2,21,fit:80de1342a3e9944829ab101957c8eddffd3d18cb805507bed707b0e306d3b433:segment:005,5,10729.0,10388,activities/108_260801060832.csv,1,1,0,0
fit:80de1342a3e9944829ab101957c8eddffd3d18cb805507bed707b0e306d3b433,2026-08-01T07:07:22+00:00,253,226,112,51,5.4,919.2,21,fit:80de1342a3e9944829ab101957c8eddffd3d18cb805507bed707b0e306d3b433:segment:005,5,10730.0,10389,activities/108_260801060832.csv,1,1,0,0
fit:80de1342a3e9944829ab101957c8eddffd3d18cb805507bed707b0e306d3b433,2026-08-01T07:07:23+00:00,254,158,112,56,5.849,919.2,21,fit:80de1342a3e9944829ab101957c8eddffd3d18cb805507bed707b0e306d3b433:segment:005,5,10731.0,10390,activities/108_260801060832.csv,1,1,0,0
fit:80de1342a3e9944829ab101957c8eddffd3d18cb805507bed707b0e306d3b433,2026-08-01T07:07:24+00:00,255,64,112,56,6.135,919.2,21,fit:80de1342a3e9944829ab101957c8eddffd3d18cb805507bed707b0e306d3b433:segment:005,5,10732.0,10391,activities/108_260801060832.csv,1,1,0,0
fit:80de1342a3e9944829ab101957c8eddffd3d18cb805507bed707b0e306d3b433,2026-08-01T07:07:25+00:00,256,276,112,31,6.422,919.2,21,fit:80de1342a3e9944829ab101957c8eddffd3d18cb805507bed707b0e306d3b433:segment:005,5,10733.0,10392,activities/108_260801060832.csv,1,1,0,0
fit:80de1342a3e9944829ab101957c8eddffd3d18cb805507bed707b0e306d3b433,2026-08-01T07:07:26+00:00,257,180,112,64,6.72,918.2,21,fit:80de1342a3e9944829ab101957c8eddffd3d18cb805507bed707b0e306d3b433:segment:005,5,10734.0,10393,activities/108_260801060832.csv,1,1,0,0
fit:80de1342a3e9944829ab101957c8eddffd3d18cb805507bed707b0e306d3b433,2026-08-01T07:07:27+00:00,258,157,112,66,7.039,917.5999999999999,21,fit:80de1342a3e9944829ab101957c8eddffd3d18cb805507bed707b0e306d3b433:segment:005,5,10735.0,10394,activities/108_260801060832.csv,1,1,0,0
fit:80de1342a3e9944829ab101957c8eddffd3d18cb805507bed707b0e306d3b433,2026-08-01T07:07:28+00:00,259,120,113,68,7.253,916.8,21,fit:80de1342a3e9944829ab101957c8eddffd3d18cb805507bed707b0e306d3b433:segment:005,5,10736.0,10395,activities/108_260801060832.csv,1,1,0,0
fit:80de1342a3e9944829ab101957c8eddffd3d18cb805507bed707b0e306d3b433,2026-08-01T07:07:29+00:00,260,131,114,68,7.457,916.8,21,fit:80de1342a3e9944829ab101957c8eddffd3d18cb805507bed707b0e306d3b433:segment:005,5,10737.0,10396,activities/108_260801060832.csv,1,1,0,0
fit:80de1342a3e9944829ab101957c8eddffd3d18cb805507bed707b0e306d3b433,2026-08-01T07:07:30+00:00,261,135,115,70,7.581,916.8,21,fit:80de1342a3e9944829ab101957c8eddffd3d18cb805507bed707b0e306d3b433:segment:005,5,10738.0,10397,activities/108_260801060832.csv,1,1,0,0
fit:80de1342a3e9944829ab101957c8eddffd3d18cb805507bed707b0e306d3b433,2026-08-01T07:07:31+00:00,262,110,116,72,7.613,916.8,21,fit:80de1342a3e9944829ab101957c8eddffd3d18cb805507bed707b0e306d3b433:segment:005,5,10739.0,10398,activities/108_260801060832.csv,1,1,0,0
fit:80de1342a3e9944829ab101957c8eddffd3d18cb805507bed707b0e306d3b433,2026-08-01T07:07:32+00:00,263,110,117,72,7.835,917.2,21,fit:80de1342a3e9944829ab101957c8eddffd3d18cb805507bed707b0e306d3b433:segment:005,5,10740.0,10399,activities/108_260801060832.csv,1,1,0,0
fit:80de1342a3e9944829ab101957c8eddffd3d18cb805507bed707b0e306d3b433,2026-08-01T07:07:33+00:00,264,69,117,72,7.905,917.2,21,fit:80de1342a3e9944829ab101957c8eddffd3d18cb805507bed707b0e306d3b433:segment:005,5,10741.0,10400,activities/108_260801060832.csv,1,1,0,0
fit:80de1342a3e9944829ab101957c8eddffd3d18cb805507bed707b0e306d3b433,2026-08-01T07:07:34+00:00,265,84,117,71,7.932,917.2,21,fit:80de1342a3e9944829ab101957c8eddffd3d18cb805507bed707b0e306d3b433:segment:005,5,10742.0,10401,activities/108_260801060832.csv,1,1,0,0
fit:80de1342a3e9944829ab101957c8eddffd3d18cb805507bed707b0e306d3b433,2026-08-01T07:07:35+00:00,266,103,117,71,7.843,917.2,21,fit:80de1342a3e9944829ab101957c8eddffd3d18cb805507bed707b0e306d3b433:segment:005,5,10743.0,10402,activities/108_260801060832.csv,1,1,0,0
fit:80de1342a3e9944829ab101957c8eddffd3d18cb805507bed707b0e306d3b433,2026-08-01T07:07:36+00:00,267,103,117,70,7.735,917.2,21,fit:80de1342a3e9944829ab101957c8eddffd3d18cb805507bed707b0e306d3b433:segment:005,5,10744.0,10403,activities/108_260801060832.csv,1,1,0,0
fit:80de1342a3e9944829ab101957c8eddffd3d18cb805507bed707b0e306d3b433,2026-08-01T07:07:37+00:00,268,99,117,69,7.657,917.2,21,fit:80de1342a3e9944829ab101957c8eddffd3d18cb805507bed707b0e306d3b433:segment:005,5,10745.0,10404,activities/108_260801060832.csv,1,1,0,0
fit:80de1342a3e9944829ab101957c8eddffd3d18cb805507bed707b0e306d3b433,2026-08-01T07:07:38+00:00,269,100,118,69,7.65,917.0,21,fit:80de1342a3e9944829ab101957c8eddffd3d18cb805507bed707b0e306d3b433:segment:005,5,10746.0,10405,activities/108_260801060832.csv,1,1,0,0
fit:80de1342a3e9944829ab101957c8eddffd3d18cb805507bed707b0e306d3b433,2026-08-01T07:07:39+00:00,270,75,119,69,7.705,916.8,21,fit:80de1342a3e9944829ab101957c8eddffd3d18cb805507bed707b0e306d3b433:segment:005,5,10747.0,10406,activities/108_260801060832.csv,1,1,0,0
fit:80de1342a3e9944829ab101957c8eddffd3d18cb805507bed707b0e306d3b433,2026-08-01T07:07:40+00:00,271,84,120,69,7.792,916.5999999999999,21,fit:80de1342a3e9944829ab101957c8eddffd3d18cb805507bed707b0e306d3b433:segment:005,5,10748.0,10407,activities/108_260801060832.csv,1,1,0,0
fit:80de1342a3e9944829ab101957c8eddffd3d18cb805507bed707b0e306d3b433,2026-08-01T07:07:41+00:00,272,84,120,69,7.792,916.5999999999999,21,fit:80de1342a3e9944829ab101957c8eddffd3d18cb805507bed707b0e306d3b433:segment:005,5,10749.0,10408,activities/108_260801060832.csv,1,1,0,0
fit:80de1342a3e9944829ab101957c8eddffd3d18cb805507bed707b0e306d3b433,2026-08-01T07:07:42+00:00,273,62,122,69,7.639,916.5999999999999,21,fit:80de1342a3e9944829ab101957c8eddffd3d18cb805507bed707b0e306d3b433:segment:005,5,10750.0,10409,activities/108_260801060832.csv,1,1,0,0
fit:80de1342a3e9944829ab101957c8eddffd3d18cb805507bed707b0e306d3b433,2026-08-01T07:07:43+00:00,274,37,123,68,7.731,916.5999999999999,21,fit:80de1342a3e9944829ab101957c8eddffd3d18cb805507bed707b0e306d3b433:segment:005,5,10751.0,10410,activities/108_260801060832.csv,1,1,0,0
fit:80de1342a3e9944829ab101957c8eddffd3d18cb805507bed707b0e306d3b433,2026-08-01T07:07:44+00:00,275,24,123,68,7.579,916.5999999999999,21,fit:80de1342a3e9944829ab101957c8eddffd3d18cb805507bed707b0e306d3b433:segment:005,5,10752.0,10411,activities/108_260801060832.csv,1,1,0,0
fit:80de1342a3e9944829ab101957c8eddffd3d18cb805507bed707b0e306d3b433,2026-08-01T07:07:45+00:00,276,25,123,66,7.541,916.5999999999999,21,fit:80de1342a3e9944829ab101957c8eddffd3d18cb805507bed707b0e306d3b433:segment:005,5,10753.0,10412,activities/108_260801060832.csv,1,1,0,0
fit:80de1342a3e9944829ab101957c8eddffd3d18cb805507bed707b0e306d3b433,2026-08-01T07:07:46+00:00,277,65,123,66,7.437,916.5999999999999,21,fit:80de1342a3e9944829ab101957c8eddffd3d18cb805507bed707b0e306d3b433:segment:005,5,10754.0,10413,activities/108_260801060832.csv,1,1,0,0
fit:80de1342a3e9944829ab101957c8eddffd3d18cb805507bed707b0e306d3b433,2026-08-01T07:07:47+00:00,278,63,123,66,7.334,916.5999999999999,21,fit:80de1342a3e9944829ab101957c8eddffd3d18cb805507bed707b0e306d3b433:segment:005,5,10755.0,10414,activities/108_260801060832.csv,1,1,0,0
fit:80de1342a3e9944829ab101957c8eddffd3d18cb805507bed707b0e306d3b433,2026-08-01T07:07:48+00:00,279,80,123,65,7.154,917.0,21,fit:80de1342a3e9944829ab101957c8eddffd3d18cb805507bed707b0e306d3b433:segment:005,5,10756.0,10415,activities/108_260801060832.csv,1,1,0,0
fit:80de1342a3e9944829ab101957c8eddffd3d18cb805507bed707b0e306d3b433,2026-08-01T07:07:49+00:00,280,100,123,65,6.932,917.0,21,fit:80de1342a3e9944829ab101957c8eddffd3d18cb805507bed707b0e306d3b433:segment:005,5,10757.0,10416,activities/108_260801060832.csv,1,1,0,0
fit:80de1342a3e9944829ab101957c8eddffd3d18cb805507bed707b0e306d3b433,2026-08-01T07:07:50+00:00,281,143,123,65,6.891,917.0,21,fit:80de1342a3e9944829ab101957c8eddffd3d18cb805507bed707b0e306d3b433:segment:005,5,10758.0,10417,activities/108_260801060832.csv,1,1,0,0
fit:80de1342a3e9944829ab101957c8eddffd3d18cb805507bed707b0e306d3b433,2026-08-01T07:07:51+00:00,282,112,122,66,6.995,917.0,21,fit:80de1342a3e9944829ab101957c8eddffd3d18cb805507bed707b0e306d3b433:segment:005,5,10759.0,10418,activities/108_260801060832.csv,1,1,0,0
fit:80de1342a3e9944829ab101957c8eddffd3d18cb805507bed707b0e306d3b433,2026-08-01T07:07:52+00:00,283,134,122,67,7.04,916.4000000000001,21,fit:80de1342a3e9944829ab101957c8eddffd3d18cb805507bed707b0e306d3b433:segment:005,5,10760.0,10419,activities/108_260801060832.csv,1,1,0,0
fit:80de1342a3e9944829ab101957c8eddffd3d18cb805507bed707b0e306d3b433,2026-08-01T07:07:53+00:00,284,124,122,68,7.041,916.4000000000001,21,fit:80de1342a3e9944829ab101957c8eddffd3d18cb805507bed707b0e306d3b433:segment:005,5,10761.0,10420,activities/108_260801060832.csv,1,1,0,0
fit:80de1342a3e9944829ab101957c8eddffd3d18cb805507bed707b0e306d3b433,2026-08-01T07:07:54+00:00,285,130,121,68,7.337,916.4000000000001,21,fit:80de1342a3e9944829ab101957c8eddffd3d18cb805507bed707b0e306d3b433:segment:005,5,10762.0,10421,activities/108_260801060832.csv,1,1,0,0
fit:80de1342a3e9944829ab101957c8eddffd3d18cb805507bed707b0e306d3b433,2026-08-01T07:07:55+00:00,286,157,120,68,7.25,916.4000000000001,21,fit:80de1342a3e9944829ab101957c8eddffd3d18cb805507bed707b0e306d3b433:segment:005,5,10763.0,10422,activities/108_260801060832.csv,1,1,0,0
fit:80de1342a3e9944829ab101957c8eddffd3d18cb805507bed707b0e306d3b433,2026-08-01T07:07:56+00:00,287,163,120,68,7.253,916.4000000000001,21,fit:80de1342a3e9944829ab101957c8eddffd3d18cb805507bed707b0e306d3b433:segment:005,5,10764.0,10423,activities/108_260801060832.csv,1,1,0,0
fit:80de1342a3e9944829ab101957c8eddffd3d18cb805507bed707b0e306d3b433,2026-08-01T07:07:57+00:00,288,116,120,69,7.222,916.4000000000001,21,fit:80de1342a3e9944829ab101957c8eddffd3d18cb805507bed707b0e306d3b433:segment:005,5,10765.0,10424,activities/108_260801060832.csv,1,1,0,0
fit:80de1342a3e9944829ab101957c8eddffd3d18cb805507bed707b0e306d3b433,2026-08-01T07:07:58+00:00,289,105,119,69,7.198,916.4000000000001,21,fit:80de1342a3e9944829ab101957c8eddffd3d18cb805507bed707b0e306d3b433:segment:005,5,10766.0,10425,activities/108_260801060832.csv,1,1,0,0
fit:80de1342a3e9944829ab101957c8eddffd3d18cb805507bed707b0e306d3b433,2026-08-01T07:07:59+00:00,290,63,119,69,7.291,916.4000000000001,21,fit:80de1342a3e9944829ab101957c8eddffd3d18cb805507bed707b0e306d3b433:segment:005,5,10767.0,10426,activities/108_260801060832.csv,1,1,0,0
fit:80de1342a3e9944829ab101957c8eddffd3d18cb805507bed707b0e306d3b433,2026-08-01T07:08:00+00:00,291,71,119,68,7.363,916.4000000000001,21,fit:80de1342a3e9944829ab101957c8eddffd3d18cb805507bed707b0e306d3b433:segment:005,5,10768.0,10427,activities/108_260801060832.csv,1,1,0,0
fit:80de1342a3e9944829ab101957c8eddffd3d18cb805507bed707b0e306d3b433,2026-08-01T07:08:01+00:00,292,72,119,68,7.448,916.4000000000001,21,fit:80de1342a3e9944829ab101957c8eddffd3d18cb805507bed707b0e306d3b433:segment:005,5,10769.0,10428,activities/108_260801060832.csv,1,1,0,0
fit:80de1342a3e9944829ab101957c8eddffd3d18cb805507bed707b0e306d3b433,2026-08-01T07:08:02+00:00,293,64,119,67,7.381,916.4000000000001,21,fit:80de1342a3e9944829ab101957c8eddffd3d18cb805507bed707b0e306d3b433:segment:005,5,10770.0,10429,activities/108_260801060832.csv,1,1,0,0
fit:80de1342a3e9944829ab101957c8eddffd3d18cb805507bed707b0e306d3b433,2026-08-01T07:08:03+00:00,294,67,119,67,7.32,916.4000000000001,21,fit:80de1342a3e9944829ab101957c8eddffd3d18cb805507bed707b0e306d3b433:segment:005,5,10771.0,10430,activities/108_260801060832.csv,1,1,0,0
fit:80de1342a3e9944829ab101957c8eddffd3d18cb805507bed707b0e306d3b433,2026-08-01T07:08:04+00:00,295,67,119,67,7.239,916.4000000000001,21,fit:80de1342a3e9944829ab101957c8eddffd3d18cb805507bed707b0e306d3b433:segment:005,5,10772.0,10431,activities/108_260801060832.csv,1,1,0,0
fit:80de1342a3e9944829ab101957c8eddffd3d18cb805507bed707b0e306d3b433,2026-08-01T07:08:05+00:00,296,67,118,67,7.079,916.4000000000001,21,fit:80de1342a3e9944829ab101957c8eddffd3d18cb805507bed707b0e306d3b433:segment:005,5,10773.0,10432,activities/108_260801060832.csv,1,1,0,0
fit:80de1342a3e9944829ab101957c8eddffd3d18cb805507bed707b0e306d3b433,2026-08-01T07:08:06+00:00,297,22,117,0,7.017,917.0,21,fit:80de1342a3e9944829ab101957c8eddffd3d18cb805507bed707b0e306d3b433:segment:005,5,10774.0,10433,activities/108_260801060832.csv,1,1,0,0
fit:80de1342a3e9944829ab101957c8eddffd3d18cb805507bed707b0e306d3b433,2026-08-01T07:08:07+00:00,298,22,117,61,6.904,917.0,21,fit:80de1342a3e9944829ab101957c8eddffd3d18cb805507bed707b0e306d3b433:segment:005,5,10775.0,10434,activities/108_260801060832.csv,1,1,0,0
fit:80de1342a3e9944829ab101957c8eddffd3d18cb805507bed707b0e306d3b433,2026-08-01T07:08:08+00:00,299,83,116,62,6.887,917.0,21,fit:80de1342a3e9944829ab101957c8eddffd3d18cb805507bed707b0e306d3b433:segment:005,5,10776.0,10435,activities/108_260801060832.csv,1,1,0,0
fit:80de1342a3e9944829ab101957c8eddffd3d18cb805507bed707b0e306d3b433,2026-08-01T07:08:09+00:00,300,133,115,62,6.887,917.0,21,fit:80de1342a3e9944829ab101957c8eddffd3d18cb805507bed707b0e306d3b433:segment:005,5,10777.0,10436,activities/108_260801060832.csv,1,1,0,0
fit:80de1342a3e9944829ab101957c8eddffd3d18cb805507bed707b0e306d3b433,2026-08-01T07:08:10+00:00,301,126,114,63,6.862,917.0,21,fit:80de1342a3e9944829ab101957c8eddffd3d18cb805507bed707b0e306d3b433:segment:005,5,10778.0,10437,activities/108_260801060832.csv,1,1,0,0
fit:80de1342a3e9944829ab101957c8eddffd3d18cb805507bed707b0e306d3b433,2026-08-01T07:08:11+00:00,302,96,113,65,6.896,917.0,21,fit:80de1342a3e9944829ab101957c8eddffd3d18cb805507bed707b0e306d3b433:segment:005,5,10779.0,10438,activities/108_260801060832.csv,1,1,0,0
fit:80de1342a3e9944829ab101957c8eddffd3d18cb805507bed707b0e306d3b433,2026-08-01T07:08:12+00:00,303,96,112,66,7.085,916.2,21,fit:80de1342a3e9944829ab101957c8eddffd3d18cb805507bed707b0e306d3b433:segment:005,5,10780.0,10439,activities/108_260801060832.csv,1,1,0,0
fit:80de1342a3e9944829ab101957c8eddffd3d18cb805507bed707b0e306d3b433,2026-08-01T07:08:13+00:00,304,96,111,66,7.053,916.0,21,fit:80de1342a3e9944829ab101957c8eddffd3d18cb805507bed707b0e306d3b433:segment:005,5,10781.0,10440,activities/108_260801060832.csv,1,1,0,0
fit:80de1342a3e9944829ab101957c8eddffd3d18cb805507bed707b0e306d3b433,2026-08-01T07:08:14+00:00,305,96,110,66,7.372,916.0,21,fit:80de1342a3e9944829ab101957c8eddffd3d18cb805507bed707b0e306d3b433:segment:005,5,10782.0,10441,activities/108_260801060832.csv,1,1,0,0
fit:80de1342a3e9944829ab101957c8eddffd3d18cb805507bed707b0e306d3b433,2026-08-01T07:08:15+00:00,306,0,110,0,7.268,916.0,21,fit:80de1342a3e9944829ab101957c8eddffd3d18cb805507bed707b0e306d3b433:segment:005,5,10783.0,10442,activities/108_260801060832.csv,1,1,0,0
fit:80de1342a3e9944829ab101957c8eddffd3d18cb805507bed707b0e306d3b433,2026-08-01T07:08:16+00:00,307,0,110,0,7.365,916.0,21,fit:80de1342a3e9944829ab101957c8eddffd3d18cb805507bed707b0e306d3b433:segment:005,5,10784.0,10443,activities/108_260801060832.csv,1,1,0,0
fit:80de1342a3e9944829ab101957c8eddffd3d18cb805507bed707b0e306d3b433,2026-08-01T07:08:17+00:00,308,0,110,0,7.33,916.0,21,fit:80de1342a3e9944829ab101957c8eddffd3d18cb805507bed707b0e306d3b433:segment:005,5,10785.0,10444,activities/108_260801060832.csv,1,1,0,0
fit:80de1342a3e9944829ab101957c8eddffd3d18cb805507bed707b0e306d3b433,2026-08-01T07:08:18+00:00,309,0,109,0,7.265,915.5999999999999,21,fit:80de1342a3e9944829ab101957c8eddffd3d18cb805507bed707b0e306d3b433:segment:005,5,10786.0,10445,activities/108_260801060832.csv,1,1,0,0
fit:80de1342a3e9944829ab101957c8eddffd3d18cb805507bed707b0e306d3b433,2026-08-01T07:08:19+00:00,310,0,109,0,7.29,915.4000000000001,21,fit:80de1342a3e9944829ab101957c8eddffd3d18cb805507bed707b0e306d3b433:segment:005,5,10787.0,10446,activities/108_260801060832.csv,1,1,0,0
fit:80de1342a3e9944829ab101957c8eddffd3d18cb805507bed707b0e306d3b433,2026-08-01T07:08:20+00:00,311,0,109,0,7.112,915.4000000000001,21,fit:80de1342a3e9944829ab101957c8eddffd3d18cb805507bed707b0e306d3b433:segment:005,5,10788.0,10447,activities/108_260801060832.csv,1,1,0,0
fit:80de1342a3e9944829ab101957c8eddffd3d18cb805507bed707b0e306d3b433,2026-08-01T07:08:21+00:00,312,0,108,0,6.976,915.4000000000001,21,fit:80de1342a3e9944829ab101957c8eddffd3d18cb805507bed707b0e306d3b433:segment:005,5,10789.0,10448,activities/108_260801060832.csv,1,1,0,0
fit:80de1342a3e9944829ab101957c8eddffd3d18cb805507bed707b0e306d3b433,2026-08-01T07:08:22+00:00,313,0,108,0,6.844,915.4000000000001,21,fit:80de1342a3e9944829ab101957c8eddffd3d18cb805507bed707b0e306d3b433:segment:005,5,10790.0,10449,activities/108_260801060832.csv,1,1,0,0
fit:80de1342a3e9944829ab101957c8eddffd3d18cb805507bed707b0e306d3b433,2026-08-01T07:08:23+00:00,314,166,108,63,6.835,915.4000000000001,20,fit:80de1342a3e9944829ab101957c8eddffd3d18cb805507bed707b0e306d3b433:segment:005,5,10791.0,10450,activities/108_260801060832.csv,1,1,0,0
fit:80de1342a3e9944829ab101957c8eddffd3d18cb805507bed707b0e306d3b433,2026-08-01T07:08:24+00:00,315,173,108,65,6.969,915.4000000000001,20,fit:80de1342a3e9944829ab101957c8eddffd3d18cb805507bed707b0e306d3b433:segment:005,5,10792.0,10451,activities/108_260801060832.csv,1,1,0,0
fit:80de1342a3e9944829ab101957c8eddffd3d18cb805507bed707b0e306d3b433,2026-08-01T07:08:25+00:00,316,149,108,65,7.172,915.4000000000001,20,fit:80de1342a3e9944829ab101957c8eddffd3d18cb805507bed707b0e306d3b433:segment:005,5,10793.0,10452,activities/108_260801060832.csv,1,1,0,0
fit:80de1342a3e9944829ab101957c8eddffd3d18cb805507bed707b0e306d3b433,2026-08-01T07:08:26+00:00,317,63,108,67,7.367,915.4000000000001,20,fit:80de1342a3e9944829ab101957c8eddffd3d18cb805507bed707b0e306d3b433:segment:005,5,10794.0,10453,activities/108_260801060832.csv,1,1,0,0
fit:80de1342a3e9944829ab101957c8eddffd3d18cb805507bed707b0e306d3b433,2026-08-01T07:08:27+00:00,318,64,108,67,7.41,915.4000000000001,20,fit:80de1342a3e9944829ab101957c8eddffd3d18cb805507bed707b0e306d3b433:segment:005,5,10795.0,10454,activities/108_260801060832.csv,1,1,0,0
fit:80de1342a3e9944829ab101957c8eddffd3d18cb805507bed707b0e306d3b433,2026-08-01T07:08:28+00:00,319,52,109,67,7.431,915.4000000000001,20,fit:80de1342a3e9944829ab101957c8eddffd3d18cb805507bed707b0e306d3b433:segment:005,5,10796.0,10455,activities/108_260801060832.csv,1,1,0,0
fit:80de1342a3e9944829ab101957c8eddffd3d18cb805507bed707b0e306d3b433,2026-08-01T07:08:29+00:00,320,46,109,66,7.384,915.2,20,fit:80de1342a3e9944829ab101957c8eddffd3d18cb805507bed707b0e306d3b433:segment:005,5,10797.0,10456,activities/108_260801060832.csv,1,1,0,0
fit:80de1342a3e9944829ab101957c8eddffd3d18cb805507bed707b0e306d3b433,2026-08-01T07:08:30+00:00,321,58,109,66,7.363,915.0,20,fit:80de1342a3e9944829ab101957c8eddffd3d18cb805507bed707b0e306d3b433:segment:005,5,10798.0,10457,activities/108_260801060832.csv,1,1,0,0
fit:80de1342a3e9944829ab101957c8eddffd3d18cb805507bed707b0e306d3b433,2026-08-01T07:08:31+00:00,322,58,109,67,7.259,914.5999999999999,20,fit:80de1342a3e9944829ab101957c8eddffd3d18cb805507bed707b0e306d3b433:segment:005,5,10799.0,10458,activities/108_260801060832.csv,1,1,0,0
fit:80de1342a3e9944829ab101957c8eddffd3d18cb805507bed707b0e306d3b433,2026-08-01T07:08:32+00:00,323,42,109,66,7.38,914.5999999999999,20,fit:80de1342a3e9944829ab101957c8eddffd3d18cb805507bed707b0e306d3b433:segment:005,5,10800.0,10459,activities/108_260801060832.csv,1,1,0,0
fit:80de1342a3e9944829ab101957c8eddffd3d18cb805507bed707b0e306d3b433,2026-08-01T07:08:33+00:00,324,46,107,66,7.409,914.5999999999999,20,fit:80de1342a3e9944829ab101957c8eddffd3d18cb805507bed707b0e306d3b433:segment:005,5,10801.0,10460,activities/108_260801060832.csv,1,1,0,0
fit:80de1342a3e9944829ab101957c8eddffd3d18cb805507bed707b0e306d3b433,2026-08-01T07:08:34+00:00,325,54,106,67,7.368,914.5999999999999,20,fit:80de1342a3e9944829ab101957c8eddffd3d18cb805507bed707b0e306d3b433:segment:005,5,10802.0,10461,activities/108_260801060832.csv,1,1,0,0
fit:80de1342a3e9944829ab101957c8eddffd3d18cb805507bed707b0e306d3b433,2026-08-01T07:08:35+00:00,326,54,106,67,7.324,914.5999999999999,20,fit:80de1342a3e9944829ab101957c8eddffd3d18cb805507bed707b0e306d3b433:segment:005,5,10803.0,10462,activities/108_260801060832.csv,1,1,0,0
fit:80de1342a3e9944829ab101957c8eddffd3d18cb805507bed707b0e306d3b433,2026-08-01T07:08:36+00:00,327,58,104,67,7.349,914.5999999999999,20,fit:80de1342a3e9944829ab101957c8eddffd3d18cb805507bed707b0e306d3b433:segment:005,5,10804.0,10463,activities/108_260801060832.csv,1,1,0,0
fit:80de1342a3e9944829ab101957c8eddffd3d18cb805507bed707b0e306d3b433,2026-08-01T07:08:37+00:00,328,61,103,67,7.456,914.5999999999999,20,fit:80de1342a3e9944829ab101957c8eddffd3d18cb805507bed707b0e306d3b433:segment:005,5,10805.0,10464,activities/108_260801060832.csv,1,1,0,0
fit:80de1342a3e9944829ab101957c8eddffd3d18cb805507bed707b0e306d3b433,2026-08-01T07:08:38+00:00,329,61,103,67,7.297,914.5999999999999,20,fit:80de1342a3e9944829ab101957c8eddffd3d18cb805507bed707b0e306d3b433:segment:005,5,10806.0,10465,activities/108_260801060832.csv,1,1,0,0
fit:80de1342a3e9944829ab101957c8eddffd3d18cb805507bed707b0e306d3b433,2026-08-01T07:08:39+00:00,330,73,103,67,7.214,914.5999999999999,20,fit:80de1342a3e9944829ab101957c8eddffd3d18cb805507bed707b0e306d3b433:segment:005,5,10807.0,10466,activities/108_260801060832.csv,1,1,0,0
fit:80de1342a3e9944829ab101957c8eddffd3d18cb805507bed707b0e306d3b433,2026-08-01T07:08:40+00:00,331,77,103,68,7.31,914.5999999999999,20,fit:80de1342a3e9944829ab101957c8eddffd3d18cb805507bed707b0e306d3b433:segment:005,5,10808.0,10467,activities/108_260801060832.csv,1,1,0,0
fit:80de1342a3e9944829ab101957c8eddffd3d18cb805507bed707b0e306d3b433,2026-08-01T07:08:41+00:00,332,49,103,68,7.314,914.5999999999999,20,fit:80de1342a3e9944829ab101957c8eddffd3d18cb805507bed707b0e306d3b433:segment:005,5,10809.0,10468,activities/108_260801060832.csv,1,1,0,0
fit:80de1342a3e9944829ab101957c8eddffd3d18cb805507bed707b0e306d3b433,2026-08-01T07:08:42+00:00,333,49,103,69,7.383,914.0,20,fit:80de1342a3e9944829ab101957c8eddffd3d18cb805507bed707b0e306d3b433:segment:005,5,10810.0,10469,activities/108_260801060832.csv,1,1,0,0
fit:80de1342a3e9944829ab101957c8eddffd3d18cb805507bed707b0e306d3b433,2026-08-01T07:08:43+00:00,334,49,104,69,7.455,914.0,20,fit:80de1342a3e9944829ab101957c8eddffd3d18cb805507bed707b0e306d3b433:segment:005,5,10811.0,10470,activities/108_260801060832.csv,1,1,0,0
fit:80de1342a3e9944829ab101957c8eddffd3d18cb805507bed707b0e306d3b433,2026-08-01T07:08:44+00:00,335,53,105,69,7.662,914.0,20,fit:80de1342a3e9944829ab101957c8eddffd3d18cb805507bed707b0e306d3b433:segment:005,5,10812.0,10471,activities/108_260801060832.csv,1,1,0,0
fit:80de1342a3e9944829ab101957c8eddffd3d18cb805507bed707b0e306d3b433,2026-08-01T07:08:45+00:00,336,53,105,69,7.675,914.0,20,fit:80de1342a3e9944829ab101957c8eddffd3d18cb805507bed707b0e306d3b433:segment:005,5,10813.0,10472,activities/108_260801060832.csv,1,1,0,0
fit:80de1342a3e9944829ab101957c8eddffd3d18cb805507bed707b0e306d3b433,2026-08-01T07:08:46+00:00,337,53,105,69,7.535,914.0,20,fit:80de1342a3e9944829ab101957c8eddffd3d18cb805507bed707b0e306d3b433:segment:005,5,10814.0,10473,activities/108_260801060832.csv,1,1,0,0
fit:80de1342a3e9944829ab101957c8eddffd3d18cb805507bed707b0e306d3b433,2026-08-01T07:08:47+00:00,338,53,105,69,7.066,914.0,20,fit:80de1342a3e9944829ab101957c8eddffd3d18cb805507bed707b0e306d3b433:segment:005,5,10815.0,10474,activities/108_260801060832.csv,1,1,0,0
fit:80de1342a3e9944829ab101957c8eddffd3d18cb805507bed707b0e306d3b433,2026-08-01T07:08:48+00:00,339,50,105,69,6.99,914.2,20,fit:80de1342a3e9944829ab101957c8eddffd3d18cb805507bed707b0e306d3b433:segment:005,5,10816.0,10475,activities/108_260801060832.csv,1,1,0,0
fit:80de1342a3e9944829ab101957c8eddffd3d18cb805507bed707b0e306d3b433,2026-08-01T07:08:49+00:00,340,46,104,66,6.568,914.5999999999999,20,fit:80de1342a3e9944829ab101957c8eddffd3d18cb805507bed707b0e306d3b433:segment:005,5,10817.0,10476,activities/108_260801060832.csv,1,1,0,0
fit:80de1342a3e9944829ab101957c8eddffd3d18cb805507bed707b0e306d3b433,2026-08-01T07:08:50+00:00,341,0,104,63,6.075,915.0,20,fit:80de1342a3e9944829ab101957c8eddffd3d18cb805507bed707b0e306d3b433:segment:005,5,10818.0,10477,activities/108_260801060832.csv,1,1,0,0
fit:80de1342a3e9944829ab101957c8eddffd3d18cb805507bed707b0e306d3b433,2026-08-01T07:08:51+00:00,342,0,104,0,5.222,915.0,20,fit:80de1342a3e9944829ab101957c8eddffd3d18cb805507bed707b0e306d3b433:segment:005,5,10819.0,10478,activities/108_260801060832.csv,1,1,0,0
fit:80de1342a3e9944829ab101957c8eddffd3d18cb805507bed707b0e306d3b433,2026-08-01T07:08:52+00:00,343,0,104,0,4.473,915.0,20,fit:80de1342a3e9944829ab101957c8eddffd3d18cb805507bed707b0e306d3b433:segment:005,5,10820.0,10479,activities/108_260801060832.csv,1,1,0,0
fit:80de1342a3e9944829ab101957c8eddffd3d18cb805507bed707b0e306d3b433,2026-08-01T07:08:53+00:00,344,0,104,0,3.553,915.0,20,fit:80de1342a3e9944829ab101957c8eddffd3d18cb805507bed707b0e306d3b433:segment:005,5,10821.0,10480,activities/108_260801060832.csv,1,1,0,0
fit:80de1342a3e9944829ab101957c8eddffd3d18cb805507bed707b0e306d3b433,2026-08-01T07:08:54+00:00,345,0,104,0,2.143,915.0,20,fit:80de1342a3e9944829ab101957c8eddffd3d18cb805507bed707b0e306d3b433:segment:005,5,10822.0,10481,activities/108_260801060832.csv,1,1,0,0
fit:80de1342a3e9944829ab101957c8eddffd3d18cb805507bed707b0e306d3b433,2026-08-01T07:08:55+00:00,346,0,104,0,0.0,915.0,20,fit:80de1342a3e9944829ab101957c8eddffd3d18cb805507bed707b0e306d3b433:segment:005,5,10823.0,10482,activities/108_260801060832.csv,1,1,0,0
fit:80de1342a3e9944829ab101957c8eddffd3d18cb805507bed707b0e306d3b433,2026-08-01T07:08:56+00:00,347,0,105,0,0.0,915.0,20,fit:80de1342a3e9944829ab101957c8eddffd3d18cb805507bed707b0e306d3b433:segment:005,5,10824.0,10483,activities/108_260801060832.csv,1,1,0,0
