activity_id,timestamp,elapsed_seconds,power_w,heart_rate_bpm,cadence_rpm,speed_m_s,altitude_m,temperature_c,segment_id,segment_number,source_elapsed_seconds,source_row_index,source_file,activity_split,segment_selected_from_activity,power_missing,hr_missing
fit:06ab469a75256944c36383c4817288da1db87343fd8245e2c210fa0583dba5c2,2025-10-11T09:54:13+00:00,0,291,129,22,1.534,12.200000000000045,23,fit:06ab469a75256944c36383c4817288da1db87343fd8245e2c210fa0583dba5c2:segment:007,7,13174.0,12765,activities/049_251011081438.csv,1,1,0,0
fit:06ab469a75256944c36383c4817288da1db87343fd8245e2c210fa0583dba5c2,2025-10-11T09:54:14+00:00,1,266,129,38,1.293,12.200000000000045,23,fit:06ab469a75256944c36383c4817288da1db87343fd8245e2c210fa0583dba5c2:segment:007,7,13175.0,12766,activities/049_251011081438.csv,1,1,0,0
fit:06ab469a75256944c36383c4817288da1db87343fd8245e2c210fa0583dba5c2,2025-10-11T09:54:15+00:00,2,266,129,47,2.393,12.0,23,fit:06ab469a75256944c36383c4817288da1db87343fd8245e2c210fa0583dba5c2:segment:007,7,13176.0,12767,activities/049_251011081438.csv,1,1,0,0
fit:06ab469a75256944c36383c4817288da1db87343fd8245e2c210fa0583dba5c2,2025-10-11T09:54:16+00:00,3,293,130,51,3.526,12.0,23,fit:06ab469a75256944c36383c4817288da1db87343fd8245e2c210fa0583dba5c2:segment:007,7,13177.0,12768,activities/049_251011081438.csv,1,1,0,0
fit:06ab469a75256944c36383c4817288da1db87343fd8245e2c210fa0583dba5c2,2025-10-11T09:54:17+00:00,4,310,131,54,3.152,12.0,23,fit:06ab469a75256944c36383c4817288da1db87343fd8245e2c210fa0583dba5c2:segment:007,7,13178.0,12769,activities/049_251011081438.csv,1,1,0,0
fit:06ab469a75256944c36383c4817288da1db87343fd8245e2c210fa0583dba5c2,2025-10-11T09:54:18+00:00,5,310,131,56,2.324,12.0,23,fit:06ab469a75256944c36383c4817288da1db87343fd8245e2c210fa0583dba5c2:segment:007,7,13179.0,12770,activities/049_251011081438.csv,1,1,0,0
fit:06ab469a75256944c36383c4817288da1db87343fd8245e2c210fa0583dba5c2,2025-10-11T09:54:19+00:00,6,319,132,58,1.748,12.200000000000045,23,fit:06ab469a75256944c36383c4817288da1db87343fd8245e2c210fa0583dba5c2:segment:007,7,13180.0,12771,activities/049_251011081438.csv,1,1,0,0
fit:06ab469a75256944c36383c4817288da1db87343fd8245e2c210fa0583dba5c2,2025-10-11T09:54:20+00:00,7,304,133,58,1.852,12.200000000000045,23,fit:06ab469a75256944c36383c4817288da1db87343fd8245e2c210fa0583dba5c2:segment:007,7,13181.0,12772,activities/049_251011081438.csv,1,1,0,0
fit:06ab469a75256944c36383c4817288da1db87343fd8245e2c210fa0583dba5c2,2025-10-11T09:54:21+00:00,8,283,135,58,2.367,12.200000000000045,23,fit:06ab469a75256944c36383c4817288da1db87343fd8245e2c210fa0583dba5c2:segment:007,7,13182.0,12773,activities/049_251011081438.csv,1,1,0,0
fit:06ab469a75256944c36383c4817288da1db87343fd8245e2c210fa0583dba5c2,2025-10-11T09:54:22+00:00,9,285,135,61,3.108,12.200000000000045,23,fit:06ab469a75256944c36383c4817288da1db87343fd8245e2c210fa0583dba5c2:segment:007,7,13183.0,12774,activities/049_251011081438.csv,1,1,0,0
fit:06ab469a75256944c36383c4817288da1db87343fd8245e2c210fa0583dba5c2,2025-10-11T09:54:23+00:00,10,285,137,63,4.098,14.799999999999955,23,fit:06ab469a75256944c36383c4817288da1db87343fd8245e2c210fa0583dba5c2:segment:007,7,13184.0,12775,activities/049_251011081438.csv,1,1,0,0
fit:06ab469a75256944c36383c4817288da1db87343fd8245e2c210fa0583dba5c2,2025-10-11T09:54:24+00:00,11,252,139,63,4.726,14.799999999999955,23,fit:06ab469a75256944c36383c4817288da1db87343fd8245e2c210fa0583dba5c2:segment:007,7,13185.0,12776,activities/049_251011081438.csv,1,1,0,0
fit:06ab469a75256944c36383c4817288da1db87343fd8245e2c210fa0583dba5c2,2025-10-11T09:54:25+00:00,12,208,142,65,5.385,14.799999999999955,23,fit:06ab469a75256944c36383c4817288da1db87343fd8245e2c210fa0583dba5c2:segment:007,7,13186.0,12777,activities/049_251011081438.csv,1,1,0,0
fit:06ab469a75256944c36383c4817288da1db87343fd8245e2c210fa0583dba5c2,2025-10-11T09:54:26+00:00,13,61,145,67,5.767,13.799999999999955,23,fit:06ab469a75256944c36383c4817288da1db87343fd8245e2c210fa0583dba5c2:segment:007,7,13187.0,12778,activities/049_251011081438.csv,1,1,0,0
fit:06ab469a75256944c36383c4817288da1db87343fd8245e2c210fa0583dba5c2,2025-10-11T09:54:27+00:00,14,229,145,37,6.156,13.200000000000045,23,fit:06ab469a75256944c36383c4817288da1db87343fd8245e2c210fa0583dba5c2:segment:007,7,13188.0,12779,activities/049_251011081438.csv,1,1,0,0
fit:06ab469a75256944c36383c4817288da1db87343fd8245e2c210fa0583dba5c2,2025-10-11T09:54:28+00:00,15,214,147,70,6.553,13.200000000000045,23,fit:06ab469a75256944c36383c4817288da1db87343fd8245e2c210fa0583dba5c2:segment:007,7,13189.0,12780,activities/049_251011081438.csv,1,1,0,0
fit:06ab469a75256944c36383c4817288da1db87343fd8245e2c210fa0583dba5c2,2025-10-11T09:54:29+00:00,16,103,149,70,6.789,13.200000000000045,23,fit:06ab469a75256944c36383c4817288da1db87343fd8245e2c210fa0583dba5c2:segment:007,7,13190.0,12781,activities/049_251011081438.csv,1,1,0,0
fit:06ab469a75256944c36383c4817288da1db87343fd8245e2c210fa0583dba5c2,2025-10-11T09:54:30+00:00,17,76,151,71,6.946,13.200000000000045,23,fit:06ab469a75256944c36383c4817288da1db87343fd8245e2c210fa0583dba5c2:segment:007,7,13191.0,12782,activities/049_251011081438.csv,1,1,0,0
fit:06ab469a75256944c36383c4817288da1db87343fd8245e2c210fa0583dba5c2,2025-10-11T09:54:31+00:00,18,77,153,71,6.952,12.200000000000045,23,fit:06ab469a75256944c36383c4817288da1db87343fd8245e2c210fa0583dba5c2:segment:007,7,13192.0,12783,activities/049_251011081438.csv,1,1,0,0
fit:06ab469a75256944c36383c4817288da1db87343fd8245e2c210fa0583dba5c2,2025-10-11T09:54:32+00:00,19,13,154,71,6.999,12.200000000000045,23,fit:06ab469a75256944c36383c4817288da1db87343fd8245e2c210fa0583dba5c2:segment:007,7,13193.0,12784,activities/049_251011081438.csv,1,1,0,0
fit:06ab469a75256944c36383c4817288da1db87343fd8245e2c210fa0583dba5c2,2025-10-11T09:54:33+00:00,20,13,155,35,6.975,12.200000000000045,23,fit:06ab469a75256944c36383c4817288da1db87343fd8245e2c210fa0583dba5c2:segment:007,7,13194.0,12785,activities/049_251011081438.csv,1,1,0,0
fit:06ab469a75256944c36383c4817288da1db87343fd8245e2c210fa0583dba5c2,2025-10-11T09:54:34+00:00,21,13,155,35,6.904,12.799999999999955,23,fit:06ab469a75256944c36383c4817288da1db87343fd8245e2c210fa0583dba5c2:segment:007,7,13195.0,12786,activities/049_251011081438.csv,1,1,0,0
fit:06ab469a75256944c36383c4817288da1db87343fd8245e2c210fa0583dba5c2,2025-10-11T09:54:35+00:00,22,13,155,35,6.304,13.200000000000045,23,fit:06ab469a75256944c36383c4817288da1db87343fd8245e2c210fa0583dba5c2:segment:007,7,13196.0,12787,activities/049_251011081438.csv,1,1,0,0
fit:06ab469a75256944c36383c4817288da1db87343fd8245e2c210fa0583dba5c2,2025-10-11T09:54:36+00:00,23,16,155,35,5.666,13.200000000000045,23,fit:06ab469a75256944c36383c4817288da1db87343fd8245e2c210fa0583dba5c2:segment:007,7,13197.0,12788,activities/049_251011081438.csv,1,1,0,0
fit:06ab469a75256944c36383c4817288da1db87343fd8245e2c210fa0583dba5c2,2025-10-11T09:54:37+00:00,24,185,154,53,5.324,13.200000000000045,23,fit:06ab469a75256944c36383c4817288da1db87343fd8245e2c210fa0583dba5c2:segment:007,7,13198.0,12789,activities/049_251011081438.csv,1,1,0,0
fit:06ab469a75256944c36383c4817288da1db87343fd8245e2c210fa0583dba5c2,2025-10-11T09:54:38+00:00,25,186,153,53,5.312,13.200000000000045,23,fit:06ab469a75256944c36383c4817288da1db87343fd8245e2c210fa0583dba5c2:segment:007,7,13199.0,12790,activities/049_251011081438.csv,1,1,0,0
fit:06ab469a75256944c36383c4817288da1db87343fd8245e2c210fa0583dba5c2,2025-10-11T09:54:39+00:00,26,189,153,53,5.387,13.200000000000045,23,fit:06ab469a75256944c36383c4817288da1db87343fd8245e2c210fa0583dba5c2:segment:007,7,13200.0,12791,activities/049_251011081438.csv,1,1,0,0
fit:06ab469a75256944c36383c4817288da1db87343fd8245e2c210fa0583dba5c2,2025-10-11T09:54:40+00:00,27,164,152,60,5.553,13.200000000000045,23,fit:06ab469a75256944c36383c4817288da1db87343fd8245e2c210fa0583dba5c2:segment:007,7,13201.0,12792,activities/049_251011081438.csv,1,1,0,0
fit:06ab469a75256944c36383c4817288da1db87343fd8245e2c210fa0583dba5c2,2025-10-11T09:54:41+00:00,28,195,152,62,5.741,13.200000000000045,23,fit:06ab469a75256944c36383c4817288da1db87343fd8245e2c210fa0583dba5c2:segment:007,7,13202.0,12793,activities/049_251011081438.csv,1,1,0,0
fit:06ab469a75256944c36383c4817288da1db87343fd8245e2c210fa0583dba5c2,2025-10-11T09:54:42+00:00,29,116,152,66,5.94,13.200000000000045,23,fit:06ab469a75256944c36383c4817288da1db87343fd8245e2c210fa0583dba5c2:segment:007,7,13203.0,12794,activities/049_251011081438.csv,1,1,0,0
fit:06ab469a75256944c36383c4817288da1db87343fd8245e2c210fa0583dba5c2,2025-10-11T09:54:43+00:00,30,117,151,67,6.208,13.799999999999955,23,fit:06ab469a75256944c36383c4817288da1db87343fd8245e2c210fa0583dba5c2:segment:007,7,13204.0,12795,activities/049_251011081438.csv,1,1,0,0
fit:06ab469a75256944c36383c4817288da1db87343fd8245e2c210fa0583dba5c2,2025-10-11T09:54:44+00:00,31,105,149,67,6.34,13.799999999999955,23,fit:06ab469a75256944c36383c4817288da1db87343fd8245e2c210fa0583dba5c2:segment:007,7,13205.0,12796,activities/049_251011081438.csv,1,1,0,0
fit:06ab469a75256944c36383c4817288da1db87343fd8245e2c210fa0583dba5c2,2025-10-11T09:54:45+00:00,32,98,147,67,6.567,13.799999999999955,23,fit:06ab469a75256944c36383c4817288da1db87343fd8245e2c210fa0583dba5c2:segment:007,7,13206.0,12797,activities/049_251011081438.csv,1,1,0,0
fit:06ab469a75256944c36383c4817288da1db87343fd8245e2c210fa0583dba5c2,2025-10-11T09:54:46+00:00,33,99,145,67,6.645,13.799999999999955,23,fit:06ab469a75256944c36383c4817288da1db87343fd8245e2c210fa0583dba5c2:segment:007,7,13207.0,12798,activities/049_251011081438.csv,1,1,0,0
fit:06ab469a75256944c36383c4817288da1db87343fd8245e2c210fa0583dba5c2,2025-10-11T09:54:47+00:00,34,99,145,67,6.728,13.399999999999977,23,fit:06ab469a75256944c36383c4817288da1db87343fd8245e2c210fa0583dba5c2:segment:007,7,13208.0,12799,activities/049_251011081438.csv,1,1,0,0
fit:06ab469a75256944c36383c4817288da1db87343fd8245e2c210fa0583dba5c2,2025-10-11T09:54:48+00:00,35,99,143,67,6.482,13.399999999999977,23,fit:06ab469a75256944c36383c4817288da1db87343fd8245e2c210fa0583dba5c2:segment:007,7,13209.0,12800,activities/049_251011081438.csv,1,1,0,0
fit:06ab469a75256944c36383c4817288da1db87343fd8245e2c210fa0583dba5c2,2025-10-11T09:54:49+00:00,36,91,141,67,6.426,13.399999999999977,23,fit:06ab469a75256944c36383c4817288da1db87343fd8245e2c210fa0583dba5c2:segment:007,7,13210.0,12801,activities/049_251011081438.csv,1,1,0,0
fit:06ab469a75256944c36383c4817288da1db87343fd8245e2c210fa0583dba5c2,2025-10-11T09:54:50+00:00,37,10,140,63,6.233,13.399999999999977,23,fit:06ab469a75256944c36383c4817288da1db87343fd8245e2c210fa0583dba5c2:segment:007,7,13211.0,12802,activities/049_251011081438.csv,1,1,0,0
fit:06ab469a75256944c36383c4817288da1db87343fd8245e2c210fa0583dba5c2,2025-10-11T09:54:51+00:00,38,10,139,0,6.102,13.0,23,fit:06ab469a75256944c36383c4817288da1db87343fd8245e2c210fa0583dba5c2:segment:007,7,13212.0,12803,activities/049_251011081438.csv,1,1,0,0
fit:06ab469a75256944c36383c4817288da1db87343fd8245e2c210fa0583dba5c2,2025-10-11T09:54:52+00:00,39,228,139,0,6.108,13.0,23,fit:06ab469a75256944c36383c4817288da1db87343fd8245e2c210fa0583dba5c2:segment:007,7,13213.0,12804,activities/049_251011081438.csv,1,1,0,0
fit:06ab469a75256944c36383c4817288da1db87343fd8245e2c210fa0583dba5c2,2025-10-11T09:54:53+00:00,40,221,137,66,6.026,13.0,23,fit:06ab469a75256944c36383c4817288da1db87343fd8245e2c210fa0583dba5c2:segment:007,7,13214.0,12805,activities/049_251011081438.csv,1,1,0,0
fit:06ab469a75256944c36383c4817288da1db87343fd8245e2c210fa0583dba5c2,2025-10-11T09:54:54+00:00,41,191,137,66,6.165,13.0,23,fit:06ab469a75256944c36383c4817288da1db87343fd8245e2c210fa0583dba5c2:segment:007,7,13215.0,12806,activities/049_251011081438.csv,1,1,0,0
fit:06ab469a75256944c36383c4817288da1db87343fd8245e2c210fa0583dba5c2,2025-10-11T09:54:55+00:00,42,151,137,68,6.315,13.0,23,fit:06ab469a75256944c36383c4817288da1db87343fd8245e2c210fa0583dba5c2:segment:007,7,13216.0,12807,activities/049_251011081438.csv,1,1,0,0
fit:06ab469a75256944c36383c4817288da1db87343fd8245e2c210fa0583dba5c2,2025-10-11T09:54:56+00:00,43,151,137,70,6.56,13.0,23,fit:06ab469a75256944c36383c4817288da1db87343fd8245e2c210fa0583dba5c2:segment:007,7,13217.0,12808,activities/049_251011081438.csv,1,1,0,0
fit:06ab469a75256944c36383c4817288da1db87343fd8245e2c210fa0583dba5c2,2025-10-11T09:54:57+00:00,44,128,137,72,6.681,13.0,23,fit:06ab469a75256944c36383c4817288da1db87343fd8245e2c210fa0583dba5c2:segment:007,7,13218.0,12809,activities/049_251011081438.csv,1,1,0,0
fit:06ab469a75256944c36383c4817288da1db87343fd8245e2c210fa0583dba5c2,2025-10-11T09:54:58+00:00,45,88,137,72,6.786,13.0,23,fit:06ab469a75256944c36383c4817288da1db87343fd8245e2c210fa0583dba5c2:segment:007,7,13219.0,12810,activities/049_251011081438.csv,1,1,0,0
fit:06ab469a75256944c36383c4817288da1db87343fd8245e2c210fa0583dba5c2,2025-10-11T09:54:59+00:00,46,88,138,72,6.89,12.600000000000023,23,fit:06ab469a75256944c36383c4817288da1db87343fd8245e2c210fa0583dba5c2:segment:007,7,13220.0,12811,activities/049_251011081438.csv,1,1,0,0
fit:06ab469a75256944c36383c4817288da1db87343fd8245e2c210fa0583dba5c2,2025-10-11T09:55:00+00:00,47,88,138,72,6.825,12.600000000000023,23,fit:06ab469a75256944c36383c4817288da1db87343fd8245e2c210fa0583dba5c2:segment:007,7,13221.0,12812,activities/049_251011081438.csv,1,1,0,0
fit:06ab469a75256944c36383c4817288da1db87343fd8245e2c210fa0583dba5c2,2025-10-11T09:55:01+00:00,48,88,138,72,6.709,12.600000000000023,23,fit:06ab469a75256944c36383c4817288da1db87343fd8245e2c210fa0583dba5c2:segment:007,7,13222.0,12813,activities/049_251011081438.csv,1,1,0,0
fit:06ab469a75256944c36383c4817288da1db87343fd8245e2c210fa0583dba5c2,2025-10-11T09:55:02+00:00,49,84,138,72,6.676,12.600000000000023,23,fit:06ab469a75256944c36383c4817288da1db87343fd8245e2c210fa0583dba5c2:segment:007,7,13223.0,12814,activities/049_251011081438.csv,1,1,0,0
fit:06ab469a75256944c36383c4817288da1db87343fd8245e2c210fa0583dba5c2,2025-10-11T09:55:03+00:00,50,0,138,0,6.528,12.799999999999955,23,fit:06ab469a75256944c36383c4817288da1db87343fd8245e2c210fa0583dba5c2:segment:007,7,13224.0,12815,activities/049_251011081438.csv,1,1,0,0
fit:06ab469a75256944c36383c4817288da1db87343fd8245e2c210fa0583dba5c2,2025-10-11T09:55:04+00:00,51,0,138,0,6.005,12.799999999999955,23,fit:06ab469a75256944c36383c4817288da1db87343fd8245e2c210fa0583dba5c2:segment:007,7,13225.0,12816,activities/049_251011081438.csv,1,1,0,0
fit:06ab469a75256944c36383c4817288da1db87343fd8245e2c210fa0583dba5c2,2025-10-11T09:55:05+00:00,52,240,138,0,5.684,12.799999999999955,23,fit:06ab469a75256944c36383c4817288da1db87343fd8245e2c210fa0583dba5c2:segment:007,7,13226.0,12817,activities/049_251011081438.csv,1,1,0,0
fit:06ab469a75256944c36383c4817288da1db87343fd8245e2c210fa0583dba5c2,2025-10-11T09:55:06+00:00,53,327,138,58,5.685,12.799999999999955,23,fit:06ab469a75256944c36383c4817288da1db87343fd8245e2c210fa0583dba5c2:segment:007,7,13227.0,12818,activities/049_251011081438.csv,1,1,0,0
fit:06ab469a75256944c36383c4817288da1db87343fd8245e2c210fa0583dba5c2,2025-10-11T09:55:07+00:00,54,340,138,65,5.76,13.399999999999977,23,fit:06ab469a75256944c36383c4817288da1db87343fd8245e2c210fa0583dba5c2:segment:007,7,13228.0,12819,activities/049_251011081438.csv,1,1,0,0
fit:06ab469a75256944c36383c4817288da1db87343fd8245e2c210fa0583dba5c2,2025-10-11T09:55:08+00:00,55,310,138,67,5.977,13.399999999999977,23,fit:06ab469a75256944c36383c4817288da1db87343fd8245e2c210fa0583dba5c2:segment:007,7,13229.0,12820,activities/049_251011081438.csv,1,1,0,0
fit:06ab469a75256944c36383c4817288da1db87343fd8245e2c210fa0583dba5c2,2025-10-11T09:55:09+00:00,56,257,138,70,6.386,13.399999999999977,23,fit:06ab469a75256944c36383c4817288da1db87343fd8245e2c210fa0583dba5c2:segment:007,7,13230.0,12821,activities/049_251011081438.csv,1,1,0,0
fit:06ab469a75256944c36383c4817288da1db87343fd8245e2c210fa0583dba5c2,2025-10-11T09:55:10+00:00,57,194,140,70,6.674,12.600000000000023,23,fit:06ab469a75256944c36383c4817288da1db87343fd8245e2c210fa0583dba5c2:segment:007,7,13231.0,12822,activities/049_251011081438.csv,1,1,0,0
fit:06ab469a75256944c36383c4817288da1db87343fd8245e2c210fa0583dba5c2,2025-10-11T09:55:11+00:00,58,199,141,74,6.857,12.0,23,fit:06ab469a75256944c36383c4817288da1db87343fd8245e2c210fa0583dba5c2:segment:007,7,13232.0,12823,activities/049_251011081438.csv,1,1,0,0
fit:06ab469a75256944c36383c4817288da1db87343fd8245e2c210fa0583dba5c2,2025-10-11T09:55:12+00:00,59,213,141,76,7.102,12.0,23,fit:06ab469a75256944c36383c4817288da1db87343fd8245e2c210fa0583dba5c2:segment:007,7,13233.0,12824,activities/049_251011081438.csv,1,1,0,0
fit:06ab469a75256944c36383c4817288da1db87343fd8245e2c210fa0583dba5c2,2025-10-11T09:55:13+00:00,60,214,142,77,7.266,12.0,23,fit:06ab469a75256944c36383c4817288da1db87343fd8245e2c210fa0583dba5c2:segment:007,7,13234.0,12825,activities/049_251011081438.csv,1,1,0,0
fit:06ab469a75256944c36383c4817288da1db87343fd8245e2c210fa0583dba5c2,2025-10-11T09:55:14+00:00,61,167,143,78,7.417,12.0,23,fit:06ab469a75256944c36383c4817288da1db87343fd8245e2c210fa0583dba5c2:segment:007,7,13235.0,12826,activities/049_251011081438.csv,1,1,0,0
fit:06ab469a75256944c36383c4817288da1db87343fd8245e2c210fa0583dba5c2,2025-10-11T09:55:15+00:00,62,218,143,79,7.401,13.600000000000023,23,fit:06ab469a75256944c36383c4817288da1db87343fd8245e2c210fa0583dba5c2:segment:007,7,13236.0,12827,activities/049_251011081438.csv,1,1,0,0
fit:06ab469a75256944c36383c4817288da1db87343fd8245e2c210fa0583dba5c2,2025-10-11T09:55:16+00:00,63,170,144,80,7.385,13.600000000000023,23,fit:06ab469a75256944c36383c4817288da1db87343fd8245e2c210fa0583dba5c2:segment:007,7,13237.0,12828,activities/049_251011081438.csv,1,1,0,0
fit:06ab469a75256944c36383c4817288da1db87343fd8245e2c210fa0583dba5c2,2025-10-11T09:55:17+00:00,64,170,144,81,7.478,13.600000000000023,23,fit:06ab469a75256944c36383c4817288da1db87343fd8245e2c210fa0583dba5c2:segment:007,7,13238.0,12829,activities/049_251011081438.csv,1,1,0,0
fit:06ab469a75256944c36383c4817288da1db87343fd8245e2c210fa0583dba5c2,2025-10-11T09:55:18+00:00,65,88,144,80,7.425,12.600000000000023,23,fit:06ab469a75256944c36383c4817288da1db87343fd8245e2c210fa0583dba5c2:segment:007,7,13239.0,12830,activities/049_251011081438.csv,1,1,0,0
fit:06ab469a75256944c36383c4817288da1db87343fd8245e2c210fa0583dba5c2,2025-10-11T09:55:19+00:00,66,88,144,80,7.351,13.0,23,fit:06ab469a75256944c36383c4817288da1db87343fd8245e2c210fa0583dba5c2:segment:007,7,13240.0,12831,activities/049_251011081438.csv,1,1,0,0
fit:06ab469a75256944c36383c4817288da1db87343fd8245e2c210fa0583dba5c2,2025-10-11T09:55:20+00:00,67,88,143,80,7.139,13.0,23,fit:06ab469a75256944c36383c4817288da1db87343fd8245e2c210fa0583dba5c2:segment:007,7,13241.0,12832,activities/049_251011081438.csv,1,1,0,0
fit:06ab469a75256944c36383c4817288da1db87343fd8245e2c210fa0583dba5c2,2025-10-11T09:55:21+00:00,68,13,142,80,6.817,13.0,23,fit:06ab469a75256944c36383c4817288da1db87343fd8245e2c210fa0583dba5c2:segment:007,7,13242.0,12833,activities/049_251011081438.csv,1,1,0,0
fit:06ab469a75256944c36383c4817288da1db87343fd8245e2c210fa0583dba5c2,2025-10-11T09:55:22+00:00,69,85,141,71,6.539,13.0,23,fit:06ab469a75256944c36383c4817288da1db87343fd8245e2c210fa0583dba5c2:segment:007,7,13243.0,12834,activities/049_251011081438.csv,1,1,0,0
fit:06ab469a75256944c36383c4817288da1db87343fd8245e2c210fa0583dba5c2,2025-10-11T09:55:23+00:00,70,86,140,71,6.46,12.600000000000023,23,fit:06ab469a75256944c36383c4817288da1db87343fd8245e2c210fa0583dba5c2:segment:007,7,13244.0,12835,activities/049_251011081438.csv,1,1,0,0
fit:06ab469a75256944c36383c4817288da1db87343fd8245e2c210fa0583dba5c2,2025-10-11T09:55:24+00:00,71,86,140,71,6.584,12.600000000000023,23,fit:06ab469a75256944c36383c4817288da1db87343fd8245e2c210fa0583dba5c2:segment:007,7,13245.0,12836,activities/049_251011081438.csv,1,1,0,0
fit:06ab469a75256944c36383c4817288da1db87343fd8245e2c210fa0583dba5c2,2025-10-11T09:55:25+00:00,72,86,139,71,6.381,12.600000000000023,23,fit:06ab469a75256944c36383c4817288da1db87343fd8245e2c210fa0583dba5c2:segment:007,7,13246.0,12837,activities/049_251011081438.csv,1,1,0,0
fit:06ab469a75256944c36383c4817288da1db87343fd8245e2c210fa0583dba5c2,2025-10-11T09:55:26+00:00,73,86,138,71,6.088,12.600000000000023,23,fit:06ab469a75256944c36383c4817288da1db87343fd8245e2c210fa0583dba5c2:segment:007,7,13247.0,12838,activities/049_251011081438.csv,1,1,0,0
fit:06ab469a75256944c36383c4817288da1db87343fd8245e2c210fa0583dba5c2,2025-10-11T09:55:27+00:00,74,82,137,71,5.573,12.799999999999955,23,fit:06ab469a75256944c36383c4817288da1db87343fd8245e2c210fa0583dba5c2:segment:007,7,13248.0,12839,activities/049_251011081438.csv,1,1,0,0
fit:06ab469a75256944c36383c4817288da1db87343fd8245e2c210fa0583dba5c2,2025-10-11T09:55:28+00:00,75,0,136,0,5.353,12.799999999999955,23,fit:06ab469a75256944c36383c4817288da1db87343fd8245e2c210fa0583dba5c2:segment:007,7,13249.0,12840,activities/049_251011081438.csv,1,1,0,0
fit:06ab469a75256944c36383c4817288da1db87343fd8245e2c210fa0583dba5c2,2025-10-11T09:55:29+00:00,76,256,136,0,5.054,12.799999999999955,23,fit:06ab469a75256944c36383c4817288da1db87343fd8245e2c210fa0583dba5c2:segment:007,7,13250.0,12841,activities/049_251011081438.csv,1,1,0,0
fit:06ab469a75256944c36383c4817288da1db87343fd8245e2c210fa0583dba5c2,2025-10-11T09:55:30+00:00,77,269,134,58,5.074,12.799999999999955,23,fit:06ab469a75256944c36383c4817288da1db87343fd8245e2c210fa0583dba5c2:segment:007,7,13251.0,12842,activities/049_251011081438.csv,1,1,0,0
fit:06ab469a75256944c36383c4817288da1db87343fd8245e2c210fa0583dba5c2,2025-10-11T09:55:31+00:00,78,214,134,62,5.597,12.200000000000045,23,fit:06ab469a75256944c36383c4817288da1db87343fd8245e2c210fa0583dba5c2:segment:007,7,13252.0,12843,activities/049_251011081438.csv,1,1,0,0
fit:06ab469a75256944c36383c4817288da1db87343fd8245e2c210fa0583dba5c2,2025-10-11T09:55:32+00:00,79,215,134,65,5.765,12.200000000000045,23,fit:06ab469a75256944c36383c4817288da1db87343fd8245e2c210fa0583dba5c2:segment:007,7,13253.0,12844,activities/049_251011081438.csv,1,1,0,0
fit:06ab469a75256944c36383c4817288da1db87343fd8245e2c210fa0583dba5c2,2025-10-11T09:55:33+00:00,80,187,134,67,5.752,12.200000000000045,23,fit:06ab469a75256944c36383c4817288da1db87343fd8245e2c210fa0583dba5c2:segment:007,7,13254.0,12845,activities/049_251011081438.csv,1,1,0,0
fit:06ab469a75256944c36383c4817288da1db87343fd8245e2c210fa0583dba5c2,2025-10-11T09:55:34+00:00,81,130,134,69,5.876,12.200000000000045,23,fit:06ab469a75256944c36383c4817288da1db87343fd8245e2c210fa0583dba5c2:segment:007,7,13255.0,12846,activities/049_251011081438.csv,1,1,0,0
fit:06ab469a75256944c36383c4817288da1db87343fd8245e2c210fa0583dba5c2,2025-10-11T09:55:35+00:00,82,72,135,70,6.032,11.600000000000023,23,fit:06ab469a75256944c36383c4817288da1db87343fd8245e2c210fa0583dba5c2:segment:007,7,13256.0,12847,activities/049_251011081438.csv,1,1,0,0
fit:06ab469a75256944c36383c4817288da1db87343fd8245e2c210fa0583dba5c2,2025-10-11T09:55:36+00:00,83,56,135,69,6.304,11.600000000000023,23,fit:06ab469a75256944c36383c4817288da1db87343fd8245e2c210fa0583dba5c2:segment:007,7,13257.0,12848,activities/049_251011081438.csv,1,1,0,0
fit:06ab469a75256944c36383c4817288da1db87343fd8245e2c210fa0583dba5c2,2025-10-11T09:55:37+00:00,84,56,136,69,6.343,11.600000000000023,23,fit:06ab469a75256944c36383c4817288da1db87343fd8245e2c210fa0583dba5c2:segment:007,7,13258.0,12849,activities/049_251011081438.csv,1,1,0,0
fit:06ab469a75256944c36383c4817288da1db87343fd8245e2c210fa0583dba5c2,2025-10-11T09:55:38+00:00,85,56,136,69,6.396,12.600000000000023,23,fit:06ab469a75256944c36383c4817288da1db87343fd8245e2c210fa0583dba5c2:segment:007,7,13259.0,12850,activities/049_251011081438.csv,1,1,0,0
fit:06ab469a75256944c36383c4817288da1db87343fd8245e2c210fa0583dba5c2,2025-10-11T09:55:39+00:00,86,56,136,69,6.389,13.200000000000045,23,fit:06ab469a75256944c36383c4817288da1db87343fd8245e2c210fa0583dba5c2:segment:007,7,13260.0,12851,activities/049_251011081438.csv,1,1,0,0
fit:06ab469a75256944c36383c4817288da1db87343fd8245e2c210fa0583dba5c2,2025-10-11T09:55:40+00:00,87,52,136,68,6.226,13.200000000000045,23,fit:06ab469a75256944c36383c4817288da1db87343fd8245e2c210fa0583dba5c2:segment:007,7,13261.0,12852,activities/049_251011081438.csv,1,1,0,0
fit:06ab469a75256944c36383c4817288da1db87343fd8245e2c210fa0583dba5c2,2025-10-11T09:55:41+00:00,88,0,136,64,6.052,13.200000000000045,23,fit:06ab469a75256944c36383c4817288da1db87343fd8245e2c210fa0583dba5c2:segment:007,7,13262.0,12853,activities/049_251011081438.csv,1,1,0,0
fit:06ab469a75256944c36383c4817288da1db87343fd8245e2c210fa0583dba5c2,2025-10-11T09:55:42+00:00,89,0,136,0,6.191,12.399999999999977,23,fit:06ab469a75256944c36383c4817288da1db87343fd8245e2c210fa0583dba5c2:segment:007,7,13263.0,12854,activities/049_251011081438.csv,1,1,0,0
fit:06ab469a75256944c36383c4817288da1db87343fd8245e2c210fa0583dba5c2,2025-10-11T09:55:43+00:00,90,0,134,0,5.931,12.399999999999977,23,fit:06ab469a75256944c36383c4817288da1db87343fd8245e2c210fa0583dba5c2:segment:007,7,13264.0,12855,activities/049_251011081438.csv,1,1,0,0
fit:06ab469a75256944c36383c4817288da1db87343fd8245e2c210fa0583dba5c2,2025-10-11T09:55:44+00:00,91,0,133,0,5.688,12.399999999999977,23,fit:06ab469a75256944c36383c4817288da1db87343fd8245e2c210fa0583dba5c2:segment:007,7,13265.0,12856,activities/049_251011081438.csv,1,1,0,0
fit:06ab469a75256944c36383c4817288da1db87343fd8245e2c210fa0583dba5c2,2025-10-11T09:55:45+00:00,92,0,133,0,5.193,12.399999999999977,23,fit:06ab469a75256944c36383c4817288da1db87343fd8245e2c210fa0583dba5c2:segment:007,7,13266.0,12857,activities/049_251011081438.csv,1,1,0,0
fit:06ab469a75256944c36383c4817288da1db87343fd8245e2c210fa0583dba5c2,2025-10-11T09:55:46+00:00,93,0,132,0,4.647,12.399999999999977,23,fit:06ab469a75256944c36383c4817288da1db87343fd8245e2c210fa0583dba5c2:segment:007,7,13267.0,12858,activities/049_251011081438.csv,1,1,0,0
fit:06ab469a75256944c36383c4817288da1db87343fd8245e2c210fa0583dba5c2,2025-10-11T09:55:47+00:00,94,125,130,35,4.106,12.799999999999955,23,fit:06ab469a75256944c36383c4817288da1db87343fd8245e2c210fa0583dba5c2:segment:007,7,13268.0,12859,activities/049_251011081438.csv,1,1,0,0
fit:06ab469a75256944c36383c4817288da1db87343fd8245e2c210fa0583dba5c2,2025-10-11T09:55:48+00:00,95,125,130,41,3.951,12.799999999999955,23,fit:06ab469a75256944c36383c4817288da1db87343fd8245e2c210fa0583dba5c2:segment:007,7,13269.0,12860,activities/049_251011081438.csv,1,1,0,0
fit:06ab469a75256944c36383c4817288da1db87343fd8245e2c210fa0583dba5c2,2025-10-11T09:55:49+00:00,96,81,130,41,3.838,12.799999999999955,23,fit:06ab469a75256944c36383c4817288da1db87343fd8245e2c210fa0583dba5c2:segment:007,7,13270.0,12861,activities/049_251011081438.csv,1,1,0,0
fit:06ab469a75256944c36383c4817288da1db87343fd8245e2c210fa0583dba5c2,2025-10-11T09:55:50+00:00,97,129,129,43,3.963,12.799999999999955,23,fit:06ab469a75256944c36383c4817288da1db87343fd8245e2c210fa0583dba5c2:segment:007,7,13271.0,12862,activities/049_251011081438.csv,1,1,0,0
fit:06ab469a75256944c36383c4817288da1db87343fd8245e2c210fa0583dba5c2,2025-10-11T09:55:51+00:00,98,155,128,46,4.026,12.600000000000023,23,fit:06ab469a75256944c36383c4817288da1db87343fd8245e2c210fa0583dba5c2:segment:007,7,13272.0,12863,activities/049_251011081438.csv,1,1,0,0
fit:06ab469a75256944c36383c4817288da1db87343fd8245e2c210fa0583dba5c2,2025-10-11T09:55:52+00:00,99,200,128,49,4.366,12.600000000000023,23,fit:06ab469a75256944c36383c4817288da1db87343fd8245e2c210fa0583dba5c2:segment:007,7,13273.0,12864,activities/049_251011081438.csv,1,1,0,0
fit:06ab469a75256944c36383c4817288da1db87343fd8245e2c210fa0583dba5c2,2025-10-11T09:55:53+00:00,100,220,127,53,4.711,12.600000000000023,23,fit:06ab469a75256944c36383c4817288da1db87343fd8245e2c210fa0583dba5c2:segment:007,7,13274.0,12865,activities/049_251011081438.csv,1,1,0,0
fit:06ab469a75256944c36383c4817288da1db87343fd8245e2c210fa0583dba5c2,2025-10-11T09:55:54+00:00,101,221,127,56,4.933,12.399999999999977,23,fit:06ab469a75256944c36383c4817288da1db87343fd8245e2c210fa0583dba5c2:segment:007,7,13275.0,12866,activities/049_251011081438.csv,1,1,0,0
fit:06ab469a75256944c36383c4817288da1db87343fd8245e2c210fa0583dba5c2,2025-10-11T09:55:55+00:00,102,189,127,56,5.231,11.399999999999977,23,fit:06ab469a75256944c36383c4817288da1db87343fd8245e2c210fa0583dba5c2:segment:007,7,13276.0,12867,activities/049_251011081438.csv,1,1,0,0
fit:06ab469a75256944c36383c4817288da1db87343fd8245e2c210fa0583dba5c2,2025-10-11T09:55:56+00:00,103,108,127,58,5.447,11.399999999999977,23,fit:06ab469a75256944c36383c4817288da1db87343fd8245e2c210fa0583dba5c2:segment:007,7,13277.0,12868,activities/049_251011081438.csv,1,1,0,0
fit:06ab469a75256944c36383c4817288da1db87343fd8245e2c210fa0583dba5c2,2025-10-11T09:55:57+00:00,104,102,127,58,5.568,11.399999999999977,23,fit:06ab469a75256944c36383c4817288da1db87343fd8245e2c210fa0583dba5c2:segment:007,7,13278.0,12869,activities/049_251011081438.csv,1,1,0,0
fit:06ab469a75256944c36383c4817288da1db87343fd8245e2c210fa0583dba5c2,2025-10-11T09:55:58+00:00,105,96,127,58,5.681,12.399999999999977,23,fit:06ab469a75256944c36383c4817288da1db87343fd8245e2c210fa0583dba5c2:segment:007,7,13279.0,12870,activities/049_251011081438.csv,1,1,0,0
fit:06ab469a75256944c36383c4817288da1db87343fd8245e2c210fa0583dba5c2,2025-10-11T09:55:59+00:00,106,85,127,62,5.735,12.600000000000023,23,fit:06ab469a75256944c36383c4817288da1db87343fd8245e2c210fa0583dba5c2:segment:007,7,13280.0,12871,activities/049_251011081438.csv,1,1,0,0
fit:06ab469a75256944c36383c4817288da1db87343fd8245e2c210fa0583dba5c2,2025-10-11T09:56:00+00:00,107,70,128,64,5.852,12.600000000000023,23,fit:06ab469a75256944c36383c4817288da1db87343fd8245e2c210fa0583dba5c2:segment:007,7,13281.0,12872,activities/049_251011081438.csv,1,1,0,0
fit:06ab469a75256944c36383c4817288da1db87343fd8245e2c210fa0583dba5c2,2025-10-11T09:56:01+00:00,108,62,128,64,6.089,12.600000000000023,23,fit:06ab469a75256944c36383c4817288da1db87343fd8245e2c210fa0583dba5c2:segment:007,7,13282.0,12873,activities/049_251011081438.csv,1,1,0,0
fit:06ab469a75256944c36383c4817288da1db87343fd8245e2c210fa0583dba5c2,2025-10-11T09:56:02+00:00,109,134,128,64,6.215,12.0,23,fit:06ab469a75256944c36383c4817288da1db87343fd8245e2c210fa0583dba5c2:segment:007,7,13283.0,12874,activities/049_251011081438.csv,1,1,0,0
fit:06ab469a75256944c36383c4817288da1db87343fd8245e2c210fa0583dba5c2,2025-10-11T09:56:03+00:00,110,107,128,66,6.342,12.0,23,fit:06ab469a75256944c36383c4817288da1db87343fd8245e2c210fa0583dba5c2:segment:007,7,13284.0,12875,activities/049_251011081438.csv,1,1,0,0
fit:06ab469a75256944c36383c4817288da1db87343fd8245e2c210fa0583dba5c2,2025-10-11T09:56:04+00:00,111,107,127,67,6.397,12.0,23,fit:06ab469a75256944c36383c4817288da1db87343fd8245e2c210fa0583dba5c2:segment:007,7,13285.0,12876,activities/049_251011081438.csv,1,1,0,0
fit:06ab469a75256944c36383c4817288da1db87343fd8245e2c210fa0583dba5c2,2025-10-11T09:56:05+00:00,112,52,127,67,6.566,12.0,23,fit:06ab469a75256944c36383c4817288da1db87343fd8245e2c210fa0583dba5c2:segment:007,7,13286.0,12877,activities/049_251011081438.csv,1,1,0,0
fit:06ab469a75256944c36383c4817288da1db87343fd8245e2c210fa0583dba5c2,2025-10-11T09:56:06+00:00,113,52,127,66,6.593,11.600000000000023,23,fit:06ab469a75256944c36383c4817288da1db87343fd8245e2c210fa0583dba5c2:segment:007,7,13287.0,12878,activities/049_251011081438.csv,1,1,0,0
fit:06ab469a75256944c36383c4817288da1db87343fd8245e2c210fa0583dba5c2,2025-10-11T09:56:07+00:00,114,53,127,66,6.568,11.800000000000011,23,fit:06ab469a75256944c36383c4817288da1db87343fd8245e2c210fa0583dba5c2:segment:007,7,13288.0,12879,activities/049_251011081438.csv,1,1,0,0
fit:06ab469a75256944c36383c4817288da1db87343fd8245e2c210fa0583dba5c2,2025-10-11T09:56:08+00:00,115,53,127,66,6.408,11.800000000000011,23,fit:06ab469a75256944c36383c4817288da1db87343fd8245e2c210fa0583dba5c2:segment:007,7,13289.0,12880,activities/049_251011081438.csv,1,1,0,0
fit:06ab469a75256944c36383c4817288da1db87343fd8245e2c210fa0583dba5c2,2025-10-11T09:56:09+00:00,116,53,127,66,6.205,11.800000000000011,23,fit:06ab469a75256944c36383c4817288da1db87343fd8245e2c210fa0583dba5c2:segment:007,7,13290.0,12881,activities/049_251011081438.csv,1,1,0,0
fit:06ab469a75256944c36383c4817288da1db87343fd8245e2c210fa0583dba5c2,2025-10-11T09:56:10+00:00,117,49,127,66,5.943,11.800000000000011,23,fit:06ab469a75256944c36383c4817288da1db87343fd8245e2c210fa0583dba5c2:segment:007,7,13291.0,12882,activities/049_251011081438.csv,1,1,0,0
fit:06ab469a75256944c36383c4817288da1db87343fd8245e2c210fa0583dba5c2,2025-10-11T09:56:11+00:00,118,0,128,62,5.784,11.600000000000023,23,fit:06ab469a75256944c36383c4817288da1db87343fd8245e2c210fa0583dba5c2:segment:007,7,13292.0,12883,activities/049_251011081438.csv,1,1,0,0
fit:06ab469a75256944c36383c4817288da1db87343fd8245e2c210fa0583dba5c2,2025-10-11T09:56:12+00:00,119,0,128,0,5.705,11.600000000000023,23,fit:06ab469a75256944c36383c4817288da1db87343fd8245e2c210fa0583dba5c2:segment:007,7,13293.0,12884,activities/049_251011081438.csv,1,1,0,0
fit:06ab469a75256944c36383c4817288da1db87343fd8245e2c210fa0583dba5c2,2025-10-11T09:56:13+00:00,120,0,127,0,5.661,11.600000000000023,23,fit:06ab469a75256944c36383c4817288da1db87343fd8245e2c210fa0583dba5c2:segment:007,7,13294.0,12885,activities/049_251011081438.csv,1,1,0,0
fit:06ab469a75256944c36383c4817288da1db87343fd8245e2c210fa0583dba5c2,2025-10-11T09:56:14+00:00,121,0,127,0,5.562,11.600000000000023,23,fit:06ab469a75256944c36383c4817288da1db87343fd8245e2c210fa0583dba5c2:segment:007,7,13295.0,12886,activities/049_251011081438.csv,1,1,0,0
fit:06ab469a75256944c36383c4817288da1db87343fd8245e2c210fa0583dba5c2,2025-10-11T09:56:15+00:00,122,84,127,50,5.553,12.399999999999977,23,fit:06ab469a75256944c36383c4817288da1db87343fd8245e2c210fa0583dba5c2:segment:007,7,13296.0,12887,activities/049_251011081438.csv,1,1,0,0
fit:06ab469a75256944c36383c4817288da1db87343fd8245e2c210fa0583dba5c2,2025-10-11T09:56:16+00:00,123,111,126,50,5.446,12.399999999999977,23,fit:06ab469a75256944c36383c4817288da1db87343fd8245e2c210fa0583dba5c2:segment:007,7,13297.0,12888,activities/049_251011081438.csv,1,1,0,0
fit:06ab469a75256944c36383c4817288da1db87343fd8245e2c210fa0583dba5c2,2025-10-11T09:56:17+00:00,124,51,125,56,5.415,12.399999999999977,23,fit:06ab469a75256944c36383c4817288da1db87343fd8245e2c210fa0583dba5c2:segment:007,7,13298.0,12889,activities/049_251011081438.csv,1,1,0,0
fit:06ab469a75256944c36383c4817288da1db87343fd8245e2c210fa0583dba5c2,2025-10-11T09:56:18+00:00,125,52,125,55,5.465,12.399999999999977,23,fit:06ab469a75256944c36383c4817288da1db87343fd8245e2c210fa0583dba5c2:segment:007,7,13299.0,12890,activities/049_251011081438.csv,1,1,0,0
fit:06ab469a75256944c36383c4817288da1db87343fd8245e2c210fa0583dba5c2,2025-10-11T09:56:19+00:00,126,52,125,55,5.395,12.200000000000045,23,fit:06ab469a75256944c36383c4817288da1db87343fd8245e2c210fa0583dba5c2:segment:007,7,13300.0,12891,activities/049_251011081438.csv,1,1,0,0
fit:06ab469a75256944c36383c4817288da1db87343fd8245e2c210fa0583dba5c2,2025-10-11T09:56:20+00:00,127,52,125,55,5.343,12.200000000000045,23,fit:06ab469a75256944c36383c4817288da1db87343fd8245e2c210fa0583dba5c2:segment:007,7,13301.0,12892,activities/049_251011081438.csv,1,1,0,0
fit:06ab469a75256944c36383c4817288da1db87343fd8245e2c210fa0583dba5c2,2025-10-11T09:56:21+00:00,128,49,124,55,4.893,12.200000000000045,23,fit:06ab469a75256944c36383c4817288da1db87343fd8245e2c210fa0583dba5c2:segment:007,7,13302.0,12893,activities/049_251011081438.csv,1,1,0,0
fit:06ab469a75256944c36383c4817288da1db87343fd8245e2c210fa0583dba5c2,2025-10-11T09:56:22+00:00,129,0,124,52,4.101,13.0,23,fit:06ab469a75256944c36383c4817288da1db87343fd8245e2c210fa0583dba5c2:segment:007,7,13303.0,12894,activities/049_251011081438.csv,1,1,0,0
fit:06ab469a75256944c36383c4817288da1db87343fd8245e2c210fa0583dba5c2,2025-10-11T09:56:23+00:00,130,5,124,0,3.519,12.600000000000023,23,fit:06ab469a75256944c36383c4817288da1db87343fd8245e2c210fa0583dba5c2:segment:007,7,13304.0,12895,activities/049_251011081438.csv,1,1,0,0
fit:06ab469a75256944c36383c4817288da1db87343fd8245e2c210fa0583dba5c2,2025-10-11T09:56:24+00:00,131,5,123,0,3.158,12.600000000000023,23,fit:06ab469a75256944c36383c4817288da1db87343fd8245e2c210fa0583dba5c2:segment:007,7,13305.0,12896,activities/049_251011081438.csv,1,1,0,0
fit:06ab469a75256944c36383c4817288da1db87343fd8245e2c210fa0583dba5c2,2025-10-11T09:56:25+00:00,132,97,122,34,3.09,12.600000000000023,23,fit:06ab469a75256944c36383c4817288da1db87343fd8245e2c210fa0583dba5c2:segment:007,7,13306.0,12897,activities/049_251011081438.csv,1,1,0,0
fit:06ab469a75256944c36383c4817288da1db87343fd8245e2c210fa0583dba5c2,2025-10-11T09:56:26+00:00,133,93,121,34,3.198,12.600000000000023,23,fit:06ab469a75256944c36383c4817288da1db87343fd8245e2c210fa0583dba5c2:segment:007,7,13307.0,12898,activities/049_251011081438.csv,1,1,0,0
fit:06ab469a75256944c36383c4817288da1db87343fd8245e2c210fa0583dba5c2,2025-10-11T09:56:27+00:00,134,93,121,37,3.314,12.600000000000023,23,fit:06ab469a75256944c36383c4817288da1db87343fd8245e2c210fa0583dba5c2:segment:007,7,13308.0,12899,activities/049_251011081438.csv,1,1,0,0
fit:06ab469a75256944c36383c4817288da1db87343fd8245e2c210fa0583dba5c2,2025-10-11T09:56:28+00:00,135,132,120,43,3.319,12.600000000000023,23,fit:06ab469a75256944c36383c4817288da1db87343fd8245e2c210fa0583dba5c2:segment:007,7,13309.0,12900,activities/049_251011081438.csv,1,1,0,0
fit:06ab469a75256944c36383c4817288da1db87343fd8245e2c210fa0583dba5c2,2025-10-11T09:56:29+00:00,136,132,120,48,3.604,12.600000000000023,23,fit:06ab469a75256944c36383c4817288da1db87343fd8245e2c210fa0583dba5c2:segment:007,7,13310.0,12901,activities/049_251011081438.csv,1,1,0,0
fit:06ab469a75256944c36383c4817288da1db87343fd8245e2c210fa0583dba5c2,2025-10-11T09:56:30+00:00,137,125,120,51,4.204,12.600000000000023,23,fit:06ab469a75256944c36383c4817288da1db87343fd8245e2c210fa0583dba5c2:segment:007,7,13311.0,12902,activities/049_251011081438.csv,1,1,0,0
fit:06ab469a75256944c36383c4817288da1db87343fd8245e2c210fa0583dba5c2,2025-10-11T09:56:31+00:00,138,135,120,51,4.669,12.0,23,fit:06ab469a75256944c36383c4817288da1db87343fd8245e2c210fa0583dba5c2:segment:007,7,13312.0,12903,activities/049_251011081438.csv,1,1,0,0
fit:06ab469a75256944c36383c4817288da1db87343fd8245e2c210fa0583dba5c2,2025-10-11T09:56:32+00:00,139,95,120,54,4.975,12.0,23,fit:06ab469a75256944c36383c4817288da1db87343fd8245e2c210fa0583dba5c2:segment:007,7,13313.0,12904,activities/049_251011081438.csv,1,1,0,0
fit:06ab469a75256944c36383c4817288da1db87343fd8245e2c210fa0583dba5c2,2025-10-11T09:56:33+00:00,140,93,120,55,4.984,12.0,23,fit:06ab469a75256944c36383c4817288da1db87343fd8245e2c210fa0583dba5c2:segment:007,7,13314.0,12905,activities/049_251011081438.csv,1,1,0,0
fit:06ab469a75256944c36383c4817288da1db87343fd8245e2c210fa0583dba5c2,2025-10-11T09:56:34+00:00,141,93,119,56,5.228,12.0,23,fit:06ab469a75256944c36383c4817288da1db87343fd8245e2c210fa0583dba5c2:segment:007,7,13315.0,12906,activities/049_251011081438.csv,1,1,0,0
fit:06ab469a75256944c36383c4817288da1db87343fd8245e2c210fa0583dba5c2,2025-10-11T09:56:35+00:00,142,93,119,56,5.347,14.799999999999955,23,fit:06ab469a75256944c36383c4817288da1db87343fd8245e2c210fa0583dba5c2:segment:007,7,13316.0,12907,activities/049_251011081438.csv,1,1,0,0
fit:06ab469a75256944c36383c4817288da1db87343fd8245e2c210fa0583dba5c2,2025-10-11T09:56:36+00:00,143,93,119,56,5.285,14.799999999999955,23,fit:06ab469a75256944c36383c4817288da1db87343fd8245e2c210fa0583dba5c2:segment:007,7,13317.0,12908,activities/049_251011081438.csv,1,1,0,0
fit:06ab469a75256944c36383c4817288da1db87343fd8245e2c210fa0583dba5c2,2025-10-11T09:56:37+00:00,144,93,119,56,5.086,14.799999999999955,23,fit:06ab469a75256944c36383c4817288da1db87343fd8245e2c210fa0583dba5c2:segment:007,7,13318.0,12909,activities/049_251011081438.csv,1,1,0,0
fit:06ab469a75256944c36383c4817288da1db87343fd8245e2c210fa0583dba5c2,2025-10-11T09:56:38+00:00,145,12,119,56,4.846,13.799999999999955,23,fit:06ab469a75256944c36383c4817288da1db87343fd8245e2c210fa0583dba5c2:segment:007,7,13319.0,12910,activities/049_251011081438.csv,1,1,0,0
fit:06ab469a75256944c36383c4817288da1db87343fd8245e2c210fa0583dba5c2,2025-10-11T09:56:39+00:00,146,12,119,0,4.454,12.200000000000045,23,fit:06ab469a75256944c36383c4817288da1db87343fd8245e2c210fa0583dba5c2:segment:007,7,13320.0,12911,activities/049_251011081438.csv,1,1,0,0
fit:06ab469a75256944c36383c4817288da1db87343fd8245e2c210fa0583dba5c2,2025-10-11T09:56:40+00:00,147,273,120,51,4.229,12.200000000000045,23,fit:06ab469a75256944c36383c4817288da1db87343fd8245e2c210fa0583dba5c2:segment:007,7,13321.0,12912,activities/049_251011081438.csv,1,1,0,0
fit:06ab469a75256944c36383c4817288da1db87343fd8245e2c210fa0583dba5c2,2025-10-11T09:56:41+00:00,148,273,121,51,4.38,12.200000000000045,23,fit:06ab469a75256944c36383c4817288da1db87343fd8245e2c210fa0583dba5c2:segment:007,7,13322.0,12913,activities/049_251011081438.csv,1,1,0,0
fit:06ab469a75256944c36383c4817288da1db87343fd8245e2c210fa0583dba5c2,2025-10-11T09:56:42+00:00,149,250,121,62,4.746,12.200000000000045,23,fit:06ab469a75256944c36383c4817288da1db87343fd8245e2c210fa0583dba5c2:segment:007,7,13323.0,12914,activities/049_251011081438.csv,1,1,0,0
fit:06ab469a75256944c36383c4817288da1db87343fd8245e2c210fa0583dba5c2,2025-10-11T09:56:43+00:00,150,273,121,65,5.178,11.800000000000011,23,fit:06ab469a75256944c36383c4817288da1db87343fd8245e2c210fa0583dba5c2:segment:007,7,13324.0,12915,activities/049_251011081438.csv,1,1,0,0
fit:06ab469a75256944c36383c4817288da1db87343fd8245e2c210fa0583dba5c2,2025-10-11T09:56:44+00:00,151,273,121,68,5.397,11.800000000000011,23,fit:06ab469a75256944c36383c4817288da1db87343fd8245e2c210fa0583dba5c2:segment:007,7,13325.0,12916,activities/049_251011081438.csv,1,1,0,0
fit:06ab469a75256944c36383c4817288da1db87343fd8245e2c210fa0583dba5c2,2025-10-11T09:56:45+00:00,152,252,121,68,5.829,11.800000000000011,23,fit:06ab469a75256944c36383c4817288da1db87343fd8245e2c210fa0583dba5c2:segment:007,7,13326.0,12917,activities/049_251011081438.csv,1,1,0,0
fit:06ab469a75256944c36383c4817288da1db87343fd8245e2c210fa0583dba5c2,2025-10-11T09:56:46+00:00,153,252,121,72,6.006,11.800000000000011,23,fit:06ab469a75256944c36383c4817288da1db87343fd8245e2c210fa0583dba5c2:segment:007,7,13327.0,12918,activities/049_251011081438.csv,1,1,0,0
fit:06ab469a75256944c36383c4817288da1db87343fd8245e2c210fa0583dba5c2,2025-10-11T09:56:47+00:00,154,252,122,72,5.928,11.800000000000011,23,fit:06ab469a75256944c36383c4817288da1db87343fd8245e2c210fa0583dba5c2:segment:007,7,13328.0,12919,activities/049_251011081438.csv,1,1,0,0
fit:06ab469a75256944c36383c4817288da1db87343fd8245e2c210fa0583dba5c2,2025-10-11T09:56:48+00:00,155,252,122,72,5.985,11.800000000000011,23,fit:06ab469a75256944c36383c4817288da1db87343fd8245e2c210fa0583dba5c2:segment:007,7,13329.0,12920,activities/049_251011081438.csv,1,1,0,0
fit:06ab469a75256944c36383c4817288da1db87343fd8245e2c210fa0583dba5c2,2025-10-11T09:56:49+00:00,156,0,124,72,6.158,11.800000000000011,23,fit:06ab469a75256944c36383c4817288da1db87343fd8245e2c210fa0583dba5c2:segment:007,7,13330.0,12921,activities/049_251011081438.csv,1,1,0,0
fit:06ab469a75256944c36383c4817288da1db87343fd8245e2c210fa0583dba5c2,2025-10-11T09:56:50+00:00,157,0,126,0,6.3,11.800000000000011,23,fit:06ab469a75256944c36383c4817288da1db87343fd8245e2c210fa0583dba5c2:segment:007,7,13331.0,12922,activities/049_251011081438.csv,1,1,0,0
fit:06ab469a75256944c36383c4817288da1db87343fd8245e2c210fa0583dba5c2,2025-10-11T09:56:51+00:00,158,5,128,0,6.382,11.800000000000011,23,fit:06ab469a75256944c36383c4817288da1db87343fd8245e2c210fa0583dba5c2:segment:007,7,13332.0,12923,activities/049_251011081438.csv,1,1,0,0
fit:06ab469a75256944c36383c4817288da1db87343fd8245e2c210fa0583dba5c2,2025-10-11T09:56:52+00:00,159,272,128,0,6.492,11.800000000000011,23,fit:06ab469a75256944c36383c4817288da1db87343fd8245e2c210fa0583dba5c2:segment:007,7,13333.0,12924,activities/049_251011081438.csv,1,1,0,0
fit:06ab469a75256944c36383c4817288da1db87343fd8245e2c210fa0583dba5c2,2025-10-11T09:56:53+00:00,160,211,129,73,6.508,11.800000000000011,23,fit:06ab469a75256944c36383c4817288da1db87343fd8245e2c210fa0583dba5c2:segment:007,7,13334.0,12925,activities/049_251011081438.csv,1,1,0,0
fit:06ab469a75256944c36383c4817288da1db87343fd8245e2c210fa0583dba5c2,2025-10-11T09:56:54+00:00,161,211,130,75,6.492,11.800000000000011,23,fit:06ab469a75256944c36383c4817288da1db87343fd8245e2c210fa0583dba5c2:segment:007,7,13335.0,12926,activities/049_251011081438.csv,1,1,0,0
fit:06ab469a75256944c36383c4817288da1db87343fd8245e2c210fa0583dba5c2,2025-10-11T09:56:55+00:00,162,201,130,75,6.846,11.800000000000011,23,fit:06ab469a75256944c36383c4817288da1db87343fd8245e2c210fa0583dba5c2:segment:007,7,13336.0,12927,activities/049_251011081438.csv,1,1,0,0
fit:06ab469a75256944c36383c4817288da1db87343fd8245e2c210fa0583dba5c2,2025-10-11T09:56:56+00:00,163,263,131,77,6.987,11.399999999999977,23,fit:06ab469a75256944c36383c4817288da1db87343fd8245e2c210fa0583dba5c2:segment:007,7,13337.0,12928,activities/049_251011081438.csv,1,1,0,0
fit:06ab469a75256944c36383c4817288da1db87343fd8245e2c210fa0583dba5c2,2025-10-11T09:56:57+00:00,164,189,132,79,7.057,11.399999999999977,23,fit:06ab469a75256944c36383c4817288da1db87343fd8245e2c210fa0583dba5c2:segment:007,7,13338.0,12929,activities/049_251011081438.csv,1,1,0,0
fit:06ab469a75256944c36383c4817288da1db87343fd8245e2c210fa0583dba5c2,2025-10-11T09:56:58+00:00,165,129,133,80,7.353,11.399999999999977,23,fit:06ab469a75256944c36383c4817288da1db87343fd8245e2c210fa0583dba5c2:segment:007,7,13339.0,12930,activities/049_251011081438.csv,1,1,0,0
fit:06ab469a75256944c36383c4817288da1db87343fd8245e2c210fa0583dba5c2,2025-10-11T09:56:59+00:00,166,143,133,81,7.656,11.399999999999977,23,fit:06ab469a75256944c36383c4817288da1db87343fd8245e2c210fa0583dba5c2:segment:007,7,13340.0,12931,activities/049_251011081438.csv,1,1,0,0
fit:06ab469a75256944c36383c4817288da1db87343fd8245e2c210fa0583dba5c2,2025-10-11T09:57:00+00:00,167,92,133,81,7.554,11.399999999999977,23,fit:06ab469a75256944c36383c4817288da1db87343fd8245e2c210fa0583dba5c2:segment:007,7,13341.0,12932,activities/049_251011081438.csv,1,1,0,0
fit:06ab469a75256944c36383c4817288da1db87343fd8245e2c210fa0583dba5c2,2025-10-11T09:57:01+00:00,168,92,134,81,7.672,11.399999999999977,23,fit:06ab469a75256944c36383c4817288da1db87343fd8245e2c210fa0583dba5c2:segment:007,7,13342.0,12933,activities/049_251011081438.csv,1,1,0,0
fit:06ab469a75256944c36383c4817288da1db87343fd8245e2c210fa0583dba5c2,2025-10-11T09:57:02+00:00,169,92,135,81,7.693,11.399999999999977,23,fit:06ab469a75256944c36383c4817288da1db87343fd8245e2c210fa0583dba5c2:segment:007,7,13343.0,12934,activities/049_251011081438.csv,1,1,0,0
fit:06ab469a75256944c36383c4817288da1db87343fd8245e2c210fa0583dba5c2,2025-10-11T09:57:03+00:00,170,90,135,81,7.738,11.399999999999977,23,fit:06ab469a75256944c36383c4817288da1db87343fd8245e2c210fa0583dba5c2:segment:007,7,13344.0,12935,activities/049_251011081438.csv,1,1,0,0
fit:06ab469a75256944c36383c4817288da1db87343fd8245e2c210fa0583dba5c2,2025-10-11T09:57:04+00:00,171,9,136,0,7.608,11.600000000000023,23,fit:06ab469a75256944c36383c4817288da1db87343fd8245e2c210fa0583dba5c2:segment:007,7,13345.0,12936,activities/049_251011081438.csv,1,1,0,0
fit:06ab469a75256944c36383c4817288da1db87343fd8245e2c210fa0583dba5c2,2025-10-11T09:57:05+00:00,172,163,137,0,7.41,11.600000000000023,23,fit:06ab469a75256944c36383c4817288da1db87343fd8245e2c210fa0583dba5c2:segment:007,7,13346.0,12937,activities/049_251011081438.csv,1,1,0,0
fit:06ab469a75256944c36383c4817288da1db87343fd8245e2c210fa0583dba5c2,2025-10-11T09:57:06+00:00,173,129,137,76,7.269,11.600000000000023,23,fit:06ab469a75256944c36383c4817288da1db87343fd8245e2c210fa0583dba5c2:segment:007,7,13347.0,12938,activities/049_251011081438.csv,1,1,0,0
fit:06ab469a75256944c36383c4817288da1db87343fd8245e2c210fa0583dba5c2,2025-10-11T09:57:07+00:00,174,96,137,76,7.26,11.600000000000023,23,fit:06ab469a75256944c36383c4817288da1db87343fd8245e2c210fa0583dba5c2:segment:007,7,13348.0,12939,activities/049_251011081438.csv,1,1,0,0
fit:06ab469a75256944c36383c4817288da1db87343fd8245e2c210fa0583dba5c2,2025-10-11T09:57:08+00:00,175,96,137,76,7.253,11.399999999999977,23,fit:06ab469a75256944c36383c4817288da1db87343fd8245e2c210fa0583dba5c2:segment:007,7,13349.0,12940,activities/049_251011081438.csv,1,1,0,0
fit:06ab469a75256944c36383c4817288da1db87343fd8245e2c210fa0583dba5c2,2025-10-11T09:57:09+00:00,176,96,137,76,7.072,11.399999999999977,23,fit:06ab469a75256944c36383c4817288da1db87343fd8245e2c210fa0583dba5c2:segment:007,7,13350.0,12941,activities/049_251011081438.csv,1,1,0,0
fit:06ab469a75256944c36383c4817288da1db87343fd8245e2c210fa0583dba5c2,2025-10-11T09:57:10+00:00,177,88,137,75,7.161,11.399999999999977,23,fit:06ab469a75256944c36383c4817288da1db87343fd8245e2c210fa0583dba5c2:segment:007,7,13351.0,12942,activities/049_251011081438.csv,1,1,0,0
fit:06ab469a75256944c36383c4817288da1db87343fd8245e2c210fa0583dba5c2,2025-10-11T09:57:11+00:00,178,0,136,71,7.175,11.600000000000023,23,fit:06ab469a75256944c36383c4817288da1db87343fd8245e2c210fa0583dba5c2:segment:007,7,13352.0,12943,activities/049_251011081438.csv,1,1,0,0
fit:06ab469a75256944c36383c4817288da1db87343fd8245e2c210fa0583dba5c2,2025-10-11T09:57:12+00:00,179,0,136,0,6.977,10.600000000000023,23,fit:06ab469a75256944c36383c4817288da1db87343fd8245e2c210fa0583dba5c2:segment:007,7,13353.0,12944,activities/049_251011081438.csv,1,1,0,0
fit:06ab469a75256944c36383c4817288da1db87343fd8245e2c210fa0583dba5c2,2025-10-11T09:57:13+00:00,180,0,135,0,6.936,10.600000000000023,23,fit:06ab469a75256944c36383c4817288da1db87343fd8245e2c210fa0583dba5c2:segment:007,7,13354.0,12945,activities/049_251011081438.csv,1,1,0,0
fit:06ab469a75256944c36383c4817288da1db87343fd8245e2c210fa0583dba5c2,2025-10-11T09:57:14+00:00,181,0,134,0,6.799,10.600000000000023,23,fit:06ab469a75256944c36383c4817288da1db87343fd8245e2c210fa0583dba5c2:segment:007,7,13355.0,12946,activities/049_251011081438.csv,1,1,0,0
fit:06ab469a75256944c36383c4817288da1db87343fd8245e2c210fa0583dba5c2,2025-10-11T09:57:15+00:00,182,0,134,0,6.537,10.800000000000011,23,fit:06ab469a75256944c36383c4817288da1db87343fd8245e2c210fa0583dba5c2:segment:007,7,13356.0,12947,activities/049_251011081438.csv,1,1,0,0
fit:06ab469a75256944c36383c4817288da1db87343fd8245e2c210fa0583dba5c2,2025-10-11T09:57:16+00:00,183,0,132,0,6.066,11.800000000000011,23,fit:06ab469a75256944c36383c4817288da1db87343fd8245e2c210fa0583dba5c2:segment:007,7,13357.0,12948,activities/049_251011081438.csv,1,1,0,0
fit:06ab469a75256944c36383c4817288da1db87343fd8245e2c210fa0583dba5c2,2025-10-11T09:57:17+00:00,184,0,131,0,5.484,11.800000000000011,23,fit:06ab469a75256944c36383c4817288da1db87343fd8245e2c210fa0583dba5c2:segment:007,7,13358.0,12949,activities/049_251011081438.csv,1,1,0,0
fit:06ab469a75256944c36383c4817288da1db87343fd8245e2c210fa0583dba5c2,2025-10-11T09:57:18+00:00,185,0,131,0,4.566,11.800000000000011,23,fit:06ab469a75256944c36383c4817288da1db87343fd8245e2c210fa0583dba5c2:segment:007,7,13359.0,12950,activities/049_251011081438.csv,1,1,0,0
fit:06ab469a75256944c36383c4817288da1db87343fd8245e2c210fa0583dba5c2,2025-10-11T09:57:19+00:00,186,0,130,0,3.706,11.800000000000011,23,fit:06ab469a75256944c36383c4817288da1db87343fd8245e2c210fa0583dba5c2:segment:007,7,13360.0,12951,activities/049_251011081438.csv,1,1,0,0
fit:06ab469a75256944c36383c4817288da1db87343fd8245e2c210fa0583dba5c2,2025-10-11T09:57:20+00:00,187,0,128,0,2.702,12.200000000000045,23,fit:06ab469a75256944c36383c4817288da1db87343fd8245e2c210fa0583dba5c2:segment:007,7,13361.0,12952,activities/049_251011081438.csv,1,1,0,0
fit:06ab469a75256944c36383c4817288da1db87343fd8245e2c210fa0583dba5c2,2025-10-11T09:57:21+00:00,188,0,126,0,2.061,12.200000000000045,23,fit:06ab469a75256944c36383c4817288da1db87343fd8245e2c210fa0583dba5c2:segment:007,7,13362.0,12953,activities/049_251011081438.csv,1,1,0,0
fit:06ab469a75256944c36383c4817288da1db87343fd8245e2c210fa0583dba5c2,2025-10-11T09:57:22+00:00,189,131,126,0,1.914,12.200000000000045,23,fit:06ab469a75256944c36383c4817288da1db87343fd8245e2c210fa0583dba5c2:segment:007,7,13363.0,12954,activities/049_251011081438.csv,1,1,0,0
fit:06ab469a75256944c36383c4817288da1db87343fd8245e2c210fa0583dba5c2,2025-10-11T09:57:23+00:00,190,33,125,22,2.128,12.200000000000045,23,fit:06ab469a75256944c36383c4817288da1db87343fd8245e2c210fa0583dba5c2:segment:007,7,13364.0,12955,activities/049_251011081438.csv,1,1,0,0
fit:06ab469a75256944c36383c4817288da1db87343fd8245e2c210fa0583dba5c2,2025-10-11T09:57:24+00:00,191,33,125,33,2.561,12.0,23,fit:06ab469a75256944c36383c4817288da1db87343fd8245e2c210fa0583dba5c2:segment:007,7,13365.0,12956,activities/049_251011081438.csv,1,1,0,0
fit:06ab469a75256944c36383c4817288da1db87343fd8245e2c210fa0583dba5c2,2025-10-11T09:57:25+00:00,192,33,125,33,2.857,12.0,23,fit:06ab469a75256944c36383c4817288da1db87343fd8245e2c210fa0583dba5c2:segment:007,7,13366.0,12957,activities/049_251011081438.csv,1,1,0,0
fit:06ab469a75256944c36383c4817288da1db87343fd8245e2c210fa0583dba5c2,2025-10-11T09:57:26+00:00,193,115,124,33,2.881,12.0,23,fit:06ab469a75256944c36383c4817288da1db87343fd8245e2c210fa0583dba5c2:segment:007,7,13367.0,12958,activities/049_251011081438.csv,1,1,0,0
fit:06ab469a75256944c36383c4817288da1db87343fd8245e2c210fa0583dba5c2,2025-10-11T09:57:27+00:00,194,310,124,34,3.057,12.0,23,fit:06ab469a75256944c36383c4817288da1db87343fd8245e2c210fa0583dba5c2:segment:007,7,13368.0,12959,activities/049_251011081438.csv,1,1,0,0
fit:06ab469a75256944c36383c4817288da1db87343fd8245e2c210fa0583dba5c2,2025-10-11T09:57:28+00:00,195,312,125,52,3.165,11.600000000000023,23,fit:06ab469a75256944c36383c4817288da1db87343fd8245e2c210fa0583dba5c2:segment:007,7,13369.0,12960,activities/049_251011081438.csv,1,1,0,0
fit:06ab469a75256944c36383c4817288da1db87343fd8245e2c210fa0583dba5c2,2025-10-11T09:57:29+00:00,196,301,125,60,3.38,11.600000000000023,23,fit:06ab469a75256944c36383c4817288da1db87343fd8245e2c210fa0583dba5c2:segment:007,7,13370.0,12961,activities/049_251011081438.csv,1,1,0,0
fit:06ab469a75256944c36383c4817288da1db87343fd8245e2c210fa0583dba5c2,2025-10-11T09:57:30+00:00,197,286,126,60,4.493,11.600000000000023,23,fit:06ab469a75256944c36383c4817288da1db87343fd8245e2c210fa0583dba5c2:segment:007,7,13371.0,12962,activities/049_251011081438.csv,1,1,0,0
fit:06ab469a75256944c36383c4817288da1db87343fd8245e2c210fa0583dba5c2,2025-10-11T09:57:31+00:00,198,238,126,70,4.687,11.600000000000023,23,fit:06ab469a75256944c36383c4817288da1db87343fd8245e2c210fa0583dba5c2:segment:007,7,13372.0,12963,activities/049_251011081438.csv,1,1,0,0
fit:06ab469a75256944c36383c4817288da1db87343fd8245e2c210fa0583dba5c2,2025-10-11T09:57:32+00:00,199,174,126,73,4.8,11.0,23,fit:06ab469a75256944c36383c4817288da1db87343fd8245e2c210fa0583dba5c2:segment:007,7,13373.0,12964,activities/049_251011081438.csv,1,1,0,0
fit:06ab469a75256944c36383c4817288da1db87343fd8245e2c210fa0583dba5c2,2025-10-11T09:57:33+00:00,200,227,127,75,5.167,11.0,23,fit:06ab469a75256944c36383c4817288da1db87343fd8245e2c210fa0583dba5c2:segment:007,7,13374.0,12965,activities/049_251011081438.csv,1,1,0,0
fit:06ab469a75256944c36383c4817288da1db87343fd8245e2c210fa0583dba5c2,2025-10-11T09:57:34+00:00,201,227,128,79,6.216,11.0,23,fit:06ab469a75256944c36383c4817288da1db87343fd8245e2c210fa0583dba5c2:segment:007,7,13375.0,12966,activities/049_251011081438.csv,1,1,0,0
fit:06ab469a75256944c36383c4817288da1db87343fd8245e2c210fa0583dba5c2,2025-10-11T09:57:35+00:00,202,254,128,80,6.904,10.800000000000011,23,fit:06ab469a75256944c36383c4817288da1db87343fd8245e2c210fa0583dba5c2:segment:007,7,13376.0,12967,activities/049_251011081438.csv,1,1,0,0
fit:06ab469a75256944c36383c4817288da1db87343fd8245e2c210fa0583dba5c2,2025-10-11T09:57:36+00:00,203,288,129,82,7.444,9.600000000000023,23,fit:06ab469a75256944c36383c4817288da1db87343fd8245e2c210fa0583dba5c2:segment:007,7,13377.0,12968,activities/049_251011081438.csv,1,1,0,0
fit:06ab469a75256944c36383c4817288da1db87343fd8245e2c210fa0583dba5c2,2025-10-11T09:57:37+00:00,204,291,130,82,7.809,9.600000000000023,23,fit:06ab469a75256944c36383c4817288da1db87343fd8245e2c210fa0583dba5c2:segment:007,7,13378.0,12969,activities/049_251011081438.csv,1,1,0,0
fit:06ab469a75256944c36383c4817288da1db87343fd8245e2c210fa0583dba5c2,2025-10-11T09:57:38+00:00,205,289,131,86,8.062,9.600000000000023,23,fit:06ab469a75256944c36383c4817288da1db87343fd8245e2c210fa0583dba5c2:segment:007,7,13379.0,12970,activities/049_251011081438.csv,1,1,0,0
fit:06ab469a75256944c36383c4817288da1db87343fd8245e2c210fa0583dba5c2,2025-10-11T09:57:39+00:00,206,183,132,87,8.291,10.600000000000023,23,fit:06ab469a75256944c36383c4817288da1db87343fd8245e2c210fa0583dba5c2:segment:007,7,13380.0,12971,activities/049_251011081438.csv,1,1,0,0
fit:06ab469a75256944c36383c4817288da1db87343fd8245e2c210fa0583dba5c2,2025-10-11T09:57:40+00:00,207,193,132,87,8.44,11.0,23,fit:06ab469a75256944c36383c4817288da1db87343fd8245e2c210fa0583dba5c2:segment:007,7,13381.0,12972,activities/049_251011081438.csv,1,1,0,0
fit:06ab469a75256944c36383c4817288da1db87343fd8245e2c210fa0583dba5c2,2025-10-11T09:57:41+00:00,208,171,134,86,8.438,11.0,23,fit:06ab469a75256944c36383c4817288da1db87343fd8245e2c210fa0583dba5c2:segment:007,7,13382.0,12973,activities/049_251011081438.csv,1,1,0,0
fit:06ab469a75256944c36383c4817288da1db87343fd8245e2c210fa0583dba5c2,2025-10-11T09:57:42+00:00,209,200,135,86,8.424,11.0,23,fit:06ab469a75256944c36383c4817288da1db87343fd8245e2c210fa0583dba5c2:segment:007,7,13383.0,12974,activities/049_251011081438.csv,1,1,0,0
fit:06ab469a75256944c36383c4817288da1db87343fd8245e2c210fa0583dba5c2,2025-10-11T09:57:43+00:00,210,231,136,85,8.368,10.0,23,fit:06ab469a75256944c36383c4817288da1db87343fd8245e2c210fa0583dba5c2:segment:007,7,13384.0,12975,activities/049_251011081438.csv,1,1,0,0
fit:06ab469a75256944c36383c4817288da1db87343fd8245e2c210fa0583dba5c2,2025-10-11T09:57:44+00:00,211,239,136,85,8.437,10.199999999999989,23,fit:06ab469a75256944c36383c4817288da1db87343fd8245e2c210fa0583dba5c2:segment:007,7,13385.0,12976,activities/049_251011081438.csv,1,1,0,0
fit:06ab469a75256944c36383c4817288da1db87343fd8245e2c210fa0583dba5c2,2025-10-11T09:57:45+00:00,212,220,137,85,8.405,10.199999999999989,23,fit:06ab469a75256944c36383c4817288da1db87343fd8245e2c210fa0583dba5c2:segment:007,7,13386.0,12977,activities/049_251011081438.csv,1,1,0,0
fit:06ab469a75256944c36383c4817288da1db87343fd8245e2c210fa0583dba5c2,2025-10-11T09:57:46+00:00,213,181,138,86,8.392,10.199999999999989,23,fit:06ab469a75256944c36383c4817288da1db87343fd8245e2c210fa0583dba5c2:segment:007,7,13387.0,12978,activities/049_251011081438.csv,1,1,0,0
fit:06ab469a75256944c36383c4817288da1db87343fd8245e2c210fa0583dba5c2,2025-10-11T09:57:47+00:00,214,182,139,86,8.415,10.199999999999989,23,fit:06ab469a75256944c36383c4817288da1db87343fd8245e2c210fa0583dba5c2:segment:007,7,13388.0,12979,activities/049_251011081438.csv,1,1,0,0
fit:06ab469a75256944c36383c4817288da1db87343fd8245e2c210fa0583dba5c2,2025-10-11T09:57:48+00:00,215,172,139,85,8.442,10.399999999999977,23,fit:06ab469a75256944c36383c4817288da1db87343fd8245e2c210fa0583dba5c2:segment:007,7,13389.0,12980,activities/049_251011081438.csv,1,1,0,0
fit:06ab469a75256944c36383c4817288da1db87343fd8245e2c210fa0583dba5c2,2025-10-11T09:57:49+00:00,216,74,140,85,8.37,10.399999999999977,23,fit:06ab469a75256944c36383c4817288da1db87343fd8245e2c210fa0583dba5c2:segment:007,7,13390.0,12981,activities/049_251011081438.csv,1,1,0,0
fit:06ab469a75256944c36383c4817288da1db87343fd8245e2c210fa0583dba5c2,2025-10-11T09:57:50+00:00,217,157,141,92,8.385,10.399999999999977,23,fit:06ab469a75256944c36383c4817288da1db87343fd8245e2c210fa0583dba5c2:segment:007,7,13391.0,12982,activities/049_251011081438.csv,1,1,0,0
fit:06ab469a75256944c36383c4817288da1db87343fd8245e2c210fa0583dba5c2,2025-10-11T09:57:51+00:00,218,140,142,98,8.312,10.399999999999977,23,fit:06ab469a75256944c36383c4817288da1db87343fd8245e2c210fa0583dba5c2:segment:007,7,13392.0,12983,activities/049_251011081438.csv,1,1,0,0
fit:06ab469a75256944c36383c4817288da1db87343fd8245e2c210fa0583dba5c2,2025-10-11T09:57:52+00:00,219,169,143,99,8.255,11.0,23,fit:06ab469a75256944c36383c4817288da1db87343fd8245e2c210fa0583dba5c2:segment:007,7,13393.0,12984,activities/049_251011081438.csv,1,1,0,0
fit:06ab469a75256944c36383c4817288da1db87343fd8245e2c210fa0583dba5c2,2025-10-11T09:57:53+00:00,220,169,143,99,8.129,11.0,23,fit:06ab469a75256944c36383c4817288da1db87343fd8245e2c210fa0583dba5c2:segment:007,7,13394.0,12985,activities/049_251011081438.csv,1,1,0,0
fit:06ab469a75256944c36383c4817288da1db87343fd8245e2c210fa0583dba5c2,2025-10-11T09:57:54+00:00,221,157,143,98,8.203,11.0,23,fit:06ab469a75256944c36383c4817288da1db87343fd8245e2c210fa0583dba5c2:segment:007,7,13395.0,12986,activities/049_251011081438.csv,1,1,0,0
fit:06ab469a75256944c36383c4817288da1db87343fd8245e2c210fa0583dba5c2,2025-10-11T09:57:55+00:00,222,199,144,95,8.088,10.800000000000011,23,fit:06ab469a75256944c36383c4817288da1db87343fd8245e2c210fa0583dba5c2:segment:007,7,13396.0,12987,activities/049_251011081438.csv,1,1,0,0
fit:06ab469a75256944c36383c4817288da1db87343fd8245e2c210fa0583dba5c2,2025-10-11T09:57:56+00:00,223,174,145,93,7.891,11.399999999999977,23,fit:06ab469a75256944c36383c4817288da1db87343fd8245e2c210fa0583dba5c2:segment:007,7,13397.0,12988,activities/049_251011081438.csv,1,1,0,0
fit:06ab469a75256944c36383c4817288da1db87343fd8245e2c210fa0583dba5c2,2025-10-11T09:57:57+00:00,224,195,146,92,7.706,11.399999999999977,23,fit:06ab469a75256944c36383c4817288da1db87343fd8245e2c210fa0583dba5c2:segment:007,7,13398.0,12989,activities/049_251011081438.csv,1,1,0,0
fit:06ab469a75256944c36383c4817288da1db87343fd8245e2c210fa0583dba5c2,2025-10-11T09:57:58+00:00,225,195,147,91,7.548,11.399999999999977,23,fit:06ab469a75256944c36383c4817288da1db87343fd8245e2c210fa0583dba5c2:segment:007,7,13399.0,12990,activities/049_251011081438.csv,1,1,0,0
fit:06ab469a75256944c36383c4817288da1db87343fd8245e2c210fa0583dba5c2,2025-10-11T09:57:59+00:00,226,248,147,93,7.329,11.399999999999977,23,fit:06ab469a75256944c36383c4817288da1db87343fd8245e2c210fa0583dba5c2:segment:007,7,13400.0,12991,activities/049_251011081438.csv,1,1,0,0
fit:06ab469a75256944c36383c4817288da1db87343fd8245e2c210fa0583dba5c2,2025-10-11T09:58:00+00:00,227,256,147,93,7.326,12.200000000000045,23,fit:06ab469a75256944c36383c4817288da1db87343fd8245e2c210fa0583dba5c2:segment:007,7,13401.0,12992,activities/049_251011081438.csv,1,1,0,0
fit:06ab469a75256944c36383c4817288da1db87343fd8245e2c210fa0583dba5c2,2025-10-11T09:58:01+00:00,228,198,148,88,7.483,12.200000000000045,23,fit:06ab469a75256944c36383c4817288da1db87343fd8245e2c210fa0583dba5c2:segment:007,7,13402.0,12993,activities/049_251011081438.csv,1,1,0,0
fit:06ab469a75256944c36383c4817288da1db87343fd8245e2c210fa0583dba5c2,2025-10-11T09:58:02+00:00,229,162,149,89,7.597,12.200000000000045,23,fit:06ab469a75256944c36383c4817288da1db87343fd8245e2c210fa0583dba5c2:segment:007,7,13403.0,12994,activities/049_251011081438.csv,1,1,0,0
fit:06ab469a75256944c36383c4817288da1db87343fd8245e2c210fa0583dba5c2,2025-10-11T09:58:03+00:00,230,185,150,91,7.774,11.399999999999977,23,fit:06ab469a75256944c36383c4817288da1db87343fd8245e2c210fa0583dba5c2:segment:007,7,13404.0,12995,activities/049_251011081438.csv,1,1,0,0
fit:06ab469a75256944c36383c4817288da1db87343fd8245e2c210fa0583dba5c2,2025-10-11T09:58:04+00:00,231,185,150,93,7.932,12.0,23,fit:06ab469a75256944c36383c4817288da1db87343fd8245e2c210fa0583dba5c2:segment:007,7,13405.0,12996,activities/049_251011081438.csv,1,1,0,0
fit:06ab469a75256944c36383c4817288da1db87343fd8245e2c210fa0583dba5c2,2025-10-11T09:58:05+00:00,232,180,150,95,8.094,12.0,23,fit:06ab469a75256944c36383c4817288da1db87343fd8245e2c210fa0583dba5c2:segment:007,7,13406.0,12997,activities/049_251011081438.csv,1,1,0,0
fit:06ab469a75256944c36383c4817288da1db87343fd8245e2c210fa0583dba5c2,2025-10-11T09:58:06+00:00,233,138,151,97,8.191,12.0,23,fit:06ab469a75256944c36383c4817288da1db87343fd8245e2c210fa0583dba5c2:segment:007,7,13407.0,12998,activities/049_251011081438.csv,1,1,0,0
fit:06ab469a75256944c36383c4817288da1db87343fd8245e2c210fa0583dba5c2,2025-10-11T09:58:07+00:00,234,130,152,97,8.34,11.0,23,fit:06ab469a75256944c36383c4817288da1db87343fd8245e2c210fa0583dba5c2:segment:007,7,13408.0,12999,activities/049_251011081438.csv,1,1,0,0
fit:06ab469a75256944c36383c4817288da1db87343fd8245e2c210fa0583dba5c2,2025-10-11T09:58:08+00:00,235,126,153,99,8.515,11.0,23,fit:06ab469a75256944c36383c4817288da1db87343fd8245e2c210fa0583dba5c2:segment:007,7,13409.0,13000,activities/049_251011081438.csv,1,1,0,0
fit:06ab469a75256944c36383c4817288da1db87343fd8245e2c210fa0583dba5c2,2025-10-11T09:58:09+00:00,236,157,154,99,8.667,11.0,23,fit:06ab469a75256944c36383c4817288da1db87343fd8245e2c210fa0583dba5c2:segment:007,7,13410.0,13001,activities/049_251011081438.csv,1,1,0,0
fit:06ab469a75256944c36383c4817288da1db87343fd8245e2c210fa0583dba5c2,2025-10-11T09:58:10+00:00,237,137,154,99,8.762,11.0,23,fit:06ab469a75256944c36383c4817288da1db87343fd8245e2c210fa0583dba5c2:segment:007,7,13411.0,13002,activities/049_251011081438.csv,1,1,0,0
fit:06ab469a75256944c36383c4817288da1db87343fd8245e2c210fa0583dba5c2,2025-10-11T09:58:11+00:00,238,171,155,99,8.725,10.399999999999977,23,fit:06ab469a75256944c36383c4817288da1db87343fd8245e2c210fa0583dba5c2:segment:007,7,13412.0,13003,activities/049_251011081438.csv,1,1,0,0
fit:06ab469a75256944c36383c4817288da1db87343fd8245e2c210fa0583dba5c2,2025-10-11T09:58:12+00:00,239,158,155,99,8.802,12.600000000000023,23,fit:06ab469a75256944c36383c4817288da1db87343fd8245e2c210fa0583dba5c2:segment:007,7,13413.0,13004,activities/049_251011081438.csv,1,1,0,0
fit:06ab469a75256944c36383c4817288da1db87343fd8245e2c210fa0583dba5c2,2025-10-11T09:58:13+00:00,240,146,155,98,8.829,12.600000000000023,23,fit:06ab469a75256944c36383c4817288da1db87343fd8245e2c210fa0583dba5c2:segment:007,7,13414.0,13005,activities/049_251011081438.csv,1,1,0,0
fit:06ab469a75256944c36383c4817288da1db87343fd8245e2c210fa0583dba5c2,2025-10-11T09:58:14+00:00,241,172,155,98,8.776,12.600000000000023,23,fit:06ab469a75256944c36383c4817288da1db87343fd8245e2c210fa0583dba5c2:segment:007,7,13415.0,13006,activities/049_251011081438.csv,1,1,0,0
fit:06ab469a75256944c36383c4817288da1db87343fd8245e2c210fa0583dba5c2,2025-10-11T09:58:15+00:00,242,144,155,97,8.781,11.600000000000023,23,fit:06ab469a75256944c36383c4817288da1db87343fd8245e2c210fa0583dba5c2:segment:007,7,13416.0,13007,activities/049_251011081438.csv,1,1,0,0
fit:06ab469a75256944c36383c4817288da1db87343fd8245e2c210fa0583dba5c2,2025-10-11T09:58:16+00:00,243,142,155,97,8.745,10.0,23,fit:06ab469a75256944c36383c4817288da1db87343fd8245e2c210fa0583dba5c2:segment:007,7,13417.0,13008,activities/049_251011081438.csv,1,1,0,0
fit:06ab469a75256944c36383c4817288da1db87343fd8245e2c210fa0583dba5c2,2025-10-11T09:58:17+00:00,244,135,155,96,8.715,10.0,23,fit:06ab469a75256944c36383c4817288da1db87343fd8245e2c210fa0583dba5c2:segment:007,7,13418.0,13009,activities/049_251011081438.csv,1,1,0,0
fit:06ab469a75256944c36383c4817288da1db87343fd8245e2c210fa0583dba5c2,2025-10-11T09:58:18+00:00,245,145,155,96,8.671,10.0,23,fit:06ab469a75256944c36383c4817288da1db87343fd8245e2c210fa0583dba5c2:segment:007,7,13419.0,13010,activities/049_251011081438.csv,1,1,0,0
fit:06ab469a75256944c36383c4817288da1db87343fd8245e2c210fa0583dba5c2,2025-10-11T09:58:19+00:00,246,168,155,96,8.653,10.800000000000011,23,fit:06ab469a75256944c36383c4817288da1db87343fd8245e2c210fa0583dba5c2:segment:007,7,13420.0,13011,activities/049_251011081438.csv,1,1,0,0
fit:06ab469a75256944c36383c4817288da1db87343fd8245e2c210fa0583dba5c2,2025-10-11T09:58:20+00:00,247,215,155,96,8.638,10.199999999999989,23,fit:06ab469a75256944c36383c4817288da1db87343fd8245e2c210fa0583dba5c2:segment:007,7,13421.0,13012,activities/049_251011081438.csv,1,1,0,0
fit:06ab469a75256944c36383c4817288da1db87343fd8245e2c210fa0583dba5c2,2025-10-11T09:58:21+00:00,248,166,155,97,8.618,10.199999999999989,23,fit:06ab469a75256944c36383c4817288da1db87343fd8245e2c210fa0583dba5c2:segment:007,7,13422.0,13013,activities/049_251011081438.csv,1,1,0,0
fit:06ab469a75256944c36383c4817288da1db87343fd8245e2c210fa0583dba5c2,2025-10-11T09:58:22+00:00,249,184,155,97,8.584,10.199999999999989,23,fit:06ab469a75256944c36383c4817288da1db87343fd8245e2c210fa0583dba5c2:segment:007,7,13423.0,13014,activities/049_251011081438.csv,1,1,0,0
fit:06ab469a75256944c36383c4817288da1db87343fd8245e2c210fa0583dba5c2,2025-10-11T09:58:23+00:00,250,176,155,97,8.604,10.199999999999989,23,fit:06ab469a75256944c36383c4817288da1db87343fd8245e2c210fa0583dba5c2:segment:007,7,13424.0,13015,activities/049_251011081438.csv,1,1,0,0
fit:06ab469a75256944c36383c4817288da1db87343fd8245e2c210fa0583dba5c2,2025-10-11T09:58:24+00:00,251,146,155,97,8.647,10.399999999999977,23,fit:06ab469a75256944c36383c4817288da1db87343fd8245e2c210fa0583dba5c2:segment:007,7,13425.0,13016,activities/049_251011081438.csv,1,1,0,0
fit:06ab469a75256944c36383c4817288da1db87343fd8245e2c210fa0583dba5c2,2025-10-11T09:58:25+00:00,252,162,155,97,8.643,10.399999999999977,23,fit:06ab469a75256944c36383c4817288da1db87343fd8245e2c210fa0583dba5c2:segment:007,7,13426.0,13017,activities/049_251011081438.csv,1,1,0,0
fit:06ab469a75256944c36383c4817288da1db87343fd8245e2c210fa0583dba5c2,2025-10-11T09:58:26+00:00,253,144,155,97,8.642,10.399999999999977,23,fit:06ab469a75256944c36383c4817288da1db87343fd8245e2c210fa0583dba5c2:segment:007,7,13427.0,13018,activities/049_251011081438.csv,1,1,0,0
fit:06ab469a75256944c36383c4817288da1db87343fd8245e2c210fa0583dba5c2,2025-10-11T09:58:27+00:00,254,145,155,97,8.608,10.399999999999977,23,fit:06ab469a75256944c36383c4817288da1db87343fd8245e2c210fa0583dba5c2:segment:007,7,13428.0,13019,activities/049_251011081438.csv,1,1,0,0
fit:06ab469a75256944c36383c4817288da1db87343fd8245e2c210fa0583dba5c2,2025-10-11T09:58:28+00:00,255,170,155,97,8.648,9.800000000000011,23,fit:06ab469a75256944c36383c4817288da1db87343fd8245e2c210fa0583dba5c2:segment:007,7,13429.0,13020,activities/049_251011081438.csv,1,1,0,0
fit:06ab469a75256944c36383c4817288da1db87343fd8245e2c210fa0583dba5c2,2025-10-11T09:58:29+00:00,256,226,155,97,8.642,9.800000000000011,23,fit:06ab469a75256944c36383c4817288da1db87343fd8245e2c210fa0583dba5c2:segment:007,7,13430.0,13021,activities/049_251011081438.csv,1,1,0,0
fit:06ab469a75256944c36383c4817288da1db87343fd8245e2c210fa0583dba5c2,2025-10-11T09:58:30+00:00,257,178,154,98,8.596,9.800000000000011,23,fit:06ab469a75256944c36383c4817288da1db87343fd8245e2c210fa0583dba5c2:segment:007,7,13431.0,13022,activities/049_251011081438.csv,1,1,0,0
fit:06ab469a75256944c36383c4817288da1db87343fd8245e2c210fa0583dba5c2,2025-10-11T09:58:31+00:00,258,158,154,98,8.685,10.0,23,fit:06ab469a75256944c36383c4817288da1db87343fd8245e2c210fa0583dba5c2:segment:007,7,13432.0,13023,activities/049_251011081438.csv,1,1,0,0
fit:06ab469a75256944c36383c4817288da1db87343fd8245e2c210fa0583dba5c2,2025-10-11T09:58:32+00:00,259,147,153,98,8.735,10.0,23,fit:06ab469a75256944c36383c4817288da1db87343fd8245e2c210fa0583dba5c2:segment:007,7,13433.0,13024,activities/049_251011081438.csv,1,1,0,0
fit:06ab469a75256944c36383c4817288da1db87343fd8245e2c210fa0583dba5c2,2025-10-11T09:58:33+00:00,260,142,153,97,8.711,10.0,23,fit:06ab469a75256944c36383c4817288da1db87343fd8245e2c210fa0583dba5c2:segment:007,7,13434.0,13025,activities/049_251011081438.csv,1,1,0,0
fit:06ab469a75256944c36383c4817288da1db87343fd8245e2c210fa0583dba5c2,2025-10-11T09:58:34+00:00,261,108,153,96,8.666,10.0,23,fit:06ab469a75256944c36383c4817288da1db87343fd8245e2c210fa0583dba5c2:segment:007,7,13435.0,13026,activities/049_251011081438.csv,1,1,0,0
fit:06ab469a75256944c36383c4817288da1db87343fd8245e2c210fa0583dba5c2,2025-10-11T09:58:35+00:00,262,159,152,96,8.63,10.0,23,fit:06ab469a75256944c36383c4817288da1db87343fd8245e2c210fa0583dba5c2:segment:007,7,13436.0,13027,activities/049_251011081438.csv,1,1,0,0
fit:06ab469a75256944c36383c4817288da1db87343fd8245e2c210fa0583dba5c2,2025-10-11T09:58:36+00:00,263,155,152,95,8.616,10.0,23,fit:06ab469a75256944c36383c4817288da1db87343fd8245e2c210fa0583dba5c2:segment:007,7,13437.0,13028,activities/049_251011081438.csv,1,1,0,0
fit:06ab469a75256944c36383c4817288da1db87343fd8245e2c210fa0583dba5c2,2025-10-11T09:58:37+00:00,264,172,152,96,8.594,10.0,23,fit:06ab469a75256944c36383c4817288da1db87343fd8245e2c210fa0583dba5c2:segment:007,7,13438.0,13029,activities/049_251011081438.csv,1,1,0,0
fit:06ab469a75256944c36383c4817288da1db87343fd8245e2c210fa0583dba5c2,2025-10-11T09:58:38+00:00,265,142,152,96,8.566,10.0,23,fit:06ab469a75256944c36383c4817288da1db87343fd8245e2c210fa0583dba5c2:segment:007,7,13439.0,13030,activities/049_251011081438.csv,1,1,0,0
fit:06ab469a75256944c36383c4817288da1db87343fd8245e2c210fa0583dba5c2,2025-10-11T09:58:39+00:00,266,142,152,96,8.573,10.0,23,fit:06ab469a75256944c36383c4817288da1db87343fd8245e2c210fa0583dba5c2:segment:007,7,13440.0,13031,activities/049_251011081438.csv,1,1,0,0
fit:06ab469a75256944c36383c4817288da1db87343fd8245e2c210fa0583dba5c2,2025-10-11T09:58:40+00:00,267,141,152,96,8.633,10.0,23,fit:06ab469a75256944c36383c4817288da1db87343fd8245e2c210fa0583dba5c2:segment:007,7,13441.0,13032,activities/049_251011081438.csv,1,1,0,0
fit:06ab469a75256944c36383c4817288da1db87343fd8245e2c210fa0583dba5c2,2025-10-11T09:58:41+00:00,268,163,152,94,8.717,10.0,23,fit:06ab469a75256944c36383c4817288da1db87343fd8245e2c210fa0583dba5c2:segment:007,7,13442.0,13033,activities/049_251011081438.csv,1,1,0,0
fit:06ab469a75256944c36383c4817288da1db87343fd8245e2c210fa0583dba5c2,2025-10-11T09:58:42+00:00,269,143,152,94,8.433,10.0,23,fit:06ab469a75256944c36383c4817288da1db87343fd8245e2c210fa0583dba5c2:segment:007,7,13443.0,13034,activities/049_251011081438.csv,1,1,0,0
fit:06ab469a75256944c36383c4817288da1db87343fd8245e2c210fa0583dba5c2,2025-10-11T09:58:43+00:00,270,119,152,95,8.341,10.0,23,fit:06ab469a75256944c36383c4817288da1db87343fd8245e2c210fa0583dba5c2:segment:007,7,13444.0,13035,activities/049_251011081438.csv,1,1,0,0
fit:06ab469a75256944c36383c4817288da1db87343fd8245e2c210fa0583dba5c2,2025-10-11T09:58:44+00:00,271,151,152,98,8.341,10.0,23,fit:06ab469a75256944c36383c4817288da1db87343fd8245e2c210fa0583dba5c2:segment:007,7,13445.0,13036,activities/049_251011081438.csv,1,1,0,0
fit:06ab469a75256944c36383c4817288da1db87343fd8245e2c210fa0583dba5c2,2025-10-11T09:58:45+00:00,272,149,152,102,8.641,10.0,23,fit:06ab469a75256944c36383c4817288da1db87343fd8245e2c210fa0583dba5c2:segment:007,7,13446.0,13037,activities/049_251011081438.csv,1,1,0,0
fit:06ab469a75256944c36383c4817288da1db87343fd8245e2c210fa0583dba5c2,2025-10-11T09:58:46+00:00,273,116,152,103,8.797,10.0,23,fit:06ab469a75256944c36383c4817288da1db87343fd8245e2c210fa0583dba5c2:segment:007,7,13447.0,13038,activities/049_251011081438.csv,1,1,0,0
fit:06ab469a75256944c36383c4817288da1db87343fd8245e2c210fa0583dba5c2,2025-10-11T09:58:47+00:00,274,117,152,106,9.157,9.0,23,fit:06ab469a75256944c36383c4817288da1db87343fd8245e2c210fa0583dba5c2:segment:007,7,13448.0,13039,activities/049_251011081438.csv,1,1,0,0
fit:06ab469a75256944c36383c4817288da1db87343fd8245e2c210fa0583dba5c2,2025-10-11T09:58:48+00:00,275,111,152,107,9.267,8.600000000000023,23,fit:06ab469a75256944c36383c4817288da1db87343fd8245e2c210fa0583dba5c2:segment:007,7,13449.0,13040,activities/049_251011081438.csv,1,1,0,0
fit:06ab469a75256944c36383c4817288da1db87343fd8245e2c210fa0583dba5c2,2025-10-11T09:58:49+00:00,276,112,152,107,9.491,8.600000000000023,23,fit:06ab469a75256944c36383c4817288da1db87343fd8245e2c210fa0583dba5c2:segment:007,7,13450.0,13041,activities/049_251011081438.csv,1,1,0,0
fit:06ab469a75256944c36383c4817288da1db87343fd8245e2c210fa0583dba5c2,2025-10-11T09:58:50+00:00,277,112,152,107,9.435,8.600000000000023,23,fit:06ab469a75256944c36383c4817288da1db87343fd8245e2c210fa0583dba5c2:segment:007,7,13451.0,13042,activities/049_251011081438.csv,1,1,0,0
fit:06ab469a75256944c36383c4817288da1db87343fd8245e2c210fa0583dba5c2,2025-10-11T09:58:51+00:00,278,173,152,22,9.4,8.399999999999977,23,fit:06ab469a75256944c36383c4817288da1db87343fd8245e2c210fa0583dba5c2:segment:007,7,13452.0,13043,activities/049_251011081438.csv,1,1,0,0
fit:06ab469a75256944c36383c4817288da1db87343fd8245e2c210fa0583dba5c2,2025-10-11T09:58:52+00:00,279,157,151,94,9.333,8.199999999999989,23,fit:06ab469a75256944c36383c4817288da1db87343fd8245e2c210fa0583dba5c2:segment:007,7,13453.0,13044,activities/049_251011081438.csv,1,1,0,0
fit:06ab469a75256944c36383c4817288da1db87343fd8245e2c210fa0583dba5c2,2025-10-11T09:58:53+00:00,280,168,151,94,9.393,8.199999999999989,23,fit:06ab469a75256944c36383c4817288da1db87343fd8245e2c210fa0583dba5c2:segment:007,7,13454.0,13045,activities/049_251011081438.csv,1,1,0,0
fit:06ab469a75256944c36383c4817288da1db87343fd8245e2c210fa0583dba5c2,2025-10-11T09:58:54+00:00,281,168,151,94,9.428,8.199999999999989,23,fit:06ab469a75256944c36383c4817288da1db87343fd8245e2c210fa0583dba5c2:segment:007,7,13455.0,13046,activities/049_251011081438.csv,1,1,0,0
fit:06ab469a75256944c36383c4817288da1db87343fd8245e2c210fa0583dba5c2,2025-10-11T09:58:55+00:00,282,166,150,94,9.325,8.199999999999989,23,fit:06ab469a75256944c36383c4817288da1db87343fd8245e2c210fa0583dba5c2:segment:007,7,13456.0,13047,activities/049_251011081438.csv,1,1,0,0
fit:06ab469a75256944c36383c4817288da1db87343fd8245e2c210fa0583dba5c2,2025-10-11T09:58:56+00:00,283,145,149,94,9.285,8.199999999999989,23,fit:06ab469a75256944c36383c4817288da1db87343fd8245e2c210fa0583dba5c2:segment:007,7,13457.0,13048,activities/049_251011081438.csv,1,1,0,0
fit:06ab469a75256944c36383c4817288da1db87343fd8245e2c210fa0583dba5c2,2025-10-11T09:58:57+00:00,284,157,149,94,9.285,8.199999999999989,23,fit:06ab469a75256944c36383c4817288da1db87343fd8245e2c210fa0583dba5c2:segment:007,7,13458.0,13049,activities/049_251011081438.csv,1,1,0,0
fit:06ab469a75256944c36383c4817288da1db87343fd8245e2c210fa0583dba5c2,2025-10-11T09:58:58+00:00,285,162,148,94,9.284,8.199999999999989,23,fit:06ab469a75256944c36383c4817288da1db87343fd8245e2c210fa0583dba5c2:segment:007,7,13459.0,13050,activities/049_251011081438.csv,1,1,0,0
fit:06ab469a75256944c36383c4817288da1db87343fd8245e2c210fa0583dba5c2,2025-10-11T09:58:59+00:00,286,146,148,94,9.32,8.0,23,fit:06ab469a75256944c36383c4817288da1db87343fd8245e2c210fa0583dba5c2:segment:007,7,13460.0,13051,activities/049_251011081438.csv,1,1,0,0
fit:06ab469a75256944c36383c4817288da1db87343fd8245e2c210fa0583dba5c2,2025-10-11T09:59:00+00:00,287,162,147,93,9.271,8.399999999999977,23,fit:06ab469a75256944c36383c4817288da1db87343fd8245e2c210fa0583dba5c2:segment:007,7,13461.0,13052,activities/049_251011081438.csv,1,1,0,0
fit:06ab469a75256944c36383c4817288da1db87343fd8245e2c210fa0583dba5c2,2025-10-11T09:59:01+00:00,288,161,147,92,9.078,8.399999999999977,23,fit:06ab469a75256944c36383c4817288da1db87343fd8245e2c210fa0583dba5c2:segment:007,7,13462.0,13053,activities/049_251011081438.csv,1,1,0,0
fit:06ab469a75256944c36383c4817288da1db87343fd8245e2c210fa0583dba5c2,2025-10-11T09:59:02+00:00,289,158,147,92,8.93,8.399999999999977,23,fit:06ab469a75256944c36383c4817288da1db87343fd8245e2c210fa0583dba5c2:segment:007,7,13463.0,13054,activities/049_251011081438.csv,1,1,0,0
fit:06ab469a75256944c36383c4817288da1db87343fd8245e2c210fa0583dba5c2,2025-10-11T09:59:03+00:00,290,163,146,91,8.872,7.800000000000011,23,fit:06ab469a75256944c36383c4817288da1db87343fd8245e2c210fa0583dba5c2:segment:007,7,13464.0,13055,activities/049_251011081438.csv,1,1,0,0
fit:06ab469a75256944c36383c4817288da1db87343fd8245e2c210fa0583dba5c2,2025-10-11T09:59:04+00:00,291,155,146,91,8.865,8.199999999999989,23,fit:06ab469a75256944c36383c4817288da1db87343fd8245e2c210fa0583dba5c2:segment:007,7,13465.0,13056,activities/049_251011081438.csv,1,1,0,0
fit:06ab469a75256944c36383c4817288da1db87343fd8245e2c210fa0583dba5c2,2025-10-11T09:59:05+00:00,292,161,145,91,8.885,8.199999999999989,23,fit:06ab469a75256944c36383c4817288da1db87343fd8245e2c210fa0583dba5c2:segment:007,7,13466.0,13057,activities/049_251011081438.csv,1,1,0,0
fit:06ab469a75256944c36383c4817288da1db87343fd8245e2c210fa0583dba5c2,2025-10-11T09:59:06+00:00,293,169,145,90,8.861,8.199999999999989,23,fit:06ab469a75256944c36383c4817288da1db87343fd8245e2c210fa0583dba5c2:segment:007,7,13467.0,13058,activities/049_251011081438.csv,1,1,0,0
fit:06ab469a75256944c36383c4817288da1db87343fd8245e2c210fa0583dba5c2,2025-10-11T09:59:07+00:00,294,124,145,90,8.852,8.199999999999989,23,fit:06ab469a75256944c36383c4817288da1db87343fd8245e2c210fa0583dba5c2:segment:007,7,13468.0,13059,activities/049_251011081438.csv,1,1,0,0
fit:06ab469a75256944c36383c4817288da1db87343fd8245e2c210fa0583dba5c2,2025-10-11T09:59:08+00:00,295,127,144,90,8.807,8.399999999999977,23,fit:06ab469a75256944c36383c4817288da1db87343fd8245e2c210fa0583dba5c2:segment:007,7,13469.0,13060,activities/049_251011081438.csv,1,1,0,0
fit:06ab469a75256944c36383c4817288da1db87343fd8245e2c210fa0583dba5c2,2025-10-11T09:59:09+00:00,296,127,144,90,8.87,8.399999999999977,23,fit:06ab469a75256944c36383c4817288da1db87343fd8245e2c210fa0583dba5c2:segment:007,7,13470.0,13061,activities/049_251011081438.csv,1,1,0,0
fit:06ab469a75256944c36383c4817288da1db87343fd8245e2c210fa0583dba5c2,2025-10-11T09:59:10+00:00,297,99,144,90,8.946,8.399999999999977,23,fit:06ab469a75256944c36383c4817288da1db87343fd8245e2c210fa0583dba5c2:segment:007,7,13471.0,13062,activities/049_251011081438.csv,1,1,0,0
fit:06ab469a75256944c36383c4817288da1db87343fd8245e2c210fa0583dba5c2,2025-10-11T09:59:11+00:00,298,99,143,90,8.859,7.600000000000023,23,fit:06ab469a75256944c36383c4817288da1db87343fd8245e2c210fa0583dba5c2:segment:007,7,13472.0,13063,activities/049_251011081438.csv,1,1,0,0
fit:06ab469a75256944c36383c4817288da1db87343fd8245e2c210fa0583dba5c2,2025-10-11T09:59:12+00:00,299,99,143,90,8.699,7.199999999999989,23,fit:06ab469a75256944c36383c4817288da1db87343fd8245e2c210fa0583dba5c2:segment:007,7,13473.0,13064,activities/049_251011081438.csv,1,1,0,0
fit:06ab469a75256944c36383c4817288da1db87343fd8245e2c210fa0583dba5c2,2025-10-11T09:59:13+00:00,300,99,143,90,8.558,7.199999999999989,23,fit:06ab469a75256944c36383c4817288da1db87343fd8245e2c210fa0583dba5c2:segment:007,7,13474.0,13065,activities/049_251011081438.csv,1,1,0,0
fit:06ab469a75256944c36383c4817288da1db87343fd8245e2c210fa0583dba5c2,2025-10-11T09:59:14+00:00,301,99,143,90,8.422,7.199999999999989,23,fit:06ab469a75256944c36383c4817288da1db87343fd8245e2c210fa0583dba5c2:segment:007,7,13475.0,13066,activities/049_251011081438.csv,1,1,0,0
fit:06ab469a75256944c36383c4817288da1db87343fd8245e2c210fa0583dba5c2,2025-10-11T09:59:15+00:00,302,97,142,90,8.32,7.600000000000023,23,fit:06ab469a75256944c36383c4817288da1db87343fd8245e2c210fa0583dba5c2:segment:007,7,13476.0,13067,activities/049_251011081438.csv,1,1,0,0
fit:06ab469a75256944c36383c4817288da1db87343fd8245e2c210fa0583dba5c2,2025-10-11T09:59:16+00:00,303,87,142,88,8.223,7.199999999999989,23,fit:06ab469a75256944c36383c4817288da1db87343fd8245e2c210fa0583dba5c2:segment:007,7,13477.0,13068,activities/049_251011081438.csv,1,1,0,0
fit:06ab469a75256944c36383c4817288da1db87343fd8245e2c210fa0583dba5c2,2025-10-11T09:59:17+00:00,304,0,141,83,8.072,7.199999999999989,23,fit:06ab469a75256944c36383c4817288da1db87343fd8245e2c210fa0583dba5c2:segment:007,7,13478.0,13069,activities/049_251011081438.csv,1,1,0,0
fit:06ab469a75256944c36383c4817288da1db87343fd8245e2c210fa0583dba5c2,2025-10-11T09:59:18+00:00,305,0,141,0,7.967,7.199999999999989,23,fit:06ab469a75256944c36383c4817288da1db87343fd8245e2c210fa0583dba5c2:segment:007,7,13479.0,13070,activities/049_251011081438.csv,1,1,0,0
fit:06ab469a75256944c36383c4817288da1db87343fd8245e2c210fa0583dba5c2,2025-10-11T09:59:19+00:00,306,0,141,0,7.856,7.199999999999989,23,fit:06ab469a75256944c36383c4817288da1db87343fd8245e2c210fa0583dba5c2:segment:007,7,13480.0,13071,activities/049_251011081438.csv,1,1,0,0
fit:06ab469a75256944c36383c4817288da1db87343fd8245e2c210fa0583dba5c2,2025-10-11T09:59:20+00:00,307,0,140,0,7.765,7.199999999999989,23,fit:06ab469a75256944c36383c4817288da1db87343fd8245e2c210fa0583dba5c2:segment:007,7,13481.0,13072,activities/049_251011081438.csv,1,1,0,0
fit:06ab469a75256944c36383c4817288da1db87343fd8245e2c210fa0583dba5c2,2025-10-11T09:59:21+00:00,308,0,140,0,7.619,7.199999999999989,23,fit:06ab469a75256944c36383c4817288da1db87343fd8245e2c210fa0583dba5c2:segment:007,7,13482.0,13073,activities/049_251011081438.csv,1,1,0,0
fit:06ab469a75256944c36383c4817288da1db87343fd8245e2c210fa0583dba5c2,2025-10-11T09:59:22+00:00,309,0,140,0,7.619,7.199999999999989,23,fit:06ab469a75256944c36383c4817288da1db87343fd8245e2c210fa0583dba5c2:segment:007,7,13483.0,13074,activities/049_251011081438.csv,1,1,0,0
fit:06ab469a75256944c36383c4817288da1db87343fd8245e2c210fa0583dba5c2,2025-10-11T09:59:23+00:00,310,0,140,0,7.344,7.199999999999989,23,fit:06ab469a75256944c36383c4817288da1db87343fd8245e2c210fa0583dba5c2:segment:007,7,13484.0,13075,activities/049_251011081438.csv,1,1,0,0
fit:06ab469a75256944c36383c4817288da1db87343fd8245e2c210fa0583dba5c2,2025-10-11T09:59:24+00:00,311,0,139,0,7.184,7.600000000000023,23,fit:06ab469a75256944c36383c4817288da1db87343fd8245e2c210fa0583dba5c2:segment:007,7,13485.0,13076,activities/049_251011081438.csv,1,1,0,0
fit:06ab469a75256944c36383c4817288da1db87343fd8245e2c210fa0583dba5c2,2025-10-11T09:59:25+00:00,312,0,139,0,7.062,7.600000000000023,23,fit:06ab469a75256944c36383c4817288da1db87343fd8245e2c210fa0583dba5c2:segment:007,7,13486.0,13077,activities/049_251011081438.csv,1,1,0,0
fit:06ab469a75256944c36383c4817288da1db87343fd8245e2c210fa0583dba5c2,2025-10-11T09:59:26+00:00,313,0,139,0,7.062,7.600000000000023,23,fit:06ab469a75256944c36383c4817288da1db87343fd8245e2c210fa0583dba5c2:segment:007,7,13487.0,13078,activities/049_251011081438.csv,1,1,0,0
fit:06ab469a75256944c36383c4817288da1db87343fd8245e2c210fa0583dba5c2,2025-10-11T09:59:27+00:00,314,0,139,0,6.773,7.600000000000023,23,fit:06ab469a75256944c36383c4817288da1db87343fd8245e2c210fa0583dba5c2:segment:007,7,13488.0,13079,activities/049_251011081438.csv,1,1,0,0
fit:06ab469a75256944c36383c4817288da1db87343fd8245e2c210fa0583dba5c2,2025-10-11T09:59:28+00:00,315,0,139,0,5.68,8.199999999999989,23,fit:06ab469a75256944c36383c4817288da1db87343fd8245e2c210fa0583dba5c2:segment:007,7,13489.0,13080,activities/049_251011081438.csv,1,1,0,0
fit:06ab469a75256944c36383c4817288da1db87343fd8245e2c210fa0583dba5c2,2025-10-11T09:59:29+00:00,316,0,139,0,4.393,8.199999999999989,23,fit:06ab469a75256944c36383c4817288da1db87343fd8245e2c210fa0583dba5c2:segment:007,7,13490.0,13081,activities/049_251011081438.csv,1,1,0,0
fit:06ab469a75256944c36383c4817288da1db87343fd8245e2c210fa0583dba5c2,2025-10-11T09:59:30+00:00,317,0,139,0,2.842,8.199999999999989,23,fit:06ab469a75256944c36383c4817288da1db87343fd8245e2c210fa0583dba5c2:segment:007,7,13491.0,13082,activities/049_251011081438.csv,1,1,0,0
fit:06ab469a75256944c36383c4817288da1db87343fd8245e2c210fa0583dba5c2,2025-10-11T09:59:31+00:00,318,0,139,0,0.0,9.0,23,fit:06ab469a75256944c36383c4817288da1db87343fd8245e2c210fa0583dba5c2:segment:007,7,13492.0,13083,activities/049_251011081438.csv,1,1,0,0
