activity_id,timestamp,elapsed_seconds,power_w,heart_rate_bpm,cadence_rpm,speed_m_s,altitude_m,temperature_c
fit:b6d534b0d55965187aefb49f107f10e0595a495b5781239277071d1149e5e446,2025-06-15T07:50:52+00:00,0.0,77,93,60,0.0,298.4,26
fit:b6d534b0d55965187aefb49f107f10e0595a495b5781239277071d1149e5e446,2025-06-15T07:50:53+00:00,1.0,79,92,61,0.0,298.4,26
fit:b6d534b0d55965187aefb49f107f10e0595a495b5781239277071d1149e5e446,2025-06-15T07:50:54+00:00,2.0,79,92,61,6.204,297.4,26
fit:b6d534b0d55965187aefb49f107f10e0595a495b5781239277071d1149e5e446,2025-06-15T07:50:55+00:00,3.0,175,91,62,6.187,297.20000000000005,26
fit:b6d534b0d55965187aefb49f107f10e0595a495b5781239277071d1149e5e446,2025-06-15T07:50:56+00:00,4.0,134,91,63,6.089,297.20000000000005,26
fit:b6d534b0d55965187aefb49f107f10e0595a495b5781239277071d1149e5e446,2025-06-15T07:50:57+00:00,5.0,114,90,64,6.275,297.20000000000005,26
fit:b6d534b0d55965187aefb49f107f10e0595a495b5781239277071d1149e5e446,2025-06-15T07:50:58+00:00,6.0,95,90,64,6.287,297.79999999999995,26
fit:b6d534b0d55965187aefb49f107f10e0595a495b5781239277071d1149e5e446,2025-06-15T07:50:59+00:00,7.0,73,91,70,6.187,297.79999999999995,26
fit:b6d534b0d55965187aefb49f107f10e0595a495b5781239277071d1149e5e446,2025-06-15T07:51:00+00:00,8.0,51,93,70,6.19,297.79999999999995,26
fit:b6d534b0d55965187aefb49f107f10e0595a495b5781239277071d1149e5e446,2025-06-15T07:51:01+00:00,9.0,84,94,69,6.223,297.79999999999995,26
fit:b6d534b0d55965187aefb49f107f10e0595a495b5781239277071d1149e5e446,2025-06-15T07:51:02+00:00,10.0,74,94,68,6.115,297.6,26
fit:b6d534b0d55965187aefb49f107f10e0595a495b5781239277071d1149e5e446,2025-06-15T07:51:03+00:00,11.0,95,96,68,6.143,298.0,26
fit:b6d534b0d55965187aefb49f107f10e0595a495b5781239277071d1149e5e446,2025-06-15T07:51:04+00:00,12.0,101,97,68,6.146,298.0,26
fit:b6d534b0d55965187aefb49f107f10e0595a495b5781239277071d1149e5e446,2025-06-15T07:51:05+00:00,13.0,120,98,69,6.119,298.0,26
fit:b6d534b0d55965187aefb49f107f10e0595a495b5781239277071d1149e5e446,2025-06-15T07:51:06+00:00,14.0,132,98,70,6.214,298.20000000000005,26
fit:b6d534b0d55965187aefb49f107f10e0595a495b5781239277071d1149e5e446,2025-06-15T07:51:07+00:00,15.0,110,100,71,6.248,297.79999999999995,26
fit:b6d534b0d55965187aefb49f107f10e0595a495b5781239277071d1149e5e446,2025-06-15T07:51:08+00:00,16.0,60,101,70,6.209,297.79999999999995,27
fit:b6d534b0d55965187aefb49f107f10e0595a495b5781239277071d1149e5e446,2025-06-15T07:51:09+00:00,17.0,61,101,70,6.247,297.79999999999995,27
fit:b6d534b0d55965187aefb49f107f10e0595a495b5781239277071d1149e5e446,2025-06-15T07:51:10+00:00,18.0,66,101,69,6.172,297.79999999999995,27
fit:b6d534b0d55965187aefb49f107f10e0595a495b5781239277071d1149e5e446,2025-06-15T07:51:11+00:00,19.0,86,102,69,6.137,297.4,27
fit:b6d534b0d55965187aefb49f107f10e0595a495b5781239277071d1149e5e446,2025-06-15T07:51:12+00:00,20.0,86,102,69,6.055,297.4,27
fit:b6d534b0d55965187aefb49f107f10e0595a495b5781239277071d1149e5e446,2025-06-15T07:51:13+00:00,21.0,86,102,69,6.029,297.4,27
fit:b6d534b0d55965187aefb49f107f10e0595a495b5781239277071d1149e5e446,2025-06-15T07:51:14+00:00,22.0,86,102,69,5.796,298.0,27
fit:b6d534b0d55965187aefb49f107f10e0595a495b5781239277071d1149e5e446,2025-06-15T07:51:15+00:00,23.0,84,102,68,5.684,298.0,27
fit:b6d534b0d55965187aefb49f107f10e0595a495b5781239277071d1149e5e446,2025-06-15T07:51:16+00:00,24.0,77,102,65,5.526,298.0,27
fit:b6d534b0d55965187aefb49f107f10e0595a495b5781239277071d1149e5e446,2025-06-15T07:51:17+00:00,25.0,0,102,0,5.503,298.0,27
fit:b6d534b0d55965187aefb49f107f10e0595a495b5781239277071d1149e5e446,2025-06-15T07:51:18+00:00,26.0,0,102,0,5.251,298.6,27
fit:b6d534b0d55965187aefb49f107f10e0595a495b5781239277071d1149e5e446,2025-06-15T07:51:19+00:00,27.0,0,101,0,5.056,298.4,27
fit:b6d534b0d55965187aefb49f107f10e0595a495b5781239277071d1149e5e446,2025-06-15T07:51:20+00:00,28.0,86,101,46,4.934,298.4,27
fit:b6d534b0d55965187aefb49f107f10e0595a495b5781239277071d1149e5e446,2025-06-15T07:51:21+00:00,29.0,86,98,46,4.719,298.4,27
fit:b6d534b0d55965187aefb49f107f10e0595a495b5781239277071d1149e5e446,2025-06-15T07:51:22+00:00,30.0,57,94,40,4.687,298.6,27
fit:b6d534b0d55965187aefb49f107f10e0595a495b5781239277071d1149e5e446,2025-06-15T07:51:23+00:00,31.0,57,94,40,4.725,299.0,27
fit:b6d534b0d55965187aefb49f107f10e0595a495b5781239277071d1149e5e446,2025-06-15T07:51:24+00:00,32.0,36,91,24,4.706,299.0,27
fit:b6d534b0d55965187aefb49f107f10e0595a495b5781239277071d1149e5e446,2025-06-15T07:51:25+00:00,33.0,36,89,24,4.696,299.0,27
fit:b6d534b0d55965187aefb49f107f10e0595a495b5781239277071d1149e5e446,2025-06-15T07:51:26+00:00,34.0,37,87,24,4.713,298.4,27
fit:b6d534b0d55965187aefb49f107f10e0595a495b5781239277071d1149e5e446,2025-06-15T07:51:27+00:00,35.0,97,87,33,4.783,298.6,27
fit:b6d534b0d55965187aefb49f107f10e0595a495b5781239277071d1149e5e446,2025-06-15T07:51:28+00:00,36.0,134,87,58,4.979,298.6,27
fit:b6d534b0d55965187aefb49f107f10e0595a495b5781239277071d1149e5e446,2025-06-15T07:51:29+00:00,37.0,107,87,60,5.143,298.6,27
fit:b6d534b0d55965187aefb49f107f10e0595a495b5781239277071d1149e5e446,2025-06-15T07:51:30+00:00,38.0,107,87,60,5.174,298.6,27
fit:b6d534b0d55965187aefb49f107f10e0595a495b5781239277071d1149e5e446,2025-06-15T07:51:31+00:00,39.0,39,89,24,5.09,299.20000000000005,27
fit:b6d534b0d55965187aefb49f107f10e0595a495b5781239277071d1149e5e446,2025-06-15T07:51:32+00:00,40.0,187,91,61,5.299,299.20000000000005,27
fit:b6d534b0d55965187aefb49f107f10e0595a495b5781239277071d1149e5e446,2025-06-15T07:51:33+00:00,41.0,142,92,62,5.402,299.20000000000005,27
fit:b6d534b0d55965187aefb49f107f10e0595a495b5781239277071d1149e5e446,2025-06-15T07:51:34+00:00,42.0,108,92,64,5.526,299.0,27
fit:b6d534b0d55965187aefb49f107f10e0595a495b5781239277071d1149e5e446,2025-06-15T07:51:35+00:00,43.0,104,93,66,5.663,299.20000000000005,27
fit:b6d534b0d55965187aefb49f107f10e0595a495b5781239277071d1149e5e446,2025-06-15T07:51:36+00:00,44.0,123,93,68,5.845,299.20000000000005,27
fit:b6d534b0d55965187aefb49f107f10e0595a495b5781239277071d1149e5e446,2025-06-15T07:51:37+00:00,45.0,119,93,72,5.992,299.20000000000005,27
fit:b6d534b0d55965187aefb49f107f10e0595a495b5781239277071d1149e5e446,2025-06-15T07:51:38+00:00,46.0,109,94,73,6.191,298.6,27
fit:b6d534b0d55965187aefb49f107f10e0595a495b5781239277071d1149e5e446,2025-06-15T07:51:39+00:00,47.0,99,94,73,6.386,298.0,27
fit:b6d534b0d55965187aefb49f107f10e0595a495b5781239277071d1149e5e446,2025-06-15T07:51:40+00:00,48.0,99,94,73,6.441,298.0,27
fit:b6d534b0d55965187aefb49f107f10e0595a495b5781239277071d1149e5e446,2025-06-15T07:51:41+00:00,49.0,99,95,73,6.421,298.0,27
fit:b6d534b0d55965187aefb49f107f10e0595a495b5781239277071d1149e5e446,2025-06-15T07:51:42+00:00,50.0,89,95,69,6.391,298.79999999999995,27
fit:b6d534b0d55965187aefb49f107f10e0595a495b5781239277071d1149e5e446,2025-06-15T07:51:43+00:00,51.0,0,95,0,6.324,298.6,27
fit:b6d534b0d55965187aefb49f107f10e0595a495b5781239277071d1149e5e446,2025-06-15T07:51:44+00:00,52.0,0,94,0,6.245,298.6,27
fit:b6d534b0d55965187aefb49f107f10e0595a495b5781239277071d1149e5e446,2025-06-15T07:51:45+00:00,53.0,0,94,0,6.172,298.6,27
fit:b6d534b0d55965187aefb49f107f10e0595a495b5781239277071d1149e5e446,2025-06-15T07:51:46+00:00,54.0,102,94,61,6.033,298.6,27
fit:b6d534b0d55965187aefb49f107f10e0595a495b5781239277071d1149e5e446,2025-06-15T07:51:47+00:00,55.0,132,92,69,6.108,298.4,27
fit:b6d534b0d55965187aefb49f107f10e0595a495b5781239277071d1149e5e446,2025-06-15T07:51:48+00:00,56.0,101,92,70,6.169,298.4,27
fit:b6d534b0d55965187aefb49f107f10e0595a495b5781239277071d1149e5e446,2025-06-15T07:51:49+00:00,57.0,128,92,71,6.235,298.4,27
fit:b6d534b0d55965187aefb49f107f10e0595a495b5781239277071d1149e5e446,2025-06-15T07:51:50+00:00,58.0,98,92,72,6.291,298.4,27
fit:b6d534b0d55965187aefb49f107f10e0595a495b5781239277071d1149e5e446,2025-06-15T07:51:51+00:00,59.0,104,92,73,6.414,298.4,27
fit:b6d534b0d55965187aefb49f107f10e0595a495b5781239277071d1149e5e446,2025-06-15T07:51:52+00:00,60.0,76,93,74,6.498,298.4,27
fit:b6d534b0d55965187aefb49f107f10e0595a495b5781239277071d1149e5e446,2025-06-15T07:51:53+00:00,61.0,65,95,74,6.56,298.4,27
fit:b6d534b0d55965187aefb49f107f10e0595a495b5781239277071d1149e5e446,2025-06-15T07:51:54+00:00,62.0,59,95,74,6.575,298.4,27
fit:b6d534b0d55965187aefb49f107f10e0595a495b5781239277071d1149e5e446,2025-06-15T07:51:55+00:00,63.0,60,95,75,6.644,298.6,27
fit:b6d534b0d55965187aefb49f107f10e0595a495b5781239277071d1149e5e446,2025-06-15T07:51:56+00:00,64.0,63,95,75,6.632,298.6,27
fit:b6d534b0d55965187aefb49f107f10e0595a495b5781239277071d1149e5e446,2025-06-15T07:51:57+00:00,65.0,63,95,75,6.689,298.6,27
fit:b6d534b0d55965187aefb49f107f10e0595a495b5781239277071d1149e5e446,2025-06-15T07:51:58+00:00,66.0,69,94,76,6.684,298.0,27
fit:b6d534b0d55965187aefb49f107f10e0595a495b5781239277071d1149e5e446,2025-06-15T07:51:59+00:00,67.0,103,94,76,6.767,297.6,27
fit:b6d534b0d55965187aefb49f107f10e0595a495b5781239277071d1149e5e446,2025-06-15T07:52:00+00:00,68.0,149,93,77,6.777,297.6,27
fit:b6d534b0d55965187aefb49f107f10e0595a495b5781239277071d1149e5e446,2025-06-15T07:52:01+00:00,69.0,175,92,78,6.832,297.6,27
fit:b6d534b0d55965187aefb49f107f10e0595a495b5781239277071d1149e5e446,2025-06-15T07:52:02+00:00,70.0,102,92,78,6.976,297.6,27
fit:b6d534b0d55965187aefb49f107f10e0595a495b5781239277071d1149e5e446,2025-06-15T07:52:03+00:00,71.0,103,92,78,6.995,296.6,27
fit:b6d534b0d55965187aefb49f107f10e0595a495b5781239277071d1149e5e446,2025-06-15T07:52:04+00:00,72.0,107,92,77,6.941,296.6,27
fit:b6d534b0d55965187aefb49f107f10e0595a495b5781239277071d1149e5e446,2025-06-15T07:52:05+00:00,73.0,119,93,77,6.85,296.6,27
fit:b6d534b0d55965187aefb49f107f10e0595a495b5781239277071d1149e5e446,2025-06-15T07:52:06+00:00,74.0,141,95,76,6.807,296.6,27
fit:b6d534b0d55965187aefb49f107f10e0595a495b5781239277071d1149e5e446,2025-06-15T07:52:07+00:00,75.0,103,97,76,6.769,297.20000000000005,27
fit:b6d534b0d55965187aefb49f107f10e0595a495b5781239277071d1149e5e446,2025-06-15T07:52:08+00:00,76.0,103,98,76,6.677,297.20000000000005,27
fit:b6d534b0d55965187aefb49f107f10e0595a495b5781239277071d1149e5e446,2025-06-15T07:52:09+00:00,77.0,103,98,76,6.494,297.20000000000005,27
fit:b6d534b0d55965187aefb49f107f10e0595a495b5781239277071d1149e5e446,2025-06-15T07:52:10+00:00,78.0,103,98,76,6.295,298.20000000000005,27
fit:b6d534b0d55965187aefb49f107f10e0595a495b5781239277071d1149e5e446,2025-06-15T07:52:11+00:00,79.0,103,98,76,6.135,298.0,27
fit:b6d534b0d55965187aefb49f107f10e0595a495b5781239277071d1149e5e446,2025-06-15T07:52:12+00:00,80.0,6,97,0,5.963,298.0,27
fit:b6d534b0d55965187aefb49f107f10e0595a495b5781239277071d1149e5e446,2025-06-15T07:52:13+00:00,81.0,149,96,63,5.784,298.0,27
fit:b6d534b0d55965187aefb49f107f10e0595a495b5781239277071d1149e5e446,2025-06-15T07:52:14+00:00,82.0,239,96,63,5.611,299.0,27
fit:b6d534b0d55965187aefb49f107f10e0595a495b5781239277071d1149e5e446,2025-06-15T07:52:15+00:00,83.0,239,95,63,5.777,298.79999999999995,27
fit:b6d534b0d55965187aefb49f107f10e0595a495b5781239277071d1149e5e446,2025-06-15T07:52:16+00:00,84.0,239,94,63,5.931,298.79999999999995,27
fit:b6d534b0d55965187aefb49f107f10e0595a495b5781239277071d1149e5e446,2025-06-15T07:52:17+00:00,85.0,239,93,63,5.981,298.79999999999995,27
fit:b6d534b0d55965187aefb49f107f10e0595a495b5781239277071d1149e5e446,2025-06-15T07:52:18+00:00,86.0,220,94,60,5.858,298.79999999999995,27
fit:b6d534b0d55965187aefb49f107f10e0595a495b5781239277071d1149e5e446,2025-06-15T07:52:19+00:00,87.0,203,95,58,5.988,298.0,27
fit:b6d534b0d55965187aefb49f107f10e0595a495b5781239277071d1149e5e446,2025-06-15T07:52:20+00:00,88.0,180,95,54,5.785,298.0,27
fit:b6d534b0d55965187aefb49f107f10e0595a495b5781239277071d1149e5e446,2025-06-15T07:52:21+00:00,89.0,0,96,0,5.622,298.0,27
fit:b6d534b0d55965187aefb49f107f10e0595a495b5781239277071d1149e5e446,2025-06-15T07:52:22+00:00,90.0,0,97,0,5.607,298.0,27
fit:b6d534b0d55965187aefb49f107f10e0595a495b5781239277071d1149e5e446,2025-06-15T07:52:23+00:00,91.0,147,97,65,5.745,298.0,27
fit:b6d534b0d55965187aefb49f107f10e0595a495b5781239277071d1149e5e446,2025-06-15T07:52:24+00:00,92.0,147,97,65,5.872,298.0,27
fit:b6d534b0d55965187aefb49f107f10e0595a495b5781239277071d1149e5e446,2025-06-15T07:52:25+00:00,93.0,148,97,65,5.882,298.0,27
fit:b6d534b0d55965187aefb49f107f10e0595a495b5781239277071d1149e5e446,2025-06-15T07:52:26+00:00,94.0,145,98,67,5.924,298.4,27
fit:b6d534b0d55965187aefb49f107f10e0595a495b5781239277071d1149e5e446,2025-06-15T07:52:27+00:00,95.0,145,99,67,6.049,298.0,27
fit:b6d534b0d55965187aefb49f107f10e0595a495b5781239277071d1149e5e446,2025-06-15T07:52:28+00:00,96.0,145,100,67,6.133,298.0,27
fit:b6d534b0d55965187aefb49f107f10e0595a495b5781239277071d1149e5e446,2025-06-15T07:52:29+00:00,97.0,136,100,65,6.164,298.0,27
fit:b6d534b0d55965187aefb49f107f10e0595a495b5781239277071d1149e5e446,2025-06-15T07:52:30+00:00,98.0,95,101,69,6.093,298.6,27
fit:b6d534b0d55965187aefb49f107f10e0595a495b5781239277071d1149e5e446,2025-06-15T07:52:31+00:00,99.0,95,102,69,6.166,297.4,27
fit:b6d534b0d55965187aefb49f107f10e0595a495b5781239277071d1149e5e446,2025-06-15T07:52:32+00:00,100.0,95,102,70,6.162,297.4,27
fit:b6d534b0d55965187aefb49f107f10e0595a495b5781239277071d1149e5e446,2025-06-15T07:52:33+00:00,101.0,169,102,73,6.314,297.4,27
fit:b6d534b0d55965187aefb49f107f10e0595a495b5781239277071d1149e5e446,2025-06-15T07:52:34+00:00,102.0,147,102,75,6.417,297.6,27
fit:b6d534b0d55965187aefb49f107f10e0595a495b5781239277071d1149e5e446,2025-06-15T07:52:35+00:00,103.0,147,101,75,6.523,297.4,27
fit:b6d534b0d55965187aefb49f107f10e0595a495b5781239277071d1149e5e446,2025-06-15T07:52:36+00:00,104.0,139,101,77,6.691,297.4,27
fit:b6d534b0d55965187aefb49f107f10e0595a495b5781239277071d1149e5e446,2025-06-15T07:52:37+00:00,105.0,124,100,78,6.773,297.4,27
fit:b6d534b0d55965187aefb49f107f10e0595a495b5781239277071d1149e5e446,2025-06-15T07:52:38+00:00,106.0,124,100,78,6.824,296.6,27
fit:b6d534b0d55965187aefb49f107f10e0595a495b5781239277071d1149e5e446,2025-06-15T07:52:39+00:00,107.0,92,100,79,6.922,296.6,27
fit:b6d534b0d55965187aefb49f107f10e0595a495b5781239277071d1149e5e446,2025-06-15T07:52:40+00:00,108.0,92,102,79,6.884,296.6,27
fit:b6d534b0d55965187aefb49f107f10e0595a495b5781239277071d1149e5e446,2025-06-15T07:52:41+00:00,109.0,5,104,30,6.865,296.6,27
fit:b6d534b0d55965187aefb49f107f10e0595a495b5781239277071d1149e5e446,2025-06-15T07:52:42+00:00,110.0,115,105,76,6.775,296.6,27
fit:b6d534b0d55965187aefb49f107f10e0595a495b5781239277071d1149e5e446,2025-06-15T07:52:43+00:00,111.0,115,105,76,6.857,296.4,27
fit:b6d534b0d55965187aefb49f107f10e0595a495b5781239277071d1149e5e446,2025-06-15T07:52:44+00:00,112.0,115,105,76,6.745,296.4,27
fit:b6d534b0d55965187aefb49f107f10e0595a495b5781239277071d1149e5e446,2025-06-15T07:52:45+00:00,113.0,115,105,24,6.649,296.4,27
fit:b6d534b0d55965187aefb49f107f10e0595a495b5781239277071d1149e5e446,2025-06-15T07:52:46+00:00,114.0,108,104,75,6.648,296.4,27
fit:b6d534b0d55965187aefb49f107f10e0595a495b5781239277071d1149e5e446,2025-06-15T07:52:47+00:00,115.0,118,103,75,6.681,297.20000000000005,27
fit:b6d534b0d55965187aefb49f107f10e0595a495b5781239277071d1149e5e446,2025-06-15T07:52:48+00:00,116.0,170,101,78,6.7,297.20000000000005,27
fit:b6d534b0d55965187aefb49f107f10e0595a495b5781239277071d1149e5e446,2025-06-15T07:52:49+00:00,117.0,128,101,79,6.791,297.20000000000005,27
fit:b6d534b0d55965187aefb49f107f10e0595a495b5781239277071d1149e5e446,2025-06-15T07:52:50+00:00,118.0,154,101,80,6.894,296.6,27
fit:b6d534b0d55965187aefb49f107f10e0595a495b5781239277071d1149e5e446,2025-06-15T07:52:51+00:00,119.0,122,101,81,7.047,297.20000000000005,27
fit:b6d534b0d55965187aefb49f107f10e0595a495b5781239277071d1149e5e446,2025-06-15T07:52:52+00:00,120.0,92,101,81,7.16,297.20000000000005,27
fit:b6d534b0d55965187aefb49f107f10e0595a495b5781239277071d1149e5e446,2025-06-15T07:52:53+00:00,121.0,108,101,81,7.183,297.20000000000005,27
fit:b6d534b0d55965187aefb49f107f10e0595a495b5781239277071d1149e5e446,2025-06-15T07:52:54+00:00,122.0,144,101,82,7.247,296.20000000000005,27
fit:b6d534b0d55965187aefb49f107f10e0595a495b5781239277071d1149e5e446,2025-06-15T07:52:55+00:00,123.0,204,101,82,7.295,296.4,27
fit:b6d534b0d55965187aefb49f107f10e0595a495b5781239277071d1149e5e446,2025-06-15T07:52:56+00:00,124.0,231,101,82,7.307,296.4,27
fit:b6d534b0d55965187aefb49f107f10e0595a495b5781239277071d1149e5e446,2025-06-15T07:52:57+00:00,125.0,306,101,84,7.345,296.4,27
fit:b6d534b0d55965187aefb49f107f10e0595a495b5781239277071d1149e5e446,2025-06-15T07:52:58+00:00,126.0,269,101,84,7.358,295.6,27
fit:b6d534b0d55965187aefb49f107f10e0595a495b5781239277071d1149e5e446,2025-06-15T07:52:59+00:00,127.0,233,101,84,7.452,295.6,27
fit:b6d534b0d55965187aefb49f107f10e0595a495b5781239277071d1149e5e446,2025-06-15T07:53:00+00:00,128.0,242,101,84,7.573,295.6,27
fit:b6d534b0d55965187aefb49f107f10e0595a495b5781239277071d1149e5e446,2025-06-15T07:53:01+00:00,129.0,223,101,85,7.508,295.6,27
fit:b6d534b0d55965187aefb49f107f10e0595a495b5781239277071d1149e5e446,2025-06-15T07:53:02+00:00,130.0,300,103,87,7.6,296.0,27
fit:b6d534b0d55965187aefb49f107f10e0595a495b5781239277071d1149e5e446,2025-06-15T07:53:03+00:00,131.0,133,105,86,7.673,296.0,27
fit:b6d534b0d55965187aefb49f107f10e0595a495b5781239277071d1149e5e446,2025-06-15T07:53:04+00:00,132.0,134,107,86,7.658,296.0,27
fit:b6d534b0d55965187aefb49f107f10e0595a495b5781239277071d1149e5e446,2025-06-15T07:53:05+00:00,133.0,38,110,39,7.55,296.0,27
fit:b6d534b0d55965187aefb49f107f10e0595a495b5781239277071d1149e5e446,2025-06-15T07:53:06+00:00,134.0,208,110,85,7.478,297.0,27
fit:b6d534b0d55965187aefb49f107f10e0595a495b5781239277071d1149e5e446,2025-06-15T07:53:07+00:00,135.0,219,111,86,7.701,297.4,27
fit:b6d534b0d55965187aefb49f107f10e0595a495b5781239277071d1149e5e446,2025-06-15T07:53:08+00:00,136.0,153,112,87,7.732,297.4,27
fit:b6d534b0d55965187aefb49f107f10e0595a495b5781239277071d1149e5e446,2025-06-15T07:53:09+00:00,137.0,153,113,87,7.723,297.4,27
fit:b6d534b0d55965187aefb49f107f10e0595a495b5781239277071d1149e5e446,2025-06-15T07:53:10+00:00,138.0,11,115,27,7.702,297.4,27
fit:b6d534b0d55965187aefb49f107f10e0595a495b5781239277071d1149e5e446,2025-06-15T07:53:11+00:00,139.0,125,115,89,7.823,297.0,27
fit:b6d534b0d55965187aefb49f107f10e0595a495b5781239277071d1149e5e446,2025-06-15T07:53:12+00:00,140.0,71,115,90,7.902,297.0,27
fit:b6d534b0d55965187aefb49f107f10e0595a495b5781239277071d1149e5e446,2025-06-15T07:53:13+00:00,141.0,86,115,91,8.022,297.0,27
fit:b6d534b0d55965187aefb49f107f10e0595a495b5781239277071d1149e5e446,2025-06-15T07:53:14+00:00,142.0,87,115,91,8.106,296.0,27
fit:b6d534b0d55965187aefb49f107f10e0595a495b5781239277071d1149e5e446,2025-06-15T07:53:15+00:00,143.0,19,114,52,8.063,295.4,27
fit:b6d534b0d55965187aefb49f107f10e0595a495b5781239277071d1149e5e446,2025-06-15T07:53:16+00:00,144.0,20,113,52,7.99,295.4,27
fit:b6d534b0d55965187aefb49f107f10e0595a495b5781239277071d1149e5e446,2025-06-15T07:53:17+00:00,145.0,103,111,90,8.055,295.4,27
fit:b6d534b0d55965187aefb49f107f10e0595a495b5781239277071d1149e5e446,2025-06-15T07:53:18+00:00,146.0,103,110,90,7.986,295.4,27
fit:b6d534b0d55965187aefb49f107f10e0595a495b5781239277071d1149e5e446,2025-06-15T07:53:19+00:00,147.0,50,109,87,7.856,295.4,27
fit:b6d534b0d55965187aefb49f107f10e0595a495b5781239277071d1149e5e446,2025-06-15T07:53:20+00:00,148.0,216,109,87,7.755,295.4,27
fit:b6d534b0d55965187aefb49f107f10e0595a495b5781239277071d1149e5e446,2025-06-15T07:53:21+00:00,149.0,274,108,88,7.842,295.4,27
fit:b6d534b0d55965187aefb49f107f10e0595a495b5781239277071d1149e5e446,2025-06-15T07:53:22+00:00,150.0,179,108,90,8.031,295.4,27
fit:b6d534b0d55965187aefb49f107f10e0595a495b5781239277071d1149e5e446,2025-06-15T07:53:23+00:00,151.0,176,109,90,7.981,295.4,27
fit:b6d534b0d55965187aefb49f107f10e0595a495b5781239277071d1149e5e446,2025-06-15T07:53:24+00:00,152.0,180,110,90,8.092,295.4,27
fit:b6d534b0d55965187aefb49f107f10e0595a495b5781239277071d1149e5e446,2025-06-15T07:53:25+00:00,153.0,179,111,90,8.02,295.4,27
fit:b6d534b0d55965187aefb49f107f10e0595a495b5781239277071d1149e5e446,2025-06-15T07:53:26+00:00,154.0,179,113,89,8.026,295.0,27
fit:b6d534b0d55965187aefb49f107f10e0595a495b5781239277071d1149e5e446,2025-06-15T07:53:27+00:00,155.0,203,114,89,8.037,294.20000000000005,27
fit:b6d534b0d55965187aefb49f107f10e0595a495b5781239277071d1149e5e446,2025-06-15T07:53:28+00:00,156.0,196,116,89,8.027,294.20000000000005,27
fit:b6d534b0d55965187aefb49f107f10e0595a495b5781239277071d1149e5e446,2025-06-15T07:53:29+00:00,157.0,217,116,90,8.015,294.20000000000005,27
fit:b6d534b0d55965187aefb49f107f10e0595a495b5781239277071d1149e5e446,2025-06-15T07:53:30+00:00,158.0,218,117,90,8.089,295.20000000000005,27
fit:b6d534b0d55965187aefb49f107f10e0595a495b5781239277071d1149e5e446,2025-06-15T07:53:31+00:00,159.0,137,117,91,8.219,295.0,27
fit:b6d534b0d55965187aefb49f107f10e0595a495b5781239277071d1149e5e446,2025-06-15T07:53:32+00:00,160.0,172,117,91,8.245,295.0,27
fit:b6d534b0d55965187aefb49f107f10e0595a495b5781239277071d1149e5e446,2025-06-15T07:53:33+00:00,161.0,194,117,92,8.189,295.0,27
fit:b6d534b0d55965187aefb49f107f10e0595a495b5781239277071d1149e5e446,2025-06-15T07:53:34+00:00,162.0,206,117,92,8.192,295.0,27
fit:b6d534b0d55965187aefb49f107f10e0595a495b5781239277071d1149e5e446,2025-06-15T07:53:35+00:00,163.0,206,118,92,8.223,295.4,27
fit:b6d534b0d55965187aefb49f107f10e0595a495b5781239277071d1149e5e446,2025-06-15T07:53:36+00:00,164.0,184,119,92,8.26,295.4,27
fit:b6d534b0d55965187aefb49f107f10e0595a495b5781239277071d1149e5e446,2025-06-15T07:53:37+00:00,165.0,160,119,93,8.211,295.4,27
fit:b6d534b0d55965187aefb49f107f10e0595a495b5781239277071d1149e5e446,2025-06-15T07:53:38+00:00,166.0,157,121,93,8.143,295.4,27
fit:b6d534b0d55965187aefb49f107f10e0595a495b5781239277071d1149e5e446,2025-06-15T07:53:39+00:00,167.0,157,123,93,8.128,295.20000000000005,27
fit:b6d534b0d55965187aefb49f107f10e0595a495b5781239277071d1149e5e446,2025-06-15T07:53:40+00:00,168.0,154,123,93,8.257,295.20000000000005,27
fit:b6d534b0d55965187aefb49f107f10e0595a495b5781239277071d1149e5e446,2025-06-15T07:53:41+00:00,169.0,171,124,93,8.276,295.20000000000005,27
fit:b6d534b0d55965187aefb49f107f10e0595a495b5781239277071d1149e5e446,2025-06-15T07:53:42+00:00,170.0,170,125,94,8.335,295.6,27
fit:b6d534b0d55965187aefb49f107f10e0595a495b5781239277071d1149e5e446,2025-06-15T07:53:43+00:00,171.0,164,125,94,8.356,295.4,27
fit:b6d534b0d55965187aefb49f107f10e0595a495b5781239277071d1149e5e446,2025-06-15T07:53:44+00:00,172.0,209,125,95,8.343,295.4,27
fit:b6d534b0d55965187aefb49f107f10e0595a495b5781239277071d1149e5e446,2025-06-15T07:53:45+00:00,173.0,210,125,95,8.426,295.4,27
fit:b6d534b0d55965187aefb49f107f10e0595a495b5781239277071d1149e5e446,2025-06-15T07:53:46+00:00,174.0,179,125,96,8.417,295.4,27
fit:b6d534b0d55965187aefb49f107f10e0595a495b5781239277071d1149e5e446,2025-06-15T07:53:47+00:00,175.0,179,124,96,8.54,295.4,27
fit:b6d534b0d55965187aefb49f107f10e0595a495b5781239277071d1149e5e446,2025-06-15T07:53:48+00:00,176.0,169,125,97,8.655,295.4,27
fit:b6d534b0d55965187aefb49f107f10e0595a495b5781239277071d1149e5e446,2025-06-15T07:53:49+00:00,177.0,155,125,98,8.647,295.4,27
fit:b6d534b0d55965187aefb49f107f10e0595a495b5781239277071d1149e5e446,2025-06-15T07:53:50+00:00,178.0,155,125,98,8.659,295.6,27
fit:b6d534b0d55965187aefb49f107f10e0595a495b5781239277071d1149e5e446,2025-06-15T07:53:51+00:00,179.0,159,126,98,8.807,295.79999999999995,27
fit:b6d534b0d55965187aefb49f107f10e0595a495b5781239277071d1149e5e446,2025-06-15T07:53:52+00:00,180.0,135,127,98,8.757,295.79999999999995,27
fit:b6d534b0d55965187aefb49f107f10e0595a495b5781239277071d1149e5e446,2025-06-15T07:53:53+00:00,181.0,141,128,99,8.698,295.79999999999995,27
fit:b6d534b0d55965187aefb49f107f10e0595a495b5781239277071d1149e5e446,2025-06-15T07:53:54+00:00,182.0,128,128,99,8.834,294.79999999999995,27
fit:b6d534b0d55965187aefb49f107f10e0595a495b5781239277071d1149e5e446,2025-06-15T07:53:55+00:00,183.0,128,128,98,8.798,295.0,27
fit:b6d534b0d55965187aefb49f107f10e0595a495b5781239277071d1149e5e446,2025-06-15T07:53:56+00:00,184.0,128,128,98,8.754,295.0,27
fit:b6d534b0d55965187aefb49f107f10e0595a495b5781239277071d1149e5e446,2025-06-15T07:53:57+00:00,185.0,122,128,98,8.683,295.0,27
fit:b6d534b0d55965187aefb49f107f10e0595a495b5781239277071d1149e5e446,2025-06-15T07:53:58+00:00,186.0,120,127,97,8.704,295.0,27
fit:b6d534b0d55965187aefb49f107f10e0595a495b5781239277071d1149e5e446,2025-06-15T07:53:59+00:00,187.0,125,127,97,8.667,294.0,27
fit:b6d534b0d55965187aefb49f107f10e0595a495b5781239277071d1149e5e446,2025-06-15T07:54:00+00:00,188.0,112,127,97,8.614,294.0,27
fit:b6d534b0d55965187aefb49f107f10e0595a495b5781239277071d1149e5e446,2025-06-15T07:54:01+00:00,189.0,95,127,97,8.627,294.0,27
fit:b6d534b0d55965187aefb49f107f10e0595a495b5781239277071d1149e5e446,2025-06-15T07:54:02+00:00,190.0,117,127,96,8.713,294.6,27
fit:b6d534b0d55965187aefb49f107f10e0595a495b5781239277071d1149e5e446,2025-06-15T07:54:03+00:00,191.0,117,126,96,8.676,294.0,27
fit:b6d534b0d55965187aefb49f107f10e0595a495b5781239277071d1149e5e446,2025-06-15T07:54:04+00:00,192.0,124,126,95,8.486,294.0,27
fit:b6d534b0d55965187aefb49f107f10e0595a495b5781239277071d1149e5e446,2025-06-15T07:54:05+00:00,193.0,135,125,94,8.377,294.0,27
fit:b6d534b0d55965187aefb49f107f10e0595a495b5781239277071d1149e5e446,2025-06-15T07:54:06+00:00,194.0,135,124,94,8.356,294.0,27
fit:b6d534b0d55965187aefb49f107f10e0595a495b5781239277071d1149e5e446,2025-06-15T07:54:07+00:00,195.0,140,123,94,8.391,294.4,27
fit:b6d534b0d55965187aefb49f107f10e0595a495b5781239277071d1149e5e446,2025-06-15T07:54:08+00:00,196.0,115,121,92,8.359,294.4,27
fit:b6d534b0d55965187aefb49f107f10e0595a495b5781239277071d1149e5e446,2025-06-15T07:54:09+00:00,197.0,107,119,91,8.287,294.4,27
fit:b6d534b0d55965187aefb49f107f10e0595a495b5781239277071d1149e5e446,2025-06-15T07:54:10+00:00,198.0,114,118,90,8.143,294.4,27
fit:b6d534b0d55965187aefb49f107f10e0595a495b5781239277071d1149e5e446,2025-06-15T07:54:11+00:00,199.0,130,116,90,8.08,294.79999999999995,27
fit:b6d534b0d55965187aefb49f107f10e0595a495b5781239277071d1149e5e446,2025-06-15T07:54:12+00:00,200.0,139,116,88,7.912,294.79999999999995,27
fit:b6d534b0d55965187aefb49f107f10e0595a495b5781239277071d1149e5e446,2025-06-15T07:54:13+00:00,201.0,159,116,88,7.951,294.79999999999995,27
fit:b6d534b0d55965187aefb49f107f10e0595a495b5781239277071d1149e5e446,2025-06-15T07:54:14+00:00,202.0,159,116,87,7.852,294.79999999999995,27
fit:b6d534b0d55965187aefb49f107f10e0595a495b5781239277071d1149e5e446,2025-06-15T07:54:15+00:00,203.0,120,116,86,7.849,294.79999999999995,27
fit:b6d534b0d55965187aefb49f107f10e0595a495b5781239277071d1149e5e446,2025-06-15T07:54:16+00:00,204.0,120,115,86,7.832,294.79999999999995,27
fit:b6d534b0d55965187aefb49f107f10e0595a495b5781239277071d1149e5e446,2025-06-15T07:54:17+00:00,205.0,127,115,86,7.781,294.79999999999995,27
fit:b6d534b0d55965187aefb49f107f10e0595a495b5781239277071d1149e5e446,2025-06-15T07:54:18+00:00,206.0,135,115,85,7.714,294.79999999999995,27
fit:b6d534b0d55965187aefb49f107f10e0595a495b5781239277071d1149e5e446,2025-06-15T07:54:19+00:00,207.0,136,115,85,7.579,295.0,27
fit:b6d534b0d55965187aefb49f107f10e0595a495b5781239277071d1149e5e446,2025-06-15T07:54:20+00:00,208.0,136,115,85,7.446,295.0,27
fit:b6d534b0d55965187aefb49f107f10e0595a495b5781239277071d1149e5e446,2025-06-15T07:54:21+00:00,209.0,136,116,85,7.263,295.0,27
fit:b6d534b0d55965187aefb49f107f10e0595a495b5781239277071d1149e5e446,2025-06-15T07:54:22+00:00,210.0,5,116,0,7.072,295.0,27
fit:b6d534b0d55965187aefb49f107f10e0595a495b5781239277071d1149e5e446,2025-06-15T07:54:23+00:00,211.0,4,116,76,6.988,295.4,27
fit:b6d534b0d55965187aefb49f107f10e0595a495b5781239277071d1149e5e446,2025-06-15T07:54:24+00:00,212.0,150,116,76,6.763,295.4,27
fit:b6d534b0d55965187aefb49f107f10e0595a495b5781239277071d1149e5e446,2025-06-15T07:54:25+00:00,213.0,150,115,76,6.602,295.4,27
fit:b6d534b0d55965187aefb49f107f10e0595a495b5781239277071d1149e5e446,2025-06-15T07:54:26+00:00,214.0,150,115,76,6.379,296.0,27
fit:b6d534b0d55965187aefb49f107f10e0595a495b5781239277071d1149e5e446,2025-06-15T07:54:27+00:00,215.0,150,114,76,6.199,296.20000000000005,27
fit:b6d534b0d55965187aefb49f107f10e0595a495b5781239277071d1149e5e446,2025-06-15T07:54:28+00:00,216.0,5,112,0,5.988,296.20000000000005,27
fit:b6d534b0d55965187aefb49f107f10e0595a495b5781239277071d1149e5e446,2025-06-15T07:54:29+00:00,217.0,124,111,69,6.081,296.20000000000005,27
fit:b6d534b0d55965187aefb49f107f10e0595a495b5781239277071d1149e5e446,2025-06-15T07:54:30+00:00,218.0,125,109,69,6.199,296.20000000000005,27
fit:b6d534b0d55965187aefb49f107f10e0595a495b5781239277071d1149e5e446,2025-06-15T07:54:31+00:00,219.0,125,108,69,6.26,295.79999999999995,27
fit:b6d534b0d55965187aefb49f107f10e0595a495b5781239277071d1149e5e446,2025-06-15T07:54:32+00:00,220.0,125,108,69,6.293,295.79999999999995,27
fit:b6d534b0d55965187aefb49f107f10e0595a495b5781239277071d1149e5e446,2025-06-15T07:54:33+00:00,221.0,243,108,0,6.435,295.79999999999995,27
fit:b6d534b0d55965187aefb49f107f10e0595a495b5781239277071d1149e5e446,2025-06-15T07:54:34+00:00,222.0,229,108,78,6.585,295.4,27
fit:b6d534b0d55965187aefb49f107f10e0595a495b5781239277071d1149e5e446,2025-06-15T07:54:35+00:00,223.0,200,107,81,6.731,294.20000000000005,27
fit:b6d534b0d55965187aefb49f107f10e0595a495b5781239277071d1149e5e446,2025-06-15T07:54:36+00:00,224.0,200,106,81,6.941,294.20000000000005,27
fit:b6d534b0d55965187aefb49f107f10e0595a495b5781239277071d1149e5e446,2025-06-15T07:54:37+00:00,225.0,180,105,84,7.212,294.20000000000005,27
fit:b6d534b0d55965187aefb49f107f10e0595a495b5781239277071d1149e5e446,2025-06-15T07:54:38+00:00,226.0,150,105,86,7.461,294.6,27
fit:b6d534b0d55965187aefb49f107f10e0595a495b5781239277071d1149e5e446,2025-06-15T07:54:39+00:00,227.0,147,104,86,7.574,294.6,27
fit:b6d534b0d55965187aefb49f107f10e0595a495b5781239277071d1149e5e446,2025-06-15T07:54:40+00:00,228.0,148,105,86,7.629,294.6,27
fit:b6d534b0d55965187aefb49f107f10e0595a495b5781239277071d1149e5e446,2025-06-15T07:54:41+00:00,229.0,148,104,86,7.639,294.6,27
fit:b6d534b0d55965187aefb49f107f10e0595a495b5781239277071d1149e5e446,2025-06-15T07:54:42+00:00,230.0,17,104,23,7.614,294.6,27
fit:b6d534b0d55965187aefb49f107f10e0595a495b5781239277071d1149e5e446,2025-06-15T07:54:43+00:00,231.0,146,104,84,7.534,294.4,27
fit:b6d534b0d55965187aefb49f107f10e0595a495b5781239277071d1149e5e446,2025-06-15T07:54:44+00:00,232.0,185,104,85,7.585,294.4,27
fit:b6d534b0d55965187aefb49f107f10e0595a495b5781239277071d1149e5e446,2025-06-15T07:54:45+00:00,233.0,202,104,87,7.678,294.4,27
fit:b6d534b0d55965187aefb49f107f10e0595a495b5781239277071d1149e5e446,2025-06-15T07:54:46+00:00,234.0,202,104,87,7.783,294.4,27
fit:b6d534b0d55965187aefb49f107f10e0595a495b5781239277071d1149e5e446,2025-06-15T07:54:47+00:00,235.0,157,105,89,7.946,294.0,27
fit:b6d534b0d55965187aefb49f107f10e0595a495b5781239277071d1149e5e446,2025-06-15T07:54:48+00:00,236.0,154,106,90,7.972,294.0,27
fit:b6d534b0d55965187aefb49f107f10e0595a495b5781239277071d1149e5e446,2025-06-15T07:54:49+00:00,237.0,143,107,90,8.062,294.0,27
fit:b6d534b0d55965187aefb49f107f10e0595a495b5781239277071d1149e5e446,2025-06-15T07:54:50+00:00,238.0,27,109,44,8.065,294.20000000000005,27
fit:b6d534b0d55965187aefb49f107f10e0595a495b5781239277071d1149e5e446,2025-06-15T07:54:51+00:00,239.0,28,109,44,7.963,294.4,27
fit:b6d534b0d55965187aefb49f107f10e0595a495b5781239277071d1149e5e446,2025-06-15T07:54:52+00:00,240.0,28,111,44,7.886,294.4,27
fit:b6d534b0d55965187aefb49f107f10e0595a495b5781239277071d1149e5e446,2025-06-15T07:54:53+00:00,241.0,28,111,44,7.738,294.4,27
fit:b6d534b0d55965187aefb49f107f10e0595a495b5781239277071d1149e5e446,2025-06-15T07:54:54+00:00,242.0,9,111,0,7.533,294.4,27
fit:b6d534b0d55965187aefb49f107f10e0595a495b5781239277071d1149e5e446,2025-06-15T07:54:55+00:00,243.0,330,110,85,7.475,294.79999999999995,27
fit:b6d534b0d55965187aefb49f107f10e0595a495b5781239277071d1149e5e446,2025-06-15T07:54:56+00:00,244.0,315,109,89,7.535,294.79999999999995,27
fit:b6d534b0d55965187aefb49f107f10e0595a495b5781239277071d1149e5e446,2025-06-15T07:54:57+00:00,245.0,261,108,89,7.637,294.79999999999995,27
fit:b6d534b0d55965187aefb49f107f10e0595a495b5781239277071d1149e5e446,2025-06-15T07:54:58+00:00,246.0,149,108,89,7.767,294.79999999999995,27
fit:b6d534b0d55965187aefb49f107f10e0595a495b5781239277071d1149e5e446,2025-06-15T07:54:59+00:00,247.0,149,108,89,7.803,294.0,27
fit:b6d534b0d55965187aefb49f107f10e0595a495b5781239277071d1149e5e446,2025-06-15T07:55:00+00:00,248.0,149,108,89,7.759,294.0,27
fit:b6d534b0d55965187aefb49f107f10e0595a495b5781239277071d1149e5e446,2025-06-15T07:55:01+00:00,249.0,146,109,88,7.732,294.0,27
fit:b6d534b0d55965187aefb49f107f10e0595a495b5781239277071d1149e5e446,2025-06-15T07:55:02+00:00,250.0,131,110,83,7.659,294.0,27
fit:b6d534b0d55965187aefb49f107f10e0595a495b5781239277071d1149e5e446,2025-06-15T07:55:03+00:00,251.0,0,110,0,7.551,294.20000000000005,27
fit:b6d534b0d55965187aefb49f107f10e0595a495b5781239277071d1149e5e446,2025-06-15T07:55:04+00:00,252.0,0,110,0,7.413,294.20000000000005,27
fit:b6d534b0d55965187aefb49f107f10e0595a495b5781239277071d1149e5e446,2025-06-15T07:55:05+00:00,253.0,30,111,37,7.219,294.20000000000005,27
fit:b6d534b0d55965187aefb49f107f10e0595a495b5781239277071d1149e5e446,2025-06-15T07:55:06+00:00,254.0,30,111,37,7.135,294.6,27
fit:b6d534b0d55965187aefb49f107f10e0595a495b5781239277071d1149e5e446,2025-06-15T07:55:07+00:00,255.0,30,111,37,7.065,294.79999999999995,27
fit:b6d534b0d55965187aefb49f107f10e0595a495b5781239277071d1149e5e446,2025-06-15T07:55:08+00:00,256.0,30,109,37,6.991,294.79999999999995,27
fit:b6d534b0d55965187aefb49f107f10e0595a495b5781239277071d1149e5e446,2025-06-15T07:55:09+00:00,257.0,28,106,35,6.868,294.79999999999995,27
fit:b6d534b0d55965187aefb49f107f10e0595a495b5781239277071d1149e5e446,2025-06-15T07:55:10+00:00,258.0,8,104,0,6.746,294.79999999999995,27
fit:b6d534b0d55965187aefb49f107f10e0595a495b5781239277071d1149e5e446,2025-06-15T07:55:11+00:00,259.0,8,104,0,6.631,294.6,27
fit:b6d534b0d55965187aefb49f107f10e0595a495b5781239277071d1149e5e446,2025-06-15T07:55:12+00:00,260.0,8,103,0,6.602,294.6,27
fit:b6d534b0d55965187aefb49f107f10e0595a495b5781239277071d1149e5e446,2025-06-15T07:55:13+00:00,261.0,35,100,28,6.412,294.6,27
fit:b6d534b0d55965187aefb49f107f10e0595a495b5781239277071d1149e5e446,2025-06-15T07:55:14+00:00,262.0,192,99,73,6.307,294.6,27
fit:b6d534b0d55965187aefb49f107f10e0595a495b5781239277071d1149e5e446,2025-06-15T07:55:15+00:00,263.0,192,99,73,6.454,294.79999999999995,27
fit:b6d534b0d55965187aefb49f107f10e0595a495b5781239277071d1149e5e446,2025-06-15T07:55:16+00:00,264.0,192,97,73,6.298,294.79999999999995,27
fit:b6d534b0d55965187aefb49f107f10e0595a495b5781239277071d1149e5e446,2025-06-15T07:55:17+00:00,265.0,192,97,73,6.314,294.79999999999995,27
fit:b6d534b0d55965187aefb49f107f10e0595a495b5781239277071d1149e5e446,2025-06-15T07:55:18+00:00,266.0,11,97,0,6.258,294.79999999999995,27
fit:b6d534b0d55965187aefb49f107f10e0595a495b5781239277071d1149e5e446,2025-06-15T07:55:19+00:00,267.0,11,96,0,6.365,295.4,27
fit:b6d534b0d55965187aefb49f107f10e0595a495b5781239277071d1149e5e446,2025-06-15T07:55:20+00:00,268.0,11,95,0,6.331,295.4,27
fit:b6d534b0d55965187aefb49f107f10e0595a495b5781239277071d1149e5e446,2025-06-15T07:55:21+00:00,269.0,15,95,0,6.312,295.4,27
fit:b6d534b0d55965187aefb49f107f10e0595a495b5781239277071d1149e5e446,2025-06-15T07:55:22+00:00,270.0,15,96,0,6.188,295.4,27
fit:b6d534b0d55965187aefb49f107f10e0595a495b5781239277071d1149e5e446,2025-06-15T07:55:23+00:00,271.0,239,96,72,6.227,294.4,27
fit:b6d534b0d55965187aefb49f107f10e0595a495b5781239277071d1149e5e446,2025-06-15T07:55:24+00:00,272.0,182,97,74,6.36,294.4,27
fit:b6d534b0d55965187aefb49f107f10e0595a495b5781239277071d1149e5e446,2025-06-15T07:55:25+00:00,273.0,185,99,75,6.445,294.4,27
fit:b6d534b0d55965187aefb49f107f10e0595a495b5781239277071d1149e5e446,2025-06-15T07:55:26+00:00,274.0,216,100,77,6.663,294.79999999999995,27
fit:b6d534b0d55965187aefb49f107f10e0595a495b5781239277071d1149e5e446,2025-06-15T07:55:27+00:00,275.0,214,101,77,6.751,295.0,27
fit:b6d534b0d55965187aefb49f107f10e0595a495b5781239277071d1149e5e446,2025-06-15T07:55:28+00:00,276.0,144,103,79,6.924,295.0,27
fit:b6d534b0d55965187aefb49f107f10e0595a495b5781239277071d1149e5e446,2025-06-15T07:55:29+00:00,277.0,147,103,80,7.052,295.0,27
fit:b6d534b0d55965187aefb49f107f10e0595a495b5781239277071d1149e5e446,2025-06-15T07:55:30+00:00,278.0,179,104,81,7.09,295.0,27
fit:b6d534b0d55965187aefb49f107f10e0595a495b5781239277071d1149e5e446,2025-06-15T07:55:31+00:00,279.0,164,104,82,7.145,294.79999999999995,27
fit:b6d534b0d55965187aefb49f107f10e0595a495b5781239277071d1149e5e446,2025-06-15T07:55:32+00:00,280.0,164,105,82,7.145,294.79999999999995,27
fit:b6d534b0d55965187aefb49f107f10e0595a495b5781239277071d1149e5e446,2025-06-15T07:55:33+00:00,281.0,162,106,84,7.319,294.79999999999995,27
fit:b6d534b0d55965187aefb49f107f10e0595a495b5781239277071d1149e5e446,2025-06-15T07:55:34+00:00,282.0,153,107,84,7.348,294.79999999999995,27
fit:b6d534b0d55965187aefb49f107f10e0595a495b5781239277071d1149e5e446,2025-06-15T07:55:35+00:00,283.0,128,108,85,7.313,295.4,27
fit:b6d534b0d55965187aefb49f107f10e0595a495b5781239277071d1149e5e446,2025-06-15T07:55:36+00:00,284.0,114,108,85,7.408,295.4,26
fit:b6d534b0d55965187aefb49f107f10e0595a495b5781239277071d1149e5e446,2025-06-15T07:55:37+00:00,285.0,114,108,85,7.504,295.4,26
fit:b6d534b0d55965187aefb49f107f10e0595a495b5781239277071d1149e5e446,2025-06-15T07:55:38+00:00,286.0,99,108,85,7.501,295.4,26
fit:b6d534b0d55965187aefb49f107f10e0595a495b5781239277071d1149e5e446,2025-06-15T07:55:39+00:00,287.0,112,108,84,7.487,294.79999999999995,26
fit:b6d534b0d55965187aefb49f107f10e0595a495b5781239277071d1149e5e446,2025-06-15T07:55:40+00:00,288.0,109,108,84,7.507,294.79999999999995,26
fit:b6d534b0d55965187aefb49f107f10e0595a495b5781239277071d1149e5e446,2025-06-15T07:55:41+00:00,289.0,118,108,84,7.487,294.79999999999995,26
fit:b6d534b0d55965187aefb49f107f10e0595a495b5781239277071d1149e5e446,2025-06-15T07:55:42+00:00,290.0,118,107,84,7.414,294.79999999999995,26
fit:b6d534b0d55965187aefb49f107f10e0595a495b5781239277071d1149e5e446,2025-06-15T07:55:43+00:00,291.0,115,107,84,7.364,294.6,26
fit:b6d534b0d55965187aefb49f107f10e0595a495b5781239277071d1149e5e446,2025-06-15T07:55:44+00:00,292.0,112,106,84,7.424,294.6,26
fit:b6d534b0d55965187aefb49f107f10e0595a495b5781239277071d1149e5e446,2025-06-15T07:55:45+00:00,293.0,121,106,84,7.444,294.6,26
fit:b6d534b0d55965187aefb49f107f10e0595a495b5781239277071d1149e5e446,2025-06-15T07:55:46+00:00,294.0,160,107,83,7.358,294.6,26
fit:b6d534b0d55965187aefb49f107f10e0595a495b5781239277071d1149e5e446,2025-06-15T07:55:47+00:00,295.0,156,108,84,7.294,295.0,26
fit:b6d534b0d55965187aefb49f107f10e0595a495b5781239277071d1149e5e446,2025-06-15T07:55:48+00:00,296.0,125,109,83,7.305,295.0,26
fit:b6d534b0d55965187aefb49f107f10e0595a495b5781239277071d1149e5e446,2025-06-15T07:55:49+00:00,297.0,117,109,83,7.387,295.0,26
fit:b6d534b0d55965187aefb49f107f10e0595a495b5781239277071d1149e5e446,2025-06-15T07:55:50+00:00,298.0,109,110,83,7.457,295.0,26
fit:b6d534b0d55965187aefb49f107f10e0595a495b5781239277071d1149e5e446,2025-06-15T07:55:51+00:00,299.0,109,110,82,7.369,295.6,26
fit:b6d534b0d55965187aefb49f107f10e0595a495b5781239277071d1149e5e446,2025-06-15T07:55:52+00:00,300.0,149,110,80,7.147,295.6,26
fit:b6d534b0d55965187aefb49f107f10e0595a495b5781239277071d1149e5e446,2025-06-15T07:55:53+00:00,301.0,108,111,79,7.063,295.6,26
fit:b6d534b0d55965187aefb49f107f10e0595a495b5781239277071d1149e5e446,2025-06-15T07:55:54+00:00,302.0,150,111,76,6.975,295.6,26
fit:b6d534b0d55965187aefb49f107f10e0595a495b5781239277071d1149e5e446,2025-06-15T07:55:55+00:00,303.0,151,111,76,6.798,296.4,26
fit:b6d534b0d55965187aefb49f107f10e0595a495b5781239277071d1149e5e446,2025-06-15T07:55:56+00:00,304.0,151,111,76,6.781,296.4,26
fit:b6d534b0d55965187aefb49f107f10e0595a495b5781239277071d1149e5e446,2025-06-15T07:55:57+00:00,305.0,151,111,76,6.59,296.4,26
fit:b6d534b0d55965187aefb49f107f10e0595a495b5781239277071d1149e5e446,2025-06-15T07:55:58+00:00,306.0,6,110,76,6.356,296.4,26
fit:b6d534b0d55965187aefb49f107f10e0595a495b5781239277071d1149e5e446,2025-06-15T07:55:59+00:00,307.0,154,109,0,6.143,296.79999999999995,26
fit:b6d534b0d55965187aefb49f107f10e0595a495b5781239277071d1149e5e446,2025-06-15T07:56:00+00:00,308.0,233,107,64,5.988,296.20000000000005,26
fit:b6d534b0d55965187aefb49f107f10e0595a495b5781239277071d1149e5e446,2025-06-15T07:56:01+00:00,309.0,198,106,72,6.344,296.20000000000005,26
fit:b6d534b0d55965187aefb49f107f10e0595a495b5781239277071d1149e5e446,2025-06-15T07:56:02+00:00,310.0,198,104,76,6.43,296.20000000000005,26
fit:b6d534b0d55965187aefb49f107f10e0595a495b5781239277071d1149e5e446,2025-06-15T07:56:03+00:00,311.0,91,104,76,6.618,296.20000000000005,26
fit:b6d534b0d55965187aefb49f107f10e0595a495b5781239277071d1149e5e446,2025-06-15T07:56:04+00:00,312.0,91,104,54,6.875,295.6,26
fit:b6d534b0d55965187aefb49f107f10e0595a495b5781239277071d1149e5e446,2025-06-15T07:56:05+00:00,313.0,165,103,54,6.863,295.6,26
fit:b6d534b0d55965187aefb49f107f10e0595a495b5781239277071d1149e5e446,2025-06-15T07:56:06+00:00,314.0,131,103,78,6.885,295.6,26
fit:b6d534b0d55965187aefb49f107f10e0595a495b5781239277071d1149e5e446,2025-06-15T07:56:07+00:00,315.0,156,103,79,6.905,295.0,26
fit:b6d534b0d55965187aefb49f107f10e0595a495b5781239277071d1149e5e446,2025-06-15T07:56:08+00:00,316.0,154,103,79,6.954,294.4,26
fit:b6d534b0d55965187aefb49f107f10e0595a495b5781239277071d1149e5e446,2025-06-15T07:56:09+00:00,317.0,149,103,80,7.079,294.4,26
fit:b6d534b0d55965187aefb49f107f10e0595a495b5781239277071d1149e5e446,2025-06-15T07:56:10+00:00,318.0,134,104,81,7.168,294.4,26
fit:b6d534b0d55965187aefb49f107f10e0595a495b5781239277071d1149e5e446,2025-06-15T07:56:11+00:00,319.0,120,104,81,7.175,295.4,26
fit:b6d534b0d55965187aefb49f107f10e0595a495b5781239277071d1149e5e446,2025-06-15T07:56:12+00:00,320.0,120,104,81,7.21,295.4,26
fit:b6d534b0d55965187aefb49f107f10e0595a495b5781239277071d1149e5e446,2025-06-15T07:56:13+00:00,321.0,113,105,81,7.259,295.4,26
fit:b6d534b0d55965187aefb49f107f10e0595a495b5781239277071d1149e5e446,2025-06-15T07:56:14+00:00,322.0,124,105,81,7.184,295.4,26
fit:b6d534b0d55965187aefb49f107f10e0595a495b5781239277071d1149e5e446,2025-06-15T07:56:15+00:00,323.0,125,105,82,7.131,295.4,26
fit:b6d534b0d55965187aefb49f107f10e0595a495b5781239277071d1149e5e446,2025-06-15T07:56:16+00:00,324.0,117,105,83,7.178,295.79999999999995,26
fit:b6d534b0d55965187aefb49f107f10e0595a495b5781239277071d1149e5e446,2025-06-15T07:56:17+00:00,325.0,117,105,83,7.317,295.79999999999995,26
fit:b6d534b0d55965187aefb49f107f10e0595a495b5781239277071d1149e5e446,2025-06-15T07:56:18+00:00,326.0,120,105,84,7.289,295.79999999999995,26
fit:b6d534b0d55965187aefb49f107f10e0595a495b5781239277071d1149e5e446,2025-06-15T07:56:19+00:00,327.0,119,106,84,7.388,295.79999999999995,26
fit:b6d534b0d55965187aefb49f107f10e0595a495b5781239277071d1149e5e446,2025-06-15T07:56:20+00:00,328.0,122,106,85,7.386,295.79999999999995,26
fit:b6d534b0d55965187aefb49f107f10e0595a495b5781239277071d1149e5e446,2025-06-15T07:56:21+00:00,329.0,155,106,86,7.49,295.79999999999995,26
fit:b6d534b0d55965187aefb49f107f10e0595a495b5781239277071d1149e5e446,2025-06-15T07:56:22+00:00,330.0,155,106,86,7.653,295.79999999999995,26
fit:b6d534b0d55965187aefb49f107f10e0595a495b5781239277071d1149e5e446,2025-06-15T07:56:23+00:00,331.0,104,106,86,7.688,295.79999999999995,26
fit:b6d534b0d55965187aefb49f107f10e0595a495b5781239277071d1149e5e446,2025-06-15T07:56:24+00:00,332.0,120,107,86,7.725,296.0,26
fit:b6d534b0d55965187aefb49f107f10e0595a495b5781239277071d1149e5e446,2025-06-15T07:56:25+00:00,333.0,113,107,86,7.608,296.0,26
fit:b6d534b0d55965187aefb49f107f10e0595a495b5781239277071d1149e5e446,2025-06-15T07:56:26+00:00,334.0,199,107,86,7.621,296.0,26
fit:b6d534b0d55965187aefb49f107f10e0595a495b5781239277071d1149e5e446,2025-06-15T07:56:27+00:00,335.0,199,108,87,7.561,295.6,26
fit:b6d534b0d55965187aefb49f107f10e0595a495b5781239277071d1149e5e446,2025-06-15T07:56:28+00:00,336.0,137,108,87,7.547,295.6,26
fit:b6d534b0d55965187aefb49f107f10e0595a495b5781239277071d1149e5e446,2025-06-15T07:56:29+00:00,337.0,127,108,88,7.639,295.6,26
fit:b6d534b0d55965187aefb49f107f10e0595a495b5781239277071d1149e5e446,2025-06-15T07:56:30+00:00,338.0,105,108,88,7.739,295.6,26
fit:b6d534b0d55965187aefb49f107f10e0595a495b5781239277071d1149e5e446,2025-06-15T07:56:31+00:00,339.0,104,108,88,7.784,295.6,26
fit:b6d534b0d55965187aefb49f107f10e0595a495b5781239277071d1149e5e446,2025-06-15T07:56:32+00:00,340.0,116,108,88,7.829,296.0,26
fit:b6d534b0d55965187aefb49f107f10e0595a495b5781239277071d1149e5e446,2025-06-15T07:56:33+00:00,341.0,124,109,88,7.836,296.20000000000005,26
fit:b6d534b0d55965187aefb49f107f10e0595a495b5781239277071d1149e5e446,2025-06-15T07:56:34+00:00,342.0,126,110,88,7.87,296.20000000000005,26
fit:b6d534b0d55965187aefb49f107f10e0595a495b5781239277071d1149e5e446,2025-06-15T07:56:35+00:00,343.0,126,110,88,7.949,296.20000000000005,26
fit:b6d534b0d55965187aefb49f107f10e0595a495b5781239277071d1149e5e446,2025-06-15T07:56:36+00:00,344.0,156,111,88,7.884,296.20000000000005,26
fit:b6d534b0d55965187aefb49f107f10e0595a495b5781239277071d1149e5e446,2025-06-15T07:56:37+00:00,345.0,145,112,88,7.905,295.79999999999995,26
fit:b6d534b0d55965187aefb49f107f10e0595a495b5781239277071d1149e5e446,2025-06-15T07:56:38+00:00,346.0,133,113,88,7.921,295.79999999999995,26
fit:b6d534b0d55965187aefb49f107f10e0595a495b5781239277071d1149e5e446,2025-06-15T07:56:39+00:00,347.0,131,114,88,7.958,295.79999999999995,26
fit:b6d534b0d55965187aefb49f107f10e0595a495b5781239277071d1149e5e446,2025-06-15T07:56:40+00:00,348.0,136,114,88,7.918,295.79999999999995,26
fit:b6d534b0d55965187aefb49f107f10e0595a495b5781239277071d1149e5e446,2025-06-15T07:56:41+00:00,349.0,140,114,89,7.923,296.0,26
fit:b6d534b0d55965187aefb49f107f10e0595a495b5781239277071d1149e5e446,2025-06-15T07:56:42+00:00,350.0,141,114,89,7.88,296.0,26
fit:b6d534b0d55965187aefb49f107f10e0595a495b5781239277071d1149e5e446,2025-06-15T07:56:43+00:00,351.0,127,114,89,7.935,296.0,26
fit:b6d534b0d55965187aefb49f107f10e0595a495b5781239277071d1149e5e446,2025-06-15T07:56:44+00:00,352.0,104,113,89,7.908,296.0,26
fit:b6d534b0d55965187aefb49f107f10e0595a495b5781239277071d1149e5e446,2025-06-15T07:56:45+00:00,353.0,103,113,90,7.924,295.79999999999995,26
fit:b6d534b0d55965187aefb49f107f10e0595a495b5781239277071d1149e5e446,2025-06-15T07:56:46+00:00,354.0,103,114,90,7.926,295.79999999999995,26
fit:b6d534b0d55965187aefb49f107f10e0595a495b5781239277071d1149e5e446,2025-06-15T07:56:47+00:00,355.0,98,114,90,7.963,295.79999999999995,26
fit:b6d534b0d55965187aefb49f107f10e0595a495b5781239277071d1149e5e446,2025-06-15T07:56:48+00:00,356.0,95,115,89,7.926,295.79999999999995,26
fit:b6d534b0d55965187aefb49f107f10e0595a495b5781239277071d1149e5e446,2025-06-15T07:56:49+00:00,357.0,101,115,89,7.898,296.79999999999995,26
fit:b6d534b0d55965187aefb49f107f10e0595a495b5781239277071d1149e5e446,2025-06-15T07:56:50+00:00,358.0,106,115,90,7.914,296.79999999999995,26
fit:b6d534b0d55965187aefb49f107f10e0595a495b5781239277071d1149e5e446,2025-06-15T07:56:51+00:00,359.0,98,115,90,7.918,296.79999999999995,26
fit:b6d534b0d55965187aefb49f107f10e0595a495b5781239277071d1149e5e446,2025-06-15T07:56:52+00:00,360.0,98,115,90,7.983,296.4,26
fit:b6d534b0d55965187aefb49f107f10e0595a495b5781239277071d1149e5e446,2025-06-15T07:56:53+00:00,361.0,92,114,90,8.026,296.4,26
fit:b6d534b0d55965187aefb49f107f10e0595a495b5781239277071d1149e5e446,2025-06-15T07:56:54+00:00,362.0,92,113,90,8.052,296.4,26
fit:b6d534b0d55965187aefb49f107f10e0595a495b5781239277071d1149e5e446,2025-06-15T07:56:55+00:00,363.0,92,111,90,8.04,296.4,26
fit:b6d534b0d55965187aefb49f107f10e0595a495b5781239277071d1149e5e446,2025-06-15T07:56:56+00:00,364.0,92,111,90,7.937,296.4,26
fit:b6d534b0d55965187aefb49f107f10e0595a495b5781239277071d1149e5e446,2025-06-15T07:56:57+00:00,365.0,0,111,90,7.888,296.6,26
fit:b6d534b0d55965187aefb49f107f10e0595a495b5781239277071d1149e5e446,2025-06-15T07:56:58+00:00,366.0,15,110,0,7.735,296.6,26
fit:b6d534b0d55965187aefb49f107f10e0595a495b5781239277071d1149e5e446,2025-06-15T07:56:59+00:00,367.0,107,110,24,7.588,296.6,26
fit:b6d534b0d55965187aefb49f107f10e0595a495b5781239277071d1149e5e446,2025-06-15T07:57:00+00:00,368.0,107,110,87,7.56,296.4,26
fit:b6d534b0d55965187aefb49f107f10e0595a495b5781239277071d1149e5e446,2025-06-15T07:57:01+00:00,369.0,107,110,87,7.589,296.4,26
fit:b6d534b0d55965187aefb49f107f10e0595a495b5781239277071d1149e5e446,2025-06-15T07:57:02+00:00,370.0,107,109,87,7.556,296.4,26
fit:b6d534b0d55965187aefb49f107f10e0595a495b5781239277071d1149e5e446,2025-06-15T07:57:03+00:00,371.0,170,108,0,7.456,296.4,26
fit:b6d534b0d55965187aefb49f107f10e0595a495b5781239277071d1149e5e446,2025-06-15T07:57:04+00:00,372.0,200,108,82,7.391,296.0,26
fit:b6d534b0d55965187aefb49f107f10e0595a495b5781239277071d1149e5e446,2025-06-15T07:57:05+00:00,373.0,141,108,84,7.348,296.20000000000005,26
fit:b6d534b0d55965187aefb49f107f10e0595a495b5781239277071d1149e5e446,2025-06-15T07:57:06+00:00,374.0,127,107,85,7.452,296.20000000000005,26
fit:b6d534b0d55965187aefb49f107f10e0595a495b5781239277071d1149e5e446,2025-06-15T07:57:07+00:00,375.0,127,106,85,7.462,296.20000000000005,26
fit:b6d534b0d55965187aefb49f107f10e0595a495b5781239277071d1149e5e446,2025-06-15T07:57:08+00:00,376.0,144,105,85,7.413,295.6,26
fit:b6d534b0d55965187aefb49f107f10e0595a495b5781239277071d1149e5e446,2025-06-15T07:57:09+00:00,377.0,140,105,86,7.444,295.6,26
fit:b6d534b0d55965187aefb49f107f10e0595a495b5781239277071d1149e5e446,2025-06-15T07:57:10+00:00,378.0,111,106,86,7.533,295.6,26
fit:b6d534b0d55965187aefb49f107f10e0595a495b5781239277071d1149e5e446,2025-06-15T07:57:11+00:00,379.0,107,107,86,7.553,295.6,26
fit:b6d534b0d55965187aefb49f107f10e0595a495b5781239277071d1149e5e446,2025-06-15T07:57:12+00:00,380.0,107,108,87,7.599,296.0,26
fit:b6d534b0d55965187aefb49f107f10e0595a495b5781239277071d1149e5e446,2025-06-15T07:57:13+00:00,381.0,104,109,87,7.713,296.79999999999995,26
fit:b6d534b0d55965187aefb49f107f10e0595a495b5781239277071d1149e5e446,2025-06-15T07:57:14+00:00,382.0,104,109,86,7.719,296.79999999999995,26
fit:b6d534b0d55965187aefb49f107f10e0595a495b5781239277071d1149e5e446,2025-06-15T07:57:15+00:00,383.0,104,108,86,7.636,296.79999999999995,26
fit:b6d534b0d55965187aefb49f107f10e0595a495b5781239277071d1149e5e446,2025-06-15T07:57:16+00:00,384.0,104,108,86,7.493,296.79999999999995,26
fit:b6d534b0d55965187aefb49f107f10e0595a495b5781239277071d1149e5e446,2025-06-15T07:57:17+00:00,385.0,165,108,24,7.315,296.79999999999995,26
fit:b6d534b0d55965187aefb49f107f10e0595a495b5781239277071d1149e5e446,2025-06-15T07:57:18+00:00,386.0,165,107,80,7.198,296.79999999999995,26
fit:b6d534b0d55965187aefb49f107f10e0595a495b5781239277071d1149e5e446,2025-06-15T07:57:19+00:00,387.0,12,106,80,7.15,296.79999999999995,26
fit:b6d534b0d55965187aefb49f107f10e0595a495b5781239277071d1149e5e446,2025-06-15T07:57:20+00:00,388.0,12,106,26,6.995,296.79999999999995,26
fit:b6d534b0d55965187aefb49f107f10e0595a495b5781239277071d1149e5e446,2025-06-15T07:57:21+00:00,389.0,181,105,26,6.774,296.79999999999995,26
fit:b6d534b0d55965187aefb49f107f10e0595a495b5781239277071d1149e5e446,2025-06-15T07:57:22+00:00,390.0,255,105,70,6.585,296.79999999999995,26
fit:b6d534b0d55965187aefb49f107f10e0595a495b5781239277071d1149e5e446,2025-06-15T07:57:23+00:00,391.0,233,105,73,6.578,296.79999999999995,26
fit:b6d534b0d55965187aefb49f107f10e0595a495b5781239277071d1149e5e446,2025-06-15T07:57:24+00:00,392.0,198,105,74,6.567,297.4,26
fit:b6d534b0d55965187aefb49f107f10e0595a495b5781239277071d1149e5e446,2025-06-15T07:57:25+00:00,393.0,198,105,75,6.655,298.0,26
fit:b6d534b0d55965187aefb49f107f10e0595a495b5781239277071d1149e5e446,2025-06-15T07:57:26+00:00,394.0,177,105,75,6.693,298.0,26
fit:b6d534b0d55965187aefb49f107f10e0595a495b5781239277071d1149e5e446,2025-06-15T07:57:27+00:00,395.0,177,106,75,6.753,298.0,26
fit:b6d534b0d55965187aefb49f107f10e0595a495b5781239277071d1149e5e446,2025-06-15T07:57:28+00:00,396.0,53,107,75,6.644,297.6,26
fit:b6d534b0d55965187aefb49f107f10e0595a495b5781239277071d1149e5e446,2025-06-15T07:57:29+00:00,397.0,135,108,33,6.787,297.4,26
fit:b6d534b0d55965187aefb49f107f10e0595a495b5781239277071d1149e5e446,2025-06-15T07:57:30+00:00,398.0,146,109,80,6.966,297.4,26
fit:b6d534b0d55965187aefb49f107f10e0595a495b5781239277071d1149e5e446,2025-06-15T07:57:31+00:00,399.0,148,109,83,7.157,297.4,26
fit:b6d534b0d55965187aefb49f107f10e0595a495b5781239277071d1149e5e446,2025-06-15T07:57:32+00:00,400.0,129,109,84,7.296,297.4,26
fit:b6d534b0d55965187aefb49f107f10e0595a495b5781239277071d1149e5e446,2025-06-15T07:57:33+00:00,401.0,104,109,85,7.424,296.79999999999995,26
fit:b6d534b0d55965187aefb49f107f10e0595a495b5781239277071d1149e5e446,2025-06-15T07:57:34+00:00,402.0,108,110,86,7.566,296.79999999999995,26
fit:b6d534b0d55965187aefb49f107f10e0595a495b5781239277071d1149e5e446,2025-06-15T07:57:35+00:00,403.0,129,110,87,7.645,296.79999999999995,26
fit:b6d534b0d55965187aefb49f107f10e0595a495b5781239277071d1149e5e446,2025-06-15T07:57:36+00:00,404.0,132,110,89,7.638,296.79999999999995,26
fit:b6d534b0d55965187aefb49f107f10e0595a495b5781239277071d1149e5e446,2025-06-15T07:57:37+00:00,405.0,127,110,90,7.74,296.4,26
fit:b6d534b0d55965187aefb49f107f10e0595a495b5781239277071d1149e5e446,2025-06-15T07:57:38+00:00,406.0,127,110,90,7.814,296.4,26
fit:b6d534b0d55965187aefb49f107f10e0595a495b5781239277071d1149e5e446,2025-06-15T07:57:39+00:00,407.0,233,110,90,7.769,296.4,26
fit:b6d534b0d55965187aefb49f107f10e0595a495b5781239277071d1149e5e446,2025-06-15T07:57:40+00:00,408.0,187,110,90,7.797,296.4,26
fit:b6d534b0d55965187aefb49f107f10e0595a495b5781239277071d1149e5e446,2025-06-15T07:57:41+00:00,409.0,151,110,91,7.84,296.20000000000005,26
fit:b6d534b0d55965187aefb49f107f10e0595a495b5781239277071d1149e5e446,2025-06-15T07:57:42+00:00,410.0,152,110,91,7.888,296.20000000000005,26
fit:b6d534b0d55965187aefb49f107f10e0595a495b5781239277071d1149e5e446,2025-06-15T07:57:43+00:00,411.0,146,109,90,7.889,296.20000000000005,26
fit:b6d534b0d55965187aefb49f107f10e0595a495b5781239277071d1149e5e446,2025-06-15T07:57:44+00:00,412.0,141,109,89,7.841,296.20000000000005,26
fit:b6d534b0d55965187aefb49f107f10e0595a495b5781239277071d1149e5e446,2025-06-15T07:57:45+00:00,413.0,141,109,88,7.754,296.20000000000005,26
fit:b6d534b0d55965187aefb49f107f10e0595a495b5781239277071d1149e5e446,2025-06-15T07:57:46+00:00,414.0,165,110,86,7.676,296.20000000000005,26
fit:b6d534b0d55965187aefb49f107f10e0595a495b5781239277071d1149e5e446,2025-06-15T07:57:47+00:00,415.0,164,110,85,7.59,296.20000000000005,26
fit:b6d534b0d55965187aefb49f107f10e0595a495b5781239277071d1149e5e446,2025-06-15T07:57:48+00:00,416.0,158,112,85,7.609,296.20000000000005,26
fit:b6d534b0d55965187aefb49f107f10e0595a495b5781239277071d1149e5e446,2025-06-15T07:57:49+00:00,417.0,174,113,84,7.617,295.6,26
fit:b6d534b0d55965187aefb49f107f10e0595a495b5781239277071d1149e5e446,2025-06-15T07:57:50+00:00,418.0,260,114,84,7.533,295.6,26
fit:b6d534b0d55965187aefb49f107f10e0595a495b5781239277071d1149e5e446,2025-06-15T07:57:51+00:00,419.0,260,115,84,7.417,295.6,26
fit:b6d534b0d55965187aefb49f107f10e0595a495b5781239277071d1149e5e446,2025-06-15T07:57:52+00:00,420.0,292,115,87,7.378,296.20000000000005,26
fit:b6d534b0d55965187aefb49f107f10e0595a495b5781239277071d1149e5e446,2025-06-15T07:57:53+00:00,421.0,226,115,87,7.479,296.4,26
fit:b6d534b0d55965187aefb49f107f10e0595a495b5781239277071d1149e5e446,2025-06-15T07:57:54+00:00,422.0,186,115,87,7.614,296.4,26
fit:b6d534b0d55965187aefb49f107f10e0595a495b5781239277071d1149e5e446,2025-06-15T07:57:55+00:00,423.0,177,115,88,7.64,296.4,26
fit:b6d534b0d55965187aefb49f107f10e0595a495b5781239277071d1149e5e446,2025-06-15T07:57:56+00:00,424.0,173,114,88,7.722,296.4,26
fit:b6d534b0d55965187aefb49f107f10e0595a495b5781239277071d1149e5e446,2025-06-15T07:57:57+00:00,425.0,156,113,87,7.748,296.20000000000005,26
fit:b6d534b0d55965187aefb49f107f10e0595a495b5781239277071d1149e5e446,2025-06-15T07:57:58+00:00,426.0,159,113,86,7.738,296.20000000000005,26
fit:b6d534b0d55965187aefb49f107f10e0595a495b5781239277071d1149e5e446,2025-06-15T07:57:59+00:00,427.0,175,113,86,7.728,296.20000000000005,26
fit:b6d534b0d55965187aefb49f107f10e0595a495b5781239277071d1149e5e446,2025-06-15T07:58:00+00:00,428.0,164,113,86,7.751,296.20000000000005,26
fit:b6d534b0d55965187aefb49f107f10e0595a495b5781239277071d1149e5e446,2025-06-15T07:58:01+00:00,429.0,228,113,86,7.612,296.4,26
fit:b6d534b0d55965187aefb49f107f10e0595a495b5781239277071d1149e5e446,2025-06-15T07:58:02+00:00,430.0,229,113,86,7.665,296.4,26
fit:b6d534b0d55965187aefb49f107f10e0595a495b5781239277071d1149e5e446,2025-06-15T07:58:03+00:00,431.0,191,113,86,7.598,296.4,26
fit:b6d534b0d55965187aefb49f107f10e0595a495b5781239277071d1149e5e446,2025-06-15T07:58:04+00:00,432.0,192,114,87,7.643,297.0,26
fit:b6d534b0d55965187aefb49f107f10e0595a495b5781239277071d1149e5e446,2025-06-15T07:58:05+00:00,433.0,192,115,87,7.644,297.0,26
fit:b6d534b0d55965187aefb49f107f10e0595a495b5781239277071d1149e5e446,2025-06-15T07:58:06+00:00,434.0,192,115,87,7.516,297.0,26
fit:b6d534b0d55965187aefb49f107f10e0595a495b5781239277071d1149e5e446,2025-06-15T07:58:07+00:00,435.0,238,115,87,7.373,297.0,26
fit:b6d534b0d55965187aefb49f107f10e0595a495b5781239277071d1149e5e446,2025-06-15T07:58:08+00:00,436.0,307,115,75,6.945,297.6,26
fit:b6d534b0d55965187aefb49f107f10e0595a495b5781239277071d1149e5e446,2025-06-15T07:58:09+00:00,437.0,279,115,76,6.78,298.4,26
fit:b6d534b0d55965187aefb49f107f10e0595a495b5781239277071d1149e5e446,2025-06-15T07:58:10+00:00,438.0,226,115,79,6.859,298.4,26
fit:b6d534b0d55965187aefb49f107f10e0595a495b5781239277071d1149e5e446,2025-06-15T07:58:11+00:00,439.0,208,116,84,7.119,298.4,26
fit:b6d534b0d55965187aefb49f107f10e0595a495b5781239277071d1149e5e446,2025-06-15T07:58:12+00:00,440.0,209,117,86,7.269,297.4,26
fit:b6d534b0d55965187aefb49f107f10e0595a495b5781239277071d1149e5e446,2025-06-15T07:58:13+00:00,441.0,163,117,86,7.442,297.0,26
fit:b6d534b0d55965187aefb49f107f10e0595a495b5781239277071d1149e5e446,2025-06-15T07:58:14+00:00,442.0,141,118,88,7.638,297.0,26
fit:b6d534b0d55965187aefb49f107f10e0595a495b5781239277071d1149e5e446,2025-06-15T07:58:15+00:00,443.0,130,118,89,7.751,297.0,26
fit:b6d534b0d55965187aefb49f107f10e0595a495b5781239277071d1149e5e446,2025-06-15T07:58:16+00:00,444.0,130,121,89,7.855,296.4,26
fit:b6d534b0d55965187aefb49f107f10e0595a495b5781239277071d1149e5e446,2025-06-15T07:58:17+00:00,445.0,131,121,89,7.872,296.0,26
fit:b6d534b0d55965187aefb49f107f10e0595a495b5781239277071d1149e5e446,2025-06-15T07:58:18+00:00,446.0,119,123,89,7.813,296.0,26
fit:b6d534b0d55965187aefb49f107f10e0595a495b5781239277071d1149e5e446,2025-06-15T07:58:19+00:00,447.0,120,124,81,7.821,296.0,26
fit:b6d534b0d55965187aefb49f107f10e0595a495b5781239277071d1149e5e446,2025-06-15T07:58:20+00:00,448.0,70,124,81,7.698,297.0,26
fit:b6d534b0d55965187aefb49f107f10e0595a495b5781239277071d1149e5e446,2025-06-15T07:58:21+00:00,449.0,218,123,87,7.781,296.79999999999995,26
fit:b6d534b0d55965187aefb49f107f10e0595a495b5781239277071d1149e5e446,2025-06-15T07:58:22+00:00,450.0,97,123,87,7.885,296.79999999999995,26
fit:b6d534b0d55965187aefb49f107f10e0595a495b5781239277071d1149e5e446,2025-06-15T07:58:23+00:00,451.0,97,123,87,7.874,296.79999999999995,26
fit:b6d534b0d55965187aefb49f107f10e0595a495b5781239277071d1149e5e446,2025-06-15T07:58:24+00:00,452.0,97,122,87,7.759,297.0,26
fit:b6d534b0d55965187aefb49f107f10e0595a495b5781239277071d1149e5e446,2025-06-15T07:58:25+00:00,453.0,97,122,87,7.734,297.4,26
fit:b6d534b0d55965187aefb49f107f10e0595a495b5781239277071d1149e5e446,2025-06-15T07:58:26+00:00,454.0,27,122,87,7.451,297.4,26
fit:b6d534b0d55965187aefb49f107f10e0595a495b5781239277071d1149e5e446,2025-06-15T07:58:27+00:00,455.0,179,121,82,7.376,297.4,26
fit:b6d534b0d55965187aefb49f107f10e0595a495b5781239277071d1149e5e446,2025-06-15T07:58:28+00:00,456.0,44,122,82,7.362,297.4,26
fit:b6d534b0d55965187aefb49f107f10e0595a495b5781239277071d1149e5e446,2025-06-15T07:58:29+00:00,457.0,44,122,41,7.311,297.0,26
fit:b6d534b0d55965187aefb49f107f10e0595a495b5781239277071d1149e5e446,2025-06-15T07:58:30+00:00,458.0,44,122,41,7.152,297.0,26
fit:b6d534b0d55965187aefb49f107f10e0595a495b5781239277071d1149e5e446,2025-06-15T07:58:31+00:00,459.0,44,121,41,6.937,297.0,26
fit:b6d534b0d55965187aefb49f107f10e0595a495b5781239277071d1149e5e446,2025-06-15T07:58:32+00:00,460.0,44,120,41,6.684,298.0,26
fit:b6d534b0d55965187aefb49f107f10e0595a495b5781239277071d1149e5e446,2025-06-15T07:58:33+00:00,461.0,44,118,41,6.377,298.6,26
fit:b6d534b0d55965187aefb49f107f10e0595a495b5781239277071d1149e5e446,2025-06-15T07:58:34+00:00,462.0,40,116,41,6.239,298.6,26
fit:b6d534b0d55965187aefb49f107f10e0595a495b5781239277071d1149e5e446,2025-06-15T07:58:35+00:00,463.0,0,115,39,5.975,298.6,26
fit:b6d534b0d55965187aefb49f107f10e0595a495b5781239277071d1149e5e446,2025-06-15T07:58:36+00:00,464.0,139,113,0,5.635,299.4,26
fit:b6d534b0d55965187aefb49f107f10e0595a495b5781239277071d1149e5e446,2025-06-15T07:58:37+00:00,465.0,280,111,41,5.506,298.0,26
fit:b6d534b0d55965187aefb49f107f10e0595a495b5781239277071d1149e5e446,2025-06-15T07:58:38+00:00,466.0,281,109,65,5.57,298.0,26
fit:b6d534b0d55965187aefb49f107f10e0595a495b5781239277071d1149e5e446,2025-06-15T07:58:39+00:00,467.0,281,108,65,5.932,298.0,26
fit:b6d534b0d55965187aefb49f107f10e0595a495b5781239277071d1149e5e446,2025-06-15T07:58:40+00:00,468.0,33,108,65,6.091,298.0,26
fit:b6d534b0d55965187aefb49f107f10e0595a495b5781239277071d1149e5e446,2025-06-15T07:58:41+00:00,469.0,34,109,21,6.139,298.6,26
fit:b6d534b0d55965187aefb49f107f10e0595a495b5781239277071d1149e5e446,2025-06-15T07:58:42+00:00,470.0,34,109,21,5.988,298.6,26
fit:b6d534b0d55965187aefb49f107f10e0595a495b5781239277071d1149e5e446,2025-06-15T07:58:43+00:00,471.0,113,110,21,5.643,298.6,26
fit:b6d534b0d55965187aefb49f107f10e0595a495b5781239277071d1149e5e446,2025-06-15T07:58:44+00:00,472.0,112,111,43,5.908,298.6,26
fit:b6d534b0d55965187aefb49f107f10e0595a495b5781239277071d1149e5e446,2025-06-15T07:58:45+00:00,473.0,112,112,43,6.241,299.0,26
fit:b6d534b0d55965187aefb49f107f10e0595a495b5781239277071d1149e5e446,2025-06-15T07:58:46+00:00,474.0,24,113,43,6.275,299.0,26
fit:b6d534b0d55965187aefb49f107f10e0595a495b5781239277071d1149e5e446,2025-06-15T07:58:47+00:00,475.0,24,113,0,6.24,299.0,26
fit:b6d534b0d55965187aefb49f107f10e0595a495b5781239277071d1149e5e446,2025-06-15T07:58:48+00:00,476.0,24,113,0,6.134,299.0,26
fit:b6d534b0d55965187aefb49f107f10e0595a495b5781239277071d1149e5e446,2025-06-15T07:58:49+00:00,477.0,24,111,0,5.978,298.79999999999995,26
fit:b6d534b0d55965187aefb49f107f10e0595a495b5781239277071d1149e5e446,2025-06-15T07:58:50+00:00,478.0,0,111,0,5.9,298.79999999999995,26
fit:b6d534b0d55965187aefb49f107f10e0595a495b5781239277071d1149e5e446,2025-06-15T07:58:51+00:00,479.0,0,108,0,5.773,298.79999999999995,26
fit:b6d534b0d55965187aefb49f107f10e0595a495b5781239277071d1149e5e446,2025-06-15T07:58:52+00:00,480.0,0,105,0,5.632,298.79999999999995,26
fit:b6d534b0d55965187aefb49f107f10e0595a495b5781239277071d1149e5e446,2025-06-15T07:58:53+00:00,481.0,0,103,0,5.49,298.4,26
fit:b6d534b0d55965187aefb49f107f10e0595a495b5781239277071d1149e5e446,2025-06-15T07:58:54+00:00,482.0,25,100,0,5.295,298.4,26
fit:b6d534b0d55965187aefb49f107f10e0595a495b5781239277071d1149e5e446,2025-06-15T07:58:55+00:00,483.0,25,98,0,4.831,298.4,26
fit:b6d534b0d55965187aefb49f107f10e0595a495b5781239277071d1149e5e446,2025-06-15T07:58:56+00:00,484.0,25,98,0,4.52,299.20000000000005,26
fit:b6d534b0d55965187aefb49f107f10e0595a495b5781239277071d1149e5e446,2025-06-15T07:58:57+00:00,485.0,24,97,0,4.335,299.6,26
fit:b6d534b0d55965187aefb49f107f10e0595a495b5781239277071d1149e5e446,2025-06-15T07:58:58+00:00,486.0,0,96,0,4.113,299.6,26
fit:b6d534b0d55965187aefb49f107f10e0595a495b5781239277071d1149e5e446,2025-06-15T07:58:59+00:00,487.0,0,96,0,3.732,299.6,26
fit:b6d534b0d55965187aefb49f107f10e0595a495b5781239277071d1149e5e446,2025-06-15T07:59:00+00:00,488.0,0,94,0,3.381,299.6,26
fit:b6d534b0d55965187aefb49f107f10e0595a495b5781239277071d1149e5e446,2025-06-15T07:59:01+00:00,489.0,0,92,0,2.924,299.6,26
fit:b6d534b0d55965187aefb49f107f10e0595a495b5781239277071d1149e5e446,2025-06-15T07:59:02+00:00,490.0,0,90,0,2.36,299.6,26
fit:b6d534b0d55965187aefb49f107f10e0595a495b5781239277071d1149e5e446,2025-06-15T07:59:03+00:00,491.0,0,90,0,2.079,299.6,26
fit:b6d534b0d55965187aefb49f107f10e0595a495b5781239277071d1149e5e446,2025-06-15T07:59:04+00:00,492.0,0,87,0,2.03,299.6,26
fit:b6d534b0d55965187aefb49f107f10e0595a495b5781239277071d1149e5e446,2025-06-15T07:59:05+00:00,493.0,0,87,0,1.617,299.6,26
fit:b6d534b0d55965187aefb49f107f10e0595a495b5781239277071d1149e5e446,2025-06-15T07:59:06+00:00,494.0,0,85,0,1.428,299.6,26
fit:b6d534b0d55965187aefb49f107f10e0595a495b5781239277071d1149e5e446,2025-06-15T07:59:07+00:00,495.0,0,83,0,1.583,299.6,26
fit:b6d534b0d55965187aefb49f107f10e0595a495b5781239277071d1149e5e446,2025-06-15T07:59:08+00:00,496.0,0,83,0,1.58,299.6,26
fit:b6d534b0d55965187aefb49f107f10e0595a495b5781239277071d1149e5e446,2025-06-15T07:59:09+00:00,497.0,0,83,0,1.709,299.20000000000005,26
fit:b6d534b0d55965187aefb49f107f10e0595a495b5781239277071d1149e5e446,2025-06-15T07:59:10+00:00,498.0,0,82,0,1.842,299.20000000000005,26
fit:b6d534b0d55965187aefb49f107f10e0595a495b5781239277071d1149e5e446,2025-06-15T07:59:11+00:00,499.0,0,82,0,1.584,299.20000000000005,26
fit:b6d534b0d55965187aefb49f107f10e0595a495b5781239277071d1149e5e446,2025-06-15T07:59:12+00:00,500.0,0,82,0,1.575,299.20000000000005,26
fit:b6d534b0d55965187aefb49f107f10e0595a495b5781239277071d1149e5e446,2025-06-15T07:59:13+00:00,501.0,0,82,0,1.409,299.20000000000005,26
fit:b6d534b0d55965187aefb49f107f10e0595a495b5781239277071d1149e5e446,2025-06-15T07:59:14+00:00,502.0,0,82,0,1.289,299.20000000000005,26
fit:b6d534b0d55965187aefb49f107f10e0595a495b5781239277071d1149e5e446,2025-06-15T07:59:15+00:00,503.0,0,83,0,1.294,299.20000000000005,26
fit:b6d534b0d55965187aefb49f107f10e0595a495b5781239277071d1149e5e446,2025-06-15T07:59:16+00:00,504.0,44,83,0,1.608,299.20000000000005,26
fit:b6d534b0d55965187aefb49f107f10e0595a495b5781239277071d1149e5e446,2025-06-15T07:59:17+00:00,505.0,44,84,0,2.213,299.20000000000005,26
fit:b6d534b0d55965187aefb49f107f10e0595a495b5781239277071d1149e5e446,2025-06-15T07:59:18+00:00,506.0,74,85,0,2.987,299.20000000000005,26
fit:b6d534b0d55965187aefb49f107f10e0595a495b5781239277071d1149e5e446,2025-06-15T07:59:19+00:00,507.0,74,88,26,3.481,299.20000000000005,26
fit:b6d534b0d55965187aefb49f107f10e0595a495b5781239277071d1149e5e446,2025-06-15T07:59:20+00:00,508.0,74,90,26,3.793,299.20000000000005,26
fit:b6d534b0d55965187aefb49f107f10e0595a495b5781239277071d1149e5e446,2025-06-15T07:59:21+00:00,509.0,74,90,26,3.899,299.20000000000005,26
fit:b6d534b0d55965187aefb49f107f10e0595a495b5781239277071d1149e5e446,2025-06-15T07:59:22+00:00,510.0,0,92,26,3.52,299.20000000000005,26
fit:b6d534b0d55965187aefb49f107f10e0595a495b5781239277071d1149e5e446,2025-06-15T07:59:23+00:00,511.0,0,94,0,3.207,299.20000000000005,26
fit:b6d534b0d55965187aefb49f107f10e0595a495b5781239277071d1149e5e446,2025-06-15T07:59:24+00:00,512.0,0,95,0,2.732,299.20000000000005,26
fit:b6d534b0d55965187aefb49f107f10e0595a495b5781239277071d1149e5e446,2025-06-15T07:59:25+00:00,513.0,0,95,0,2.371,299.20000000000005,26
fit:b6d534b0d55965187aefb49f107f10e0595a495b5781239277071d1149e5e446,2025-06-15T07:59:26+00:00,514.0,0,95,0,1.833,299.20000000000005,26
fit:b6d534b0d55965187aefb49f107f10e0595a495b5781239277071d1149e5e446,2025-06-15T07:59:27+00:00,515.0,0,95,0,1.243,299.20000000000005,26
fit:b6d534b0d55965187aefb49f107f10e0595a495b5781239277071d1149e5e446,2025-06-15T07:59:28+00:00,516.0,0,95,0,0.0,299.20000000000005,26
fit:b6d534b0d55965187aefb49f107f10e0595a495b5781239277071d1149e5e446,2025-06-15T08:03:06+00:00,734.0,0,82,0,1.639,300.4,29
fit:b6d534b0d55965187aefb49f107f10e0595a495b5781239277071d1149e5e446,2025-06-15T08:03:07+00:00,735.0,0,82,0,1.71,300.4,29
fit:b6d534b0d55965187aefb49f107f10e0595a495b5781239277071d1149e5e446,2025-06-15T08:03:08+00:00,736.0,27,82,0,1.978,300.0,29
fit:b6d534b0d55965187aefb49f107f10e0595a495b5781239277071d1149e5e446,2025-06-15T08:03:09+00:00,737.0,158,82,39,2.505,300.20000000000005,29
fit:b6d534b0d55965187aefb49f107f10e0595a495b5781239277071d1149e5e446,2025-06-15T08:03:10+00:00,738.0,158,82,39,3.172,300.20000000000005,29
fit:b6d534b0d55965187aefb49f107f10e0595a495b5781239277071d1149e5e446,2025-06-15T08:03:11+00:00,739.0,158,82,39,3.636,300.20000000000005,29
fit:b6d534b0d55965187aefb49f107f10e0595a495b5781239277071d1149e5e446,2025-06-15T08:03:12+00:00,740.0,154,83,39,3.945,299.20000000000005,29
fit:b6d534b0d55965187aefb49f107f10e0595a495b5781239277071d1149e5e446,2025-06-15T08:03:13+00:00,741.0,137,83,37,4.047,298.6,29
fit:b6d534b0d55965187aefb49f107f10e0595a495b5781239277071d1149e5e446,2025-06-15T08:03:14+00:00,742.0,126,83,36,4.2,298.6,29
fit:b6d534b0d55965187aefb49f107f10e0595a495b5781239277071d1149e5e446,2025-06-15T08:03:15+00:00,743.0,0,82,34,3.951,298.6,29
fit:b6d534b0d55965187aefb49f107f10e0595a495b5781239277071d1149e5e446,2025-06-15T08:03:16+00:00,744.0,0,81,0,3.833,299.6,29
fit:b6d534b0d55965187aefb49f107f10e0595a495b5781239277071d1149e5e446,2025-06-15T08:03:17+00:00,745.0,0,81,0,3.855,299.6,30
fit:b6d534b0d55965187aefb49f107f10e0595a495b5781239277071d1149e5e446,2025-06-15T08:03:18+00:00,746.0,0,81,0,3.858,299.6,30
fit:b6d534b0d55965187aefb49f107f10e0595a495b5781239277071d1149e5e446,2025-06-15T08:03:19+00:00,747.0,0,81,0,4.028,299.6,30
fit:b6d534b0d55965187aefb49f107f10e0595a495b5781239277071d1149e5e446,2025-06-15T08:03:20+00:00,748.0,0,81,0,3.918,299.6,30
fit:b6d534b0d55965187aefb49f107f10e0595a495b5781239277071d1149e5e446,2025-06-15T08:03:21+00:00,749.0,0,81,0,3.663,299.79999999999995,30
fit:b6d534b0d55965187aefb49f107f10e0595a495b5781239277071d1149e5e446,2025-06-15T08:03:22+00:00,750.0,0,80,0,2.52,299.79999999999995,30
fit:b6d534b0d55965187aefb49f107f10e0595a495b5781239277071d1149e5e446,2025-06-15T08:03:23+00:00,751.0,0,79,0,2.088,299.79999999999995,30
fit:b6d534b0d55965187aefb49f107f10e0595a495b5781239277071d1149e5e446,2025-06-15T08:03:24+00:00,752.0,0,79,0,1.643,299.79999999999995,30
fit:b6d534b0d55965187aefb49f107f10e0595a495b5781239277071d1149e5e446,2025-06-15T08:03:25+00:00,753.0,0,79,0,0.0,299.79999999999995,30
fit:b6d534b0d55965187aefb49f107f10e0595a495b5781239277071d1149e5e446,2025-06-15T08:04:25+00:00,813.0,0,84,0,1.382,299.79999999999995,30
fit:b6d534b0d55965187aefb49f107f10e0595a495b5781239277071d1149e5e446,2025-06-15T08:04:26+00:00,814.0,29,85,0,1.639,299.79999999999995,30
fit:b6d534b0d55965187aefb49f107f10e0595a495b5781239277071d1149e5e446,2025-06-15T08:04:27+00:00,815.0,29,85,0,1.967,299.79999999999995,30
fit:b6d534b0d55965187aefb49f107f10e0595a495b5781239277071d1149e5e446,2025-06-15T08:04:28+00:00,816.0,29,85,0,2.379,299.79999999999995,30
fit:b6d534b0d55965187aefb49f107f10e0595a495b5781239277071d1149e5e446,2025-06-15T08:04:29+00:00,817.0,109,85,0,2.845,299.6,30
fit:b6d534b0d55965187aefb49f107f10e0595a495b5781239277071d1149e5e446,2025-06-15T08:04:30+00:00,818.0,113,85,40,3.205,299.6,30
fit:b6d534b0d55965187aefb49f107f10e0595a495b5781239277071d1149e5e446,2025-06-15T08:04:31+00:00,819.0,85,85,40,3.481,299.6,30
fit:b6d534b0d55965187aefb49f107f10e0595a495b5781239277071d1149e5e446,2025-06-15T08:04:32+00:00,820.0,131,85,42,3.574,299.6,30
fit:b6d534b0d55965187aefb49f107f10e0595a495b5781239277071d1149e5e446,2025-06-15T08:04:33+00:00,821.0,132,85,42,3.714,299.4,30
fit:b6d534b0d55965187aefb49f107f10e0595a495b5781239277071d1149e5e446,2025-06-15T08:04:34+00:00,822.0,80,86,44,3.845,299.4,30
fit:b6d534b0d55965187aefb49f107f10e0595a495b5781239277071d1149e5e446,2025-06-15T08:04:35+00:00,823.0,69,85,44,4.017,299.4,30
fit:b6d534b0d55965187aefb49f107f10e0595a495b5781239277071d1149e5e446,2025-06-15T08:04:36+00:00,824.0,69,85,47,4.153,298.79999999999995,30
fit:b6d534b0d55965187aefb49f107f10e0595a495b5781239277071d1149e5e446,2025-06-15T08:04:37+00:00,825.0,69,85,47,4.09,299.4,30
fit:b6d534b0d55965187aefb49f107f10e0595a495b5781239277071d1149e5e446,2025-06-15T08:04:38+00:00,826.0,69,85,47,4.021,299.4,30
fit:b6d534b0d55965187aefb49f107f10e0595a495b5781239277071d1149e5e446,2025-06-15T08:04:39+00:00,827.0,0,85,46,3.772,299.4,30
fit:b6d534b0d55965187aefb49f107f10e0595a495b5781239277071d1149e5e446,2025-06-15T08:04:40+00:00,828.0,0,84,0,3.51,299.79999999999995,30
fit:b6d534b0d55965187aefb49f107f10e0595a495b5781239277071d1149e5e446,2025-06-15T08:04:41+00:00,829.0,0,84,0,2.84,300.0,30
fit:b6d534b0d55965187aefb49f107f10e0595a495b5781239277071d1149e5e446,2025-06-15T08:04:42+00:00,830.0,0,84,0,2.514,300.0,30
fit:b6d534b0d55965187aefb49f107f10e0595a495b5781239277071d1149e5e446,2025-06-15T08:04:43+00:00,831.0,0,82,0,2.256,300.0,30
fit:b6d534b0d55965187aefb49f107f10e0595a495b5781239277071d1149e5e446,2025-06-15T08:04:44+00:00,832.0,0,82,0,2.034,300.0,30
fit:b6d534b0d55965187aefb49f107f10e0595a495b5781239277071d1149e5e446,2025-06-15T08:04:45+00:00,833.0,0,81,0,1.65,300.4,30
fit:b6d534b0d55965187aefb49f107f10e0595a495b5781239277071d1149e5e446,2025-06-15T08:04:46+00:00,834.0,0,81,0,1.225,300.4,30
fit:b6d534b0d55965187aefb49f107f10e0595a495b5781239277071d1149e5e446,2025-06-15T08:04:47+00:00,835.0,0,81,0,0.0,300.4,30
fit:b6d534b0d55965187aefb49f107f10e0595a495b5781239277071d1149e5e446,2025-06-15T08:04:48+00:00,836.0,0,80,0,0.0,300.4,30
fit:b6d534b0d55965187aefb49f107f10e0595a495b5781239277071d1149e5e446,2025-06-15T08:07:30+00:00,998.0,0,86,0,1.694,301.0,31
fit:b6d534b0d55965187aefb49f107f10e0595a495b5781239277071d1149e5e446,2025-06-15T08:07:31+00:00,999.0,8,86,0,2.011,301.0,31
fit:b6d534b0d55965187aefb49f107f10e0595a495b5781239277071d1149e5e446,2025-06-15T08:07:32+00:00,1000.0,30,89,0,2.174,301.0,31
fit:b6d534b0d55965187aefb49f107f10e0595a495b5781239277071d1149e5e446,2025-06-15T08:07:33+00:00,1001.0,30,91,0,2.145,301.4,31
fit:b6d534b0d55965187aefb49f107f10e0595a495b5781239277071d1149e5e446,2025-06-15T08:07:34+00:00,1002.0,52,93,0,2.3,301.4,31
fit:b6d534b0d55965187aefb49f107f10e0595a495b5781239277071d1149e5e446,2025-06-15T08:07:35+00:00,1003.0,53,94,26,2.43,301.4,31
fit:b6d534b0d55965187aefb49f107f10e0595a495b5781239277071d1149e5e446,2025-06-15T08:07:36+00:00,1004.0,53,94,26,2.531,301.20000000000005,31
fit:b6d534b0d55965187aefb49f107f10e0595a495b5781239277071d1149e5e446,2025-06-15T08:07:37+00:00,1005.0,13,95,26,2.543,301.20000000000005,31
fit:b6d534b0d55965187aefb49f107f10e0595a495b5781239277071d1149e5e446,2025-06-15T08:07:38+00:00,1006.0,65,95,23,2.685,301.20000000000005,31
fit:b6d534b0d55965187aefb49f107f10e0595a495b5781239277071d1149e5e446,2025-06-15T08:07:39+00:00,1007.0,65,96,39,2.902,301.20000000000005,31
fit:b6d534b0d55965187aefb49f107f10e0595a495b5781239277071d1149e5e446,2025-06-15T08:07:40+00:00,1008.0,135,96,39,2.994,301.20000000000005,31
fit:b6d534b0d55965187aefb49f107f10e0595a495b5781239277071d1149e5e446,2025-06-15T08:07:41+00:00,1009.0,135,95,44,3.234,301.0,31
fit:b6d534b0d55965187aefb49f107f10e0595a495b5781239277071d1149e5e446,2025-06-15T08:07:42+00:00,1010.0,346,94,44,3.538,301.0,31
fit:b6d534b0d55965187aefb49f107f10e0595a495b5781239277071d1149e5e446,2025-06-15T08:07:43+00:00,1011.0,346,93,61,3.983,301.0,31
fit:b6d534b0d55965187aefb49f107f10e0595a495b5781239277071d1149e5e446,2025-06-15T08:07:44+00:00,1012.0,359,93,61,4.529,300.4,31
fit:b6d534b0d55965187aefb49f107f10e0595a495b5781239277071d1149e5e446,2025-06-15T08:07:45+00:00,1013.0,359,93,61,4.894,300.4,31
fit:b6d534b0d55965187aefb49f107f10e0595a495b5781239277071d1149e5e446,2025-06-15T08:07:46+00:00,1014.0,359,93,61,4.885,300.4,31
fit:b6d534b0d55965187aefb49f107f10e0595a495b5781239277071d1149e5e446,2025-06-15T08:07:47+00:00,1015.0,331,93,61,4.858,300.4,31
fit:b6d534b0d55965187aefb49f107f10e0595a495b5781239277071d1149e5e446,2025-06-15T08:07:48+00:00,1016.0,299,92,58,4.705,301.0,31
fit:b6d534b0d55965187aefb49f107f10e0595a495b5781239277071d1149e5e446,2025-06-15T08:07:49+00:00,1017.0,270,92,55,4.606,300.79999999999995,31
fit:b6d534b0d55965187aefb49f107f10e0595a495b5781239277071d1149e5e446,2025-06-15T08:07:50+00:00,1018.0,0,91,0,4.339,300.79999999999995,31
fit:b6d534b0d55965187aefb49f107f10e0595a495b5781239277071d1149e5e446,2025-06-15T08:07:51+00:00,1019.0,14,92,0,4.276,300.79999999999995,31
fit:b6d534b0d55965187aefb49f107f10e0595a495b5781239277071d1149e5e446,2025-06-15T08:07:52+00:00,1020.0,14,93,22,4.203,301.4,31
fit:b6d534b0d55965187aefb49f107f10e0595a495b5781239277071d1149e5e446,2025-06-15T08:07:53+00:00,1021.0,14,93,22,4.159,301.20000000000005,31
fit:b6d534b0d55965187aefb49f107f10e0595a495b5781239277071d1149e5e446,2025-06-15T08:07:54+00:00,1022.0,13,94,22,4.154,301.20000000000005,31
fit:b6d534b0d55965187aefb49f107f10e0595a495b5781239277071d1149e5e446,2025-06-15T08:07:55+00:00,1023.0,0,94,0,4.05,301.20000000000005,32
fit:b6d534b0d55965187aefb49f107f10e0595a495b5781239277071d1149e5e446,2025-06-15T08:07:56+00:00,1024.0,0,93,0,3.949,301.20000000000005,32
fit:b6d534b0d55965187aefb49f107f10e0595a495b5781239277071d1149e5e446,2025-06-15T08:07:57+00:00,1025.0,0,93,0,3.813,301.20000000000005,32
fit:b6d534b0d55965187aefb49f107f10e0595a495b5781239277071d1149e5e446,2025-06-15T08:07:58+00:00,1026.0,0,93,0,3.648,301.20000000000005,32
fit:b6d534b0d55965187aefb49f107f10e0595a495b5781239277071d1149e5e446,2025-06-15T08:07:59+00:00,1027.0,0,92,0,3.515,301.20000000000005,32
fit:b6d534b0d55965187aefb49f107f10e0595a495b5781239277071d1149e5e446,2025-06-15T08:08:00+00:00,1028.0,0,92,0,3.399,301.20000000000005,32
fit:b6d534b0d55965187aefb49f107f10e0595a495b5781239277071d1149e5e446,2025-06-15T08:08:01+00:00,1029.0,0,92,0,3.177,301.0,32
fit:b6d534b0d55965187aefb49f107f10e0595a495b5781239277071d1149e5e446,2025-06-15T08:08:02+00:00,1030.0,0,91,0,3.054,301.0,32
fit:b6d534b0d55965187aefb49f107f10e0595a495b5781239277071d1149e5e446,2025-06-15T08:08:03+00:00,1031.0,0,89,0,2.964,301.0,32
fit:b6d534b0d55965187aefb49f107f10e0595a495b5781239277071d1149e5e446,2025-06-15T08:08:04+00:00,1032.0,9,87,0,2.859,302.0,32
fit:b6d534b0d55965187aefb49f107f10e0595a495b5781239277071d1149e5e446,2025-06-15T08:08:05+00:00,1033.0,9,87,0,2.854,301.4,32
fit:b6d534b0d55965187aefb49f107f10e0595a495b5781239277071d1149e5e446,2025-06-15T08:08:06+00:00,1034.0,9,86,0,2.899,301.4,32
fit:b6d534b0d55965187aefb49f107f10e0595a495b5781239277071d1149e5e446,2025-06-15T08:08:07+00:00,1035.0,8,87,0,2.893,301.4,32
fit:b6d534b0d55965187aefb49f107f10e0595a495b5781239277071d1149e5e446,2025-06-15T08:08:08+00:00,1036.0,0,87,0,2.678,301.4,32
fit:b6d534b0d55965187aefb49f107f10e0595a495b5781239277071d1149e5e446,2025-06-15T08:08:09+00:00,1037.0,0,88,0,2.584,301.6,32
fit:b6d534b0d55965187aefb49f107f10e0595a495b5781239277071d1149e5e446,2025-06-15T08:08:10+00:00,1038.0,0,87,0,2.298,301.6,32
fit:b6d534b0d55965187aefb49f107f10e0595a495b5781239277071d1149e5e446,2025-06-15T08:08:11+00:00,1039.0,0,87,0,2.04,301.6,32
fit:b6d534b0d55965187aefb49f107f10e0595a495b5781239277071d1149e5e446,2025-06-15T08:08:12+00:00,1040.0,0,85,0,2.179,301.6,32
fit:b6d534b0d55965187aefb49f107f10e0595a495b5781239277071d1149e5e446,2025-06-15T08:08:13+00:00,1041.0,0,84,0,2.247,301.6,32
fit:b6d534b0d55965187aefb49f107f10e0595a495b5781239277071d1149e5e446,2025-06-15T08:08:14+00:00,1042.0,0,83,0,2.303,301.6,32
fit:b6d534b0d55965187aefb49f107f10e0595a495b5781239277071d1149e5e446,2025-06-15T08:08:15+00:00,1043.0,0,83,0,2.35,301.6,32
fit:b6d534b0d55965187aefb49f107f10e0595a495b5781239277071d1149e5e446,2025-06-15T08:08:16+00:00,1044.0,0,82,0,2.287,301.6,32
fit:b6d534b0d55965187aefb49f107f10e0595a495b5781239277071d1149e5e446,2025-06-15T08:08:17+00:00,1045.0,0,82,0,2.154,301.4,32
fit:b6d534b0d55965187aefb49f107f10e0595a495b5781239277071d1149e5e446,2025-06-15T08:08:18+00:00,1046.0,0,81,0,2.11,301.4,32
fit:b6d534b0d55965187aefb49f107f10e0595a495b5781239277071d1149e5e446,2025-06-15T08:08:19+00:00,1047.0,0,80,0,2.047,301.4,32
fit:b6d534b0d55965187aefb49f107f10e0595a495b5781239277071d1149e5e446,2025-06-15T08:08:20+00:00,1048.0,0,80,0,2.025,301.4,32
fit:b6d534b0d55965187aefb49f107f10e0595a495b5781239277071d1149e5e446,2025-06-15T08:08:21+00:00,1049.0,0,80,0,1.975,301.4,32
fit:b6d534b0d55965187aefb49f107f10e0595a495b5781239277071d1149e5e446,2025-06-15T08:08:22+00:00,1050.0,0,80,0,1.597,301.4,32
fit:b6d534b0d55965187aefb49f107f10e0595a495b5781239277071d1149e5e446,2025-06-15T08:08:23+00:00,1051.0,0,80,0,1.243,301.4,32
fit:b6d534b0d55965187aefb49f107f10e0595a495b5781239277071d1149e5e446,2025-06-15T08:08:24+00:00,1052.0,0,81,0,0.0,301.4,32
fit:b6d534b0d55965187aefb49f107f10e0595a495b5781239277071d1149e5e446,2025-06-15T08:08:25+00:00,1053.0,0,81,0,0.0,301.79999999999995,32
fit:b6d534b0d55965187aefb49f107f10e0595a495b5781239277071d1149e5e446,2025-06-15T08:09:35+00:00,1123.0,0,78,0,1.186,301.79999999999995,32
fit:b6d534b0d55965187aefb49f107f10e0595a495b5781239277071d1149e5e446,2025-06-15T08:09:36+00:00,1124.0,0,79,0,1.342,301.6,32
fit:b6d534b0d55965187aefb49f107f10e0595a495b5781239277071d1149e5e446,2025-06-15T08:09:37+00:00,1125.0,0,79,0,1.483,301.79999999999995,32
fit:b6d534b0d55965187aefb49f107f10e0595a495b5781239277071d1149e5e446,2025-06-15T08:09:38+00:00,1126.0,0,80,0,1.534,301.79999999999995,32
fit:b6d534b0d55965187aefb49f107f10e0595a495b5781239277071d1149e5e446,2025-06-15T08:09:39+00:00,1127.0,0,81,0,1.19,301.79999999999995,32
fit:b6d534b0d55965187aefb49f107f10e0595a495b5781239277071d1149e5e446,2025-06-15T08:09:40+00:00,1128.0,0,81,0,0.966,301.79999999999995,32
fit:b6d534b0d55965187aefb49f107f10e0595a495b5781239277071d1149e5e446,2025-06-15T08:09:41+00:00,1129.0,0,81,0,0.852,301.6,32
fit:b6d534b0d55965187aefb49f107f10e0595a495b5781239277071d1149e5e446,2025-06-15T08:09:42+00:00,1130.0,0,81,0,0.751,301.6,32
fit:b6d534b0d55965187aefb49f107f10e0595a495b5781239277071d1149e5e446,2025-06-15T08:09:43+00:00,1131.0,0,81,0,0.655,301.6,32
fit:b6d534b0d55965187aefb49f107f10e0595a495b5781239277071d1149e5e446,2025-06-15T08:09:44+00:00,1132.0,0,81,0,0.687,301.20000000000005,32
fit:b6d534b0d55965187aefb49f107f10e0595a495b5781239277071d1149e5e446,2025-06-15T08:09:45+00:00,1133.0,0,81,0,0.866,301.20000000000005,32
fit:b6d534b0d55965187aefb49f107f10e0595a495b5781239277071d1149e5e446,2025-06-15T08:09:46+00:00,1134.0,0,81,0,1.008,301.20000000000005,32
fit:b6d534b0d55965187aefb49f107f10e0595a495b5781239277071d1149e5e446,2025-06-15T08:09:47+00:00,1135.0,0,81,0,0.937,301.20000000000005,32
fit:b6d534b0d55965187aefb49f107f10e0595a495b5781239277071d1149e5e446,2025-06-15T08:09:48+00:00,1136.0,0,81,0,0.948,301.79999999999995,32
fit:b6d534b0d55965187aefb49f107f10e0595a495b5781239277071d1149e5e446,2025-06-15T08:09:49+00:00,1137.0,0,81,0,0.973,302.0,32
fit:b6d534b0d55965187aefb49f107f10e0595a495b5781239277071d1149e5e446,2025-06-15T08:09:50+00:00,1138.0,0,82,0,1.127,302.0,32
fit:b6d534b0d55965187aefb49f107f10e0595a495b5781239277071d1149e5e446,2025-06-15T08:09:51+00:00,1139.0,0,82,0,1.154,302.0,32
fit:b6d534b0d55965187aefb49f107f10e0595a495b5781239277071d1149e5e446,2025-06-15T08:09:52+00:00,1140.0,0,83,0,0.0,301.6,32
fit:b6d534b0d55965187aefb49f107f10e0595a495b5781239277071d1149e5e446,2025-06-15T08:09:53+00:00,1141.0,0,83,0,0.931,301.6,32
fit:b6d534b0d55965187aefb49f107f10e0595a495b5781239277071d1149e5e446,2025-06-15T08:09:54+00:00,1142.0,0,83,0,0.772,301.6,32
fit:b6d534b0d55965187aefb49f107f10e0595a495b5781239277071d1149e5e446,2025-06-15T08:10:13+00:00,1161.0,0,87,0,1.169,301.79999999999995,32
fit:b6d534b0d55965187aefb49f107f10e0595a495b5781239277071d1149e5e446,2025-06-15T08:10:14+00:00,1162.0,0,87,0,1.229,301.79999999999995,32
fit:b6d534b0d55965187aefb49f107f10e0595a495b5781239277071d1149e5e446,2025-06-15T08:10:15+00:00,1163.0,0,86,0,1.029,301.79999999999995,32
fit:b6d534b0d55965187aefb49f107f10e0595a495b5781239277071d1149e5e446,2025-06-15T08:10:16+00:00,1164.0,0,85,0,0.816,301.79999999999995,32
fit:b6d534b0d55965187aefb49f107f10e0595a495b5781239277071d1149e5e446,2025-06-15T08:10:17+00:00,1165.0,0,84,0,0.763,301.79999999999995,32
fit:b6d534b0d55965187aefb49f107f10e0595a495b5781239277071d1149e5e446,2025-06-15T08:10:18+00:00,1166.0,0,84,0,0.673,301.79999999999995,32
fit:b6d534b0d55965187aefb49f107f10e0595a495b5781239277071d1149e5e446,2025-06-15T08:10:19+00:00,1167.0,0,83,0,0.75,301.79999999999995,32
fit:b6d534b0d55965187aefb49f107f10e0595a495b5781239277071d1149e5e446,2025-06-15T08:10:20+00:00,1168.0,0,84,0,0.696,301.79999999999995,32
fit:b6d534b0d55965187aefb49f107f10e0595a495b5781239277071d1149e5e446,2025-06-15T08:10:21+00:00,1169.0,0,86,0,0.718,301.79999999999995,32
fit:b6d534b0d55965187aefb49f107f10e0595a495b5781239277071d1149e5e446,2025-06-15T08:10:22+00:00,1170.0,0,86,0,0.771,301.6,32
fit:b6d534b0d55965187aefb49f107f10e0595a495b5781239277071d1149e5e446,2025-06-15T08:10:23+00:00,1171.0,0,87,0,0.879,301.6,32
fit:b6d534b0d55965187aefb49f107f10e0595a495b5781239277071d1149e5e446,2025-06-15T08:10:24+00:00,1172.0,0,89,0,0.859,301.6,32
fit:b6d534b0d55965187aefb49f107f10e0595a495b5781239277071d1149e5e446,2025-06-15T08:10:25+00:00,1173.0,0,90,0,0.983,301.4,32
fit:b6d534b0d55965187aefb49f107f10e0595a495b5781239277071d1149e5e446,2025-06-15T08:10:26+00:00,1174.0,0,91,0,0.857,301.4,32
fit:b6d534b0d55965187aefb49f107f10e0595a495b5781239277071d1149e5e446,2025-06-15T08:10:27+00:00,1175.0,0,91,0,0.839,301.4,32
fit:b6d534b0d55965187aefb49f107f10e0595a495b5781239277071d1149e5e446,2025-06-15T08:10:28+00:00,1176.0,0,93,0,0.0,301.4,32
fit:b6d534b0d55965187aefb49f107f10e0595a495b5781239277071d1149e5e446,2025-06-15T08:10:29+00:00,1177.0,0,92,0,0.887,301.4,32
fit:b6d534b0d55965187aefb49f107f10e0595a495b5781239277071d1149e5e446,2025-06-15T08:10:30+00:00,1178.0,0,92,0,1.169,301.4,32
fit:b6d534b0d55965187aefb49f107f10e0595a495b5781239277071d1149e5e446,2025-06-15T08:10:31+00:00,1179.0,0,91,0,1.111,301.4,33
fit:b6d534b0d55965187aefb49f107f10e0595a495b5781239277071d1149e5e446,2025-06-15T08:10:32+00:00,1180.0,0,91,0,1.572,301.4,33
fit:b6d534b0d55965187aefb49f107f10e0595a495b5781239277071d1149e5e446,2025-06-15T08:10:33+00:00,1181.0,0,91,0,1.668,301.4,33
fit:b6d534b0d55965187aefb49f107f10e0595a495b5781239277071d1149e5e446,2025-06-15T08:10:34+00:00,1182.0,29,91,0,1.916,301.4,33
fit:b6d534b0d55965187aefb49f107f10e0595a495b5781239277071d1149e5e446,2025-06-15T08:10:35+00:00,1183.0,29,91,22,2.052,301.4,33
fit:b6d534b0d55965187aefb49f107f10e0595a495b5781239277071d1149e5e446,2025-06-15T08:10:36+00:00,1184.0,30,90,22,2.179,301.4,33
fit:b6d534b0d55965187aefb49f107f10e0595a495b5781239277071d1149e5e446,2025-06-15T08:10:37+00:00,1185.0,30,89,22,2.103,301.4,33
fit:b6d534b0d55965187aefb49f107f10e0595a495b5781239277071d1149e5e446,2025-06-15T08:10:38+00:00,1186.0,30,89,22,2.126,301.4,33
fit:b6d534b0d55965187aefb49f107f10e0595a495b5781239277071d1149e5e446,2025-06-15T08:10:39+00:00,1187.0,29,90,22,2.111,301.4,33
fit:b6d534b0d55965187aefb49f107f10e0595a495b5781239277071d1149e5e446,2025-06-15T08:10:40+00:00,1188.0,26,90,21,1.823,301.4,33
fit:b6d534b0d55965187aefb49f107f10e0595a495b5781239277071d1149e5e446,2025-06-15T08:10:41+00:00,1189.0,24,92,20,1.578,301.4,33
fit:b6d534b0d55965187aefb49f107f10e0595a495b5781239277071d1149e5e446,2025-06-15T08:10:42+00:00,1190.0,0,93,0,1.393,302.0,33
fit:b6d534b0d55965187aefb49f107f10e0595a495b5781239277071d1149e5e446,2025-06-15T08:10:43+00:00,1191.0,0,93,0,1.349,302.0,33
fit:b6d534b0d55965187aefb49f107f10e0595a495b5781239277071d1149e5e446,2025-06-15T08:10:44+00:00,1192.0,0,93,0,1.235,302.0,33
fit:b6d534b0d55965187aefb49f107f10e0595a495b5781239277071d1149e5e446,2025-06-15T08:10:45+00:00,1193.0,0,92,0,1.164,302.0,33
fit:b6d534b0d55965187aefb49f107f10e0595a495b5781239277071d1149e5e446,2025-06-15T08:10:46+00:00,1194.0,0,91,0,1.155,302.0,33
fit:b6d534b0d55965187aefb49f107f10e0595a495b5781239277071d1149e5e446,2025-06-15T08:10:47+00:00,1195.0,0,91,0,1.223,302.0,33
fit:b6d534b0d55965187aefb49f107f10e0595a495b5781239277071d1149e5e446,2025-06-15T08:10:48+00:00,1196.0,0,90,0,1.365,302.0,33
fit:b6d534b0d55965187aefb49f107f10e0595a495b5781239277071d1149e5e446,2025-06-15T08:10:49+00:00,1197.0,0,88,0,1.711,302.0,33
fit:b6d534b0d55965187aefb49f107f10e0595a495b5781239277071d1149e5e446,2025-06-15T08:10:50+00:00,1198.0,115,88,0,1.996,302.0,33
fit:b6d534b0d55965187aefb49f107f10e0595a495b5781239277071d1149e5e446,2025-06-15T08:10:51+00:00,1199.0,104,85,30,2.326,302.0,33
fit:b6d534b0d55965187aefb49f107f10e0595a495b5781239277071d1149e5e446,2025-06-15T08:10:52+00:00,1200.0,118,85,28,2.819,302.0,33
fit:b6d534b0d55965187aefb49f107f10e0595a495b5781239277071d1149e5e446,2025-06-15T08:10:53+00:00,1201.0,118,84,31,2.901,301.20000000000005,33
fit:b6d534b0d55965187aefb49f107f10e0595a495b5781239277071d1149e5e446,2025-06-15T08:10:54+00:00,1202.0,118,84,31,2.86,302.20000000000005,33
fit:b6d534b0d55965187aefb49f107f10e0595a495b5781239277071d1149e5e446,2025-06-15T08:10:55+00:00,1203.0,118,84,31,2.582,302.20000000000005,33
fit:b6d534b0d55965187aefb49f107f10e0595a495b5781239277071d1149e5e446,2025-06-15T08:10:56+00:00,1204.0,0,84,31,2.234,302.20000000000005,33
fit:b6d534b0d55965187aefb49f107f10e0595a495b5781239277071d1149e5e446,2025-06-15T08:10:57+00:00,1205.0,0,85,0,1.947,302.20000000000005,33
fit:b6d534b0d55965187aefb49f107f10e0595a495b5781239277071d1149e5e446,2025-06-15T08:10:58+00:00,1206.0,72,85,0,1.961,301.79999999999995,33
fit:b6d534b0d55965187aefb49f107f10e0595a495b5781239277071d1149e5e446,2025-06-15T08:10:59+00:00,1207.0,72,85,28,1.943,301.79999999999995,33
fit:b6d534b0d55965187aefb49f107f10e0595a495b5781239277071d1149e5e446,2025-06-15T08:11:00+00:00,1208.0,72,86,28,2.183,301.79999999999995,33
fit:b6d534b0d55965187aefb49f107f10e0595a495b5781239277071d1149e5e446,2025-06-15T08:11:01+00:00,1209.0,0,86,28,2.22,301.79999999999995,33
fit:b6d534b0d55965187aefb49f107f10e0595a495b5781239277071d1149e5e446,2025-06-15T08:11:02+00:00,1210.0,0,86,0,2.125,301.6,33
fit:b6d534b0d55965187aefb49f107f10e0595a495b5781239277071d1149e5e446,2025-06-15T08:11:03+00:00,1211.0,0,85,0,2.005,301.6,33
fit:b6d534b0d55965187aefb49f107f10e0595a495b5781239277071d1149e5e446,2025-06-15T08:11:04+00:00,1212.0,19,85,0,1.876,301.6,33
fit:b6d534b0d55965187aefb49f107f10e0595a495b5781239277071d1149e5e446,2025-06-15T08:11:05+00:00,1213.0,19,85,0,2.152,301.6,33
fit:b6d534b0d55965187aefb49f107f10e0595a495b5781239277071d1149e5e446,2025-06-15T08:11:06+00:00,1214.0,19,86,0,2.256,302.0,33
fit:b6d534b0d55965187aefb49f107f10e0595a495b5781239277071d1149e5e446,2025-06-15T08:11:07+00:00,1215.0,19,86,0,2.087,302.0,33
fit:b6d534b0d55965187aefb49f107f10e0595a495b5781239277071d1149e5e446,2025-06-15T08:11:08+00:00,1216.0,19,85,0,2.077,302.0,33
fit:b6d534b0d55965187aefb49f107f10e0595a495b5781239277071d1149e5e446,2025-06-15T08:11:09+00:00,1217.0,17,85,0,1.791,302.0,33
fit:b6d534b0d55965187aefb49f107f10e0595a495b5781239277071d1149e5e446,2025-06-15T08:11:10+00:00,1218.0,16,85,0,0.0,302.0,33
fit:b6d534b0d55965187aefb49f107f10e0595a495b5781239277071d1149e5e446,2025-06-15T08:11:11+00:00,1219.0,0,86,0,1.624,302.0,33
fit:b6d534b0d55965187aefb49f107f10e0595a495b5781239277071d1149e5e446,2025-06-15T08:11:12+00:00,1220.0,0,86,0,1.751,302.0,33
fit:b6d534b0d55965187aefb49f107f10e0595a495b5781239277071d1149e5e446,2025-06-15T08:11:13+00:00,1221.0,0,86,0,1.584,302.0,32
fit:b6d534b0d55965187aefb49f107f10e0595a495b5781239277071d1149e5e446,2025-06-15T08:11:14+00:00,1222.0,0,86,0,1.59,301.79999999999995,32
fit:b6d534b0d55965187aefb49f107f10e0595a495b5781239277071d1149e5e446,2025-06-15T08:11:15+00:00,1223.0,0,85,0,1.926,301.79999999999995,32
fit:b6d534b0d55965187aefb49f107f10e0595a495b5781239277071d1149e5e446,2025-06-15T08:11:16+00:00,1224.0,0,84,0,1.535,301.79999999999995,32
fit:b6d534b0d55965187aefb49f107f10e0595a495b5781239277071d1149e5e446,2025-06-15T08:11:17+00:00,1225.0,0,83,0,1.312,301.79999999999995,32
fit:b6d534b0d55965187aefb49f107f10e0595a495b5781239277071d1149e5e446,2025-06-15T08:11:18+00:00,1226.0,0,83,0,1.566,301.6,32
fit:b6d534b0d55965187aefb49f107f10e0595a495b5781239277071d1149e5e446,2025-06-15T08:11:19+00:00,1227.0,0,83,0,1.395,301.6,32
fit:b6d534b0d55965187aefb49f107f10e0595a495b5781239277071d1149e5e446,2025-06-15T08:11:20+00:00,1228.0,0,82,0,1.391,301.6,32
fit:b6d534b0d55965187aefb49f107f10e0595a495b5781239277071d1149e5e446,2025-06-15T08:11:21+00:00,1229.0,0,82,0,1.338,302.0,32
fit:b6d534b0d55965187aefb49f107f10e0595a495b5781239277071d1149e5e446,2025-06-15T08:11:22+00:00,1230.0,0,81,0,1.283,302.0,32
fit:b6d534b0d55965187aefb49f107f10e0595a495b5781239277071d1149e5e446,2025-06-15T08:11:23+00:00,1231.0,0,81,0,1.132,302.0,32
fit:b6d534b0d55965187aefb49f107f10e0595a495b5781239277071d1149e5e446,2025-06-15T08:11:24+00:00,1232.0,0,81,0,0.0,302.0,32
fit:b6d534b0d55965187aefb49f107f10e0595a495b5781239277071d1149e5e446,2025-06-15T08:11:25+00:00,1233.0,0,81,0,0.0,302.0,32
fit:b6d534b0d55965187aefb49f107f10e0595a495b5781239277071d1149e5e446,2025-06-15T08:14:36+00:00,1424.0,48,77,0,2.05,301.0,32
fit:b6d534b0d55965187aefb49f107f10e0595a495b5781239277071d1149e5e446,2025-06-15T08:14:37+00:00,1425.0,48,79,0,2.343,301.0,32
fit:b6d534b0d55965187aefb49f107f10e0595a495b5781239277071d1149e5e446,2025-06-15T08:14:38+00:00,1426.0,48,82,0,2.453,301.0,32
fit:b6d534b0d55965187aefb49f107f10e0595a495b5781239277071d1149e5e446,2025-06-15T08:14:39+00:00,1427.0,0,82,0,2.57,301.4,32
fit:b6d534b0d55965187aefb49f107f10e0595a495b5781239277071d1149e5e446,2025-06-15T08:14:40+00:00,1428.0,0,86,0,2.599,301.4,32
fit:b6d534b0d55965187aefb49f107f10e0595a495b5781239277071d1149e5e446,2025-06-15T08:14:41+00:00,1429.0,0,89,0,2.602,301.4,32
fit:b6d534b0d55965187aefb49f107f10e0595a495b5781239277071d1149e5e446,2025-06-15T08:14:42+00:00,1430.0,0,92,0,2.211,301.4,32
fit:b6d534b0d55965187aefb49f107f10e0595a495b5781239277071d1149e5e446,2025-06-15T08:14:43+00:00,1431.0,0,94,0,0.0,301.4,32
