activity_id,timestamp,elapsed_seconds,power_w,heart_rate_bpm,cadence_rpm,speed_m_s,altitude_m,temperature_c
fit:db0c90a1392af9218036d07d2374b3e8d83a93418604182b7f81a9790373a55f,2025-06-18T08:54:26+00:00,0.0,,87,36,5.357,15.0,23
fit:db0c90a1392af9218036d07d2374b3e8d83a93418604182b7f81a9790373a55f,2025-06-18T08:54:27+00:00,1.0,38,89,22,0.0,15.0,23
fit:db0c90a1392af9218036d07d2374b3e8d83a93418604182b7f81a9790373a55f,2025-06-18T08:54:28+00:00,2.0,103,89,39,4.803,16.0,23
fit:db0c90a1392af9218036d07d2374b3e8d83a93418604182b7f81a9790373a55f,2025-06-18T08:54:29+00:00,3.0,203,89,50,4.728,15.600000000000023,23
fit:db0c90a1392af9218036d07d2374b3e8d83a93418604182b7f81a9790373a55f,2025-06-18T08:54:30+00:00,4.0,203,89,50,4.758,15.600000000000023,23
fit:db0c90a1392af9218036d07d2374b3e8d83a93418604182b7f81a9790373a55f,2025-06-18T08:54:31+00:00,5.0,308,89,52,5.126,15.600000000000023,23
fit:db0c90a1392af9218036d07d2374b3e8d83a93418604182b7f81a9790373a55f,2025-06-18T08:54:32+00:00,6.0,343,90,58,5.165,15.600000000000023,23
fit:db0c90a1392af9218036d07d2374b3e8d83a93418604182b7f81a9790373a55f,2025-06-18T08:54:33+00:00,7.0,335,90,61,5.429,16.600000000000023,23
fit:db0c90a1392af9218036d07d2374b3e8d83a93418604182b7f81a9790373a55f,2025-06-18T08:54:34+00:00,8.0,317,91,66,5.728,16.600000000000023,23
fit:db0c90a1392af9218036d07d2374b3e8d83a93418604182b7f81a9790373a55f,2025-06-18T08:54:35+00:00,9.0,317,91,66,6.366,16.600000000000023,23
fit:db0c90a1392af9218036d07d2374b3e8d83a93418604182b7f81a9790373a55f,2025-06-18T08:54:36+00:00,10.0,244,91,69,7.089,16.200000000000045,23
fit:db0c90a1392af9218036d07d2374b3e8d83a93418604182b7f81a9790373a55f,2025-06-18T08:54:37+00:00,11.0,258,92,70,7.656,16.0,23
fit:db0c90a1392af9218036d07d2374b3e8d83a93418604182b7f81a9790373a55f,2025-06-18T08:54:38+00:00,12.0,245,92,71,7.816,16.0,23
fit:db0c90a1392af9218036d07d2374b3e8d83a93418604182b7f81a9790373a55f,2025-06-18T08:54:39+00:00,13.0,252,95,72,7.946,16.0,23
fit:db0c90a1392af9218036d07d2374b3e8d83a93418604182b7f81a9790373a55f,2025-06-18T08:54:40+00:00,14.0,259,97,72,7.945,16.0,23
fit:db0c90a1392af9218036d07d2374b3e8d83a93418604182b7f81a9790373a55f,2025-06-18T08:54:41+00:00,15.0,276,100,74,7.897,16.399999999999977,23
fit:db0c90a1392af9218036d07d2374b3e8d83a93418604182b7f81a9790373a55f,2025-06-18T08:54:42+00:00,16.0,116,102,41,7.657,16.399999999999977,23
fit:db0c90a1392af9218036d07d2374b3e8d83a93418604182b7f81a9790373a55f,2025-06-18T08:54:43+00:00,17.0,116,104,41,7.35,16.399999999999977,23
fit:db0c90a1392af9218036d07d2374b3e8d83a93418604182b7f81a9790373a55f,2025-06-18T08:54:44+00:00,18.0,198,106,73,6.521,16.399999999999977,23
fit:db0c90a1392af9218036d07d2374b3e8d83a93418604182b7f81a9790373a55f,2025-06-18T08:54:45+00:00,19.0,272,107,74,6.066,16.200000000000045,23
fit:db0c90a1392af9218036d07d2374b3e8d83a93418604182b7f81a9790373a55f,2025-06-18T08:54:46+00:00,20.0,324,108,75,5.528,16.200000000000045,23
fit:db0c90a1392af9218036d07d2374b3e8d83a93418604182b7f81a9790373a55f,2025-06-18T08:54:47+00:00,21.0,190,108,75,5.826,16.200000000000045,24
fit:db0c90a1392af9218036d07d2374b3e8d83a93418604182b7f81a9790373a55f,2025-06-18T08:54:48+00:00,22.0,186,111,75,6.62,15.200000000000045,24
fit:db0c90a1392af9218036d07d2374b3e8d83a93418604182b7f81a9790373a55f,2025-06-18T08:54:49+00:00,23.0,199,112,75,7.303,15.600000000000023,24
fit:db0c90a1392af9218036d07d2374b3e8d83a93418604182b7f81a9790373a55f,2025-06-18T08:54:50+00:00,24.0,243,113,75,7.836,15.600000000000023,24
fit:db0c90a1392af9218036d07d2374b3e8d83a93418604182b7f81a9790373a55f,2025-06-18T08:54:51+00:00,25.0,214,113,75,8.096,15.600000000000023,24
fit:db0c90a1392af9218036d07d2374b3e8d83a93418604182b7f81a9790373a55f,2025-06-18T08:54:52+00:00,26.0,237,115,75,8.243,15.600000000000023,24
fit:db0c90a1392af9218036d07d2374b3e8d83a93418604182b7f81a9790373a55f,2025-06-18T08:54:53+00:00,27.0,213,115,75,8.398,16.600000000000023,24
fit:db0c90a1392af9218036d07d2374b3e8d83a93418604182b7f81a9790373a55f,2025-06-18T08:54:54+00:00,28.0,188,116,75,8.494,16.600000000000023,24
fit:db0c90a1392af9218036d07d2374b3e8d83a93418604182b7f81a9790373a55f,2025-06-18T08:54:55+00:00,29.0,182,118,75,8.459,16.600000000000023,24
fit:db0c90a1392af9218036d07d2374b3e8d83a93418604182b7f81a9790373a55f,2025-06-18T08:54:56+00:00,30.0,324,118,83,8.575,16.600000000000023,24
fit:db0c90a1392af9218036d07d2374b3e8d83a93418604182b7f81a9790373a55f,2025-06-18T08:54:57+00:00,31.0,292,119,84,8.583,16.799999999999955,24
fit:db0c90a1392af9218036d07d2374b3e8d83a93418604182b7f81a9790373a55f,2025-06-18T08:54:58+00:00,32.0,221,121,85,8.583,16.799999999999955,24
fit:db0c90a1392af9218036d07d2374b3e8d83a93418604182b7f81a9790373a55f,2025-06-18T08:54:59+00:00,33.0,156,121,84,8.489,16.799999999999955,24
fit:db0c90a1392af9218036d07d2374b3e8d83a93418604182b7f81a9790373a55f,2025-06-18T08:55:00+00:00,34.0,140,122,84,8.479,16.0,24
fit:db0c90a1392af9218036d07d2374b3e8d83a93418604182b7f81a9790373a55f,2025-06-18T08:55:01+00:00,35.0,205,122,82,8.497,16.399999999999977,24
fit:db0c90a1392af9218036d07d2374b3e8d83a93418604182b7f81a9790373a55f,2025-06-18T08:55:02+00:00,36.0,208,122,82,8.533,16.399999999999977,24
fit:db0c90a1392af9218036d07d2374b3e8d83a93418604182b7f81a9790373a55f,2025-06-18T08:55:03+00:00,37.0,294,123,82,8.376,16.399999999999977,24
fit:db0c90a1392af9218036d07d2374b3e8d83a93418604182b7f81a9790373a55f,2025-06-18T08:55:04+00:00,38.0,196,123,82,8.279,16.399999999999977,24
fit:db0c90a1392af9218036d07d2374b3e8d83a93418604182b7f81a9790373a55f,2025-06-18T08:55:05+00:00,39.0,189,124,82,8.23,16.600000000000023,24
fit:db0c90a1392af9218036d07d2374b3e8d83a93418604182b7f81a9790373a55f,2025-06-18T08:55:06+00:00,40.0,185,124,82,8.144,16.600000000000023,24
fit:db0c90a1392af9218036d07d2374b3e8d83a93418604182b7f81a9790373a55f,2025-06-18T08:55:07+00:00,41.0,227,125,82,8.093,16.600000000000023,24
fit:db0c90a1392af9218036d07d2374b3e8d83a93418604182b7f81a9790373a55f,2025-06-18T08:55:08+00:00,42.0,227,125,82,8.095,16.799999999999955,24
fit:db0c90a1392af9218036d07d2374b3e8d83a93418604182b7f81a9790373a55f,2025-06-18T08:55:09+00:00,43.0,219,126,83,8.09,15.799999999999955,24
fit:db0c90a1392af9218036d07d2374b3e8d83a93418604182b7f81a9790373a55f,2025-06-18T08:55:10+00:00,44.0,207,126,83,8.009,15.799999999999955,24
fit:db0c90a1392af9218036d07d2374b3e8d83a93418604182b7f81a9790373a55f,2025-06-18T08:55:11+00:00,45.0,170,126,83,7.94,15.799999999999955,24
fit:db0c90a1392af9218036d07d2374b3e8d83a93418604182b7f81a9790373a55f,2025-06-18T08:55:12+00:00,46.0,200,126,83,7.987,16.799999999999955,24
fit:db0c90a1392af9218036d07d2374b3e8d83a93418604182b7f81a9790373a55f,2025-06-18T08:55:13+00:00,47.0,229,127,83,8.137,17.200000000000045,24
fit:db0c90a1392af9218036d07d2374b3e8d83a93418604182b7f81a9790373a55f,2025-06-18T08:55:14+00:00,48.0,229,127,84,8.13,17.200000000000045,24
fit:db0c90a1392af9218036d07d2374b3e8d83a93418604182b7f81a9790373a55f,2025-06-18T08:55:15+00:00,49.0,182,127,84,8.137,17.200000000000045,24
fit:db0c90a1392af9218036d07d2374b3e8d83a93418604182b7f81a9790373a55f,2025-06-18T08:55:16+00:00,50.0,193,127,84,8.199,16.799999999999955,24
fit:db0c90a1392af9218036d07d2374b3e8d83a93418604182b7f81a9790373a55f,2025-06-18T08:55:17+00:00,51.0,193,127,84,8.172,17.200000000000045,24
fit:db0c90a1392af9218036d07d2374b3e8d83a93418604182b7f81a9790373a55f,2025-06-18T08:55:18+00:00,52.0,227,127,85,8.266,17.200000000000045,24
fit:db0c90a1392af9218036d07d2374b3e8d83a93418604182b7f81a9790373a55f,2025-06-18T08:55:19+00:00,53.0,227,127,85,8.287,17.200000000000045,24
fit:db0c90a1392af9218036d07d2374b3e8d83a93418604182b7f81a9790373a55f,2025-06-18T08:55:20+00:00,54.0,279,127,85,8.289,17.200000000000045,24
fit:db0c90a1392af9218036d07d2374b3e8d83a93418604182b7f81a9790373a55f,2025-06-18T08:55:21+00:00,55.0,228,127,86,8.182,18.399999999999977,24
fit:db0c90a1392af9218036d07d2374b3e8d83a93418604182b7f81a9790373a55f,2025-06-18T08:55:22+00:00,56.0,154,127,86,8.265,18.399999999999977,24
fit:db0c90a1392af9218036d07d2374b3e8d83a93418604182b7f81a9790373a55f,2025-06-18T08:55:23+00:00,57.0,158,126,86,8.328,18.399999999999977,24
fit:db0c90a1392af9218036d07d2374b3e8d83a93418604182b7f81a9790373a55f,2025-06-18T08:55:24+00:00,58.0,220,126,86,8.448,17.399999999999977,24
fit:db0c90a1392af9218036d07d2374b3e8d83a93418604182b7f81a9790373a55f,2025-06-18T08:55:25+00:00,59.0,321,126,87,8.563,18.0,24
fit:db0c90a1392af9218036d07d2374b3e8d83a93418604182b7f81a9790373a55f,2025-06-18T08:55:26+00:00,60.0,173,126,88,8.411,18.0,24
fit:db0c90a1392af9218036d07d2374b3e8d83a93418604182b7f81a9790373a55f,2025-06-18T08:55:27+00:00,61.0,129,126,88,8.453,18.0,24
fit:db0c90a1392af9218036d07d2374b3e8d83a93418604182b7f81a9790373a55f,2025-06-18T08:55:28+00:00,62.0,191,126,88,8.558,18.0,24
fit:db0c90a1392af9218036d07d2374b3e8d83a93418604182b7f81a9790373a55f,2025-06-18T08:55:29+00:00,63.0,223,126,88,8.639,18.0,24
fit:db0c90a1392af9218036d07d2374b3e8d83a93418604182b7f81a9790373a55f,2025-06-18T08:55:30+00:00,64.0,241,126,88,8.726,18.0,24
fit:db0c90a1392af9218036d07d2374b3e8d83a93418604182b7f81a9790373a55f,2025-06-18T08:55:31+00:00,65.0,215,126,89,8.636,18.0,24
fit:db0c90a1392af9218036d07d2374b3e8d83a93418604182b7f81a9790373a55f,2025-06-18T08:55:32+00:00,66.0,176,126,89,8.617,17.600000000000023,24
fit:db0c90a1392af9218036d07d2374b3e8d83a93418604182b7f81a9790373a55f,2025-06-18T08:55:33+00:00,67.0,177,126,89,8.651,17.399999999999977,24
fit:db0c90a1392af9218036d07d2374b3e8d83a93418604182b7f81a9790373a55f,2025-06-18T08:55:34+00:00,68.0,186,127,87,8.661,17.399999999999977,24
fit:db0c90a1392af9218036d07d2374b3e8d83a93418604182b7f81a9790373a55f,2025-06-18T08:55:35+00:00,69.0,186,127,87,8.606,17.399999999999977,25
fit:db0c90a1392af9218036d07d2374b3e8d83a93418604182b7f81a9790373a55f,2025-06-18T08:55:36+00:00,70.0,228,127,87,8.642,18.0,25
fit:db0c90a1392af9218036d07d2374b3e8d83a93418604182b7f81a9790373a55f,2025-06-18T08:55:37+00:00,71.0,204,128,86,8.519,18.799999999999955,25
fit:db0c90a1392af9218036d07d2374b3e8d83a93418604182b7f81a9790373a55f,2025-06-18T08:55:38+00:00,72.0,189,128,86,8.464,18.799999999999955,25
fit:db0c90a1392af9218036d07d2374b3e8d83a93418604182b7f81a9790373a55f,2025-06-18T08:55:39+00:00,73.0,216,128,86,8.463,18.799999999999955,25
fit:db0c90a1392af9218036d07d2374b3e8d83a93418604182b7f81a9790373a55f,2025-06-18T08:55:40+00:00,74.0,213,128,86,8.468,18.799999999999955,25
fit:db0c90a1392af9218036d07d2374b3e8d83a93418604182b7f81a9790373a55f,2025-06-18T08:55:41+00:00,75.0,188,129,86,8.475,17.799999999999955,25
fit:db0c90a1392af9218036d07d2374b3e8d83a93418604182b7f81a9790373a55f,2025-06-18T08:55:42+00:00,76.0,209,129,85,8.524,17.799999999999955,25
fit:db0c90a1392af9218036d07d2374b3e8d83a93418604182b7f81a9790373a55f,2025-06-18T08:55:43+00:00,77.0,224,129,85,8.541,17.799999999999955,25
fit:db0c90a1392af9218036d07d2374b3e8d83a93418604182b7f81a9790373a55f,2025-06-18T08:55:44+00:00,78.0,225,129,85,8.454,18.0,25
fit:db0c90a1392af9218036d07d2374b3e8d83a93418604182b7f81a9790373a55f,2025-06-18T08:55:45+00:00,79.0,224,129,84,8.406,18.0,25
fit:db0c90a1392af9218036d07d2374b3e8d83a93418604182b7f81a9790373a55f,2025-06-18T08:55:46+00:00,80.0,205,129,83,8.315,18.0,25
fit:db0c90a1392af9218036d07d2374b3e8d83a93418604182b7f81a9790373a55f,2025-06-18T08:55:47+00:00,81.0,214,129,84,8.201,18.0,25
fit:db0c90a1392af9218036d07d2374b3e8d83a93418604182b7f81a9790373a55f,2025-06-18T08:55:48+00:00,82.0,222,129,85,8.231,18.0,25
fit:db0c90a1392af9218036d07d2374b3e8d83a93418604182b7f81a9790373a55f,2025-06-18T08:55:49+00:00,83.0,235,130,85,8.328,17.799999999999955,25
fit:db0c90a1392af9218036d07d2374b3e8d83a93418604182b7f81a9790373a55f,2025-06-18T08:55:50+00:00,84.0,233,130,85,8.358,17.799999999999955,25
fit:db0c90a1392af9218036d07d2374b3e8d83a93418604182b7f81a9790373a55f,2025-06-18T08:55:51+00:00,85.0,229,131,85,8.456,17.799999999999955,25
fit:db0c90a1392af9218036d07d2374b3e8d83a93418604182b7f81a9790373a55f,2025-06-18T08:55:52+00:00,86.0,246,131,86,8.567,18.399999999999977,25
fit:db0c90a1392af9218036d07d2374b3e8d83a93418604182b7f81a9790373a55f,2025-06-18T08:55:53+00:00,87.0,276,131,87,8.595,18.600000000000023,25
fit:db0c90a1392af9218036d07d2374b3e8d83a93418604182b7f81a9790373a55f,2025-06-18T08:55:54+00:00,88.0,188,131,87,8.661,18.600000000000023,25
fit:db0c90a1392af9218036d07d2374b3e8d83a93418604182b7f81a9790373a55f,2025-06-18T08:55:55+00:00,89.0,173,131,87,8.753,18.600000000000023,25
fit:db0c90a1392af9218036d07d2374b3e8d83a93418604182b7f81a9790373a55f,2025-06-18T08:55:56+00:00,90.0,174,131,86,8.668,18.600000000000023,25
fit:db0c90a1392af9218036d07d2374b3e8d83a93418604182b7f81a9790373a55f,2025-06-18T08:55:57+00:00,91.0,211,130,86,8.509,17.600000000000023,25
fit:db0c90a1392af9218036d07d2374b3e8d83a93418604182b7f81a9790373a55f,2025-06-18T08:55:58+00:00,92.0,206,130,86,8.43,17.600000000000023,25
fit:db0c90a1392af9218036d07d2374b3e8d83a93418604182b7f81a9790373a55f,2025-06-18T08:55:59+00:00,93.0,230,130,86,8.366,17.600000000000023,25
fit:db0c90a1392af9218036d07d2374b3e8d83a93418604182b7f81a9790373a55f,2025-06-18T08:56:00+00:00,94.0,221,130,86,8.191,18.0,25
fit:db0c90a1392af9218036d07d2374b3e8d83a93418604182b7f81a9790373a55f,2025-06-18T08:56:01+00:00,95.0,194,129,86,8.376,17.799999999999955,25
fit:db0c90a1392af9218036d07d2374b3e8d83a93418604182b7f81a9790373a55f,2025-06-18T08:56:02+00:00,96.0,210,128,86,8.414,17.799999999999955,25
fit:db0c90a1392af9218036d07d2374b3e8d83a93418604182b7f81a9790373a55f,2025-06-18T08:56:03+00:00,97.0,191,127,86,8.47,17.799999999999955,25
fit:db0c90a1392af9218036d07d2374b3e8d83a93418604182b7f81a9790373a55f,2025-06-18T08:56:04+00:00,98.0,169,127,86,8.437,18.799999999999955,25
fit:db0c90a1392af9218036d07d2374b3e8d83a93418604182b7f81a9790373a55f,2025-06-18T08:56:05+00:00,99.0,170,127,86,8.359,18.0,25
fit:db0c90a1392af9218036d07d2374b3e8d83a93418604182b7f81a9790373a55f,2025-06-18T08:56:06+00:00,100.0,180,127,86,8.296,18.0,25
fit:db0c90a1392af9218036d07d2374b3e8d83a93418604182b7f81a9790373a55f,2025-06-18T08:56:07+00:00,101.0,211,127,86,8.353,18.0,25
fit:db0c90a1392af9218036d07d2374b3e8d83a93418604182b7f81a9790373a55f,2025-06-18T08:56:08+00:00,102.0,211,127,86,8.37,18.600000000000023,25
fit:db0c90a1392af9218036d07d2374b3e8d83a93418604182b7f81a9790373a55f,2025-06-18T08:56:09+00:00,103.0,197,127,87,8.482,18.200000000000045,25
fit:db0c90a1392af9218036d07d2374b3e8d83a93418604182b7f81a9790373a55f,2025-06-18T08:56:10+00:00,104.0,202,127,87,8.458,18.200000000000045,25
fit:db0c90a1392af9218036d07d2374b3e8d83a93418604182b7f81a9790373a55f,2025-06-18T08:56:11+00:00,105.0,177,127,87,8.43,18.200000000000045,25
fit:db0c90a1392af9218036d07d2374b3e8d83a93418604182b7f81a9790373a55f,2025-06-18T08:56:12+00:00,106.0,195,127,87,8.399,18.200000000000045,25
fit:db0c90a1392af9218036d07d2374b3e8d83a93418604182b7f81a9790373a55f,2025-06-18T08:56:13+00:00,107.0,221,127,87,8.436,17.799999999999955,25
fit:db0c90a1392af9218036d07d2374b3e8d83a93418604182b7f81a9790373a55f,2025-06-18T08:56:14+00:00,108.0,220,127,87,8.345,17.799999999999955,25
fit:db0c90a1392af9218036d07d2374b3e8d83a93418604182b7f81a9790373a55f,2025-06-18T08:56:15+00:00,109.0,213,127,87,8.334,17.799999999999955,25
fit:db0c90a1392af9218036d07d2374b3e8d83a93418604182b7f81a9790373a55f,2025-06-18T08:56:16+00:00,110.0,174,127,89,8.262,18.0,25
fit:db0c90a1392af9218036d07d2374b3e8d83a93418604182b7f81a9790373a55f,2025-06-18T08:56:17+00:00,111.0,317,127,98,8.294,18.600000000000023,26
fit:db0c90a1392af9218036d07d2374b3e8d83a93418604182b7f81a9790373a55f,2025-06-18T08:56:18+00:00,112.0,208,127,99,8.424,18.600000000000023,26
fit:db0c90a1392af9218036d07d2374b3e8d83a93418604182b7f81a9790373a55f,2025-06-18T08:56:19+00:00,113.0,158,127,98,8.605,18.600000000000023,26
fit:db0c90a1392af9218036d07d2374b3e8d83a93418604182b7f81a9790373a55f,2025-06-18T08:56:20+00:00,114.0,159,127,98,8.68,18.600000000000023,26
fit:db0c90a1392af9218036d07d2374b3e8d83a93418604182b7f81a9790373a55f,2025-06-18T08:56:21+00:00,115.0,165,127,97,8.626,17.799999999999955,26
fit:db0c90a1392af9218036d07d2374b3e8d83a93418604182b7f81a9790373a55f,2025-06-18T08:56:22+00:00,116.0,145,127,96,8.538,17.799999999999955,26
fit:db0c90a1392af9218036d07d2374b3e8d83a93418604182b7f81a9790373a55f,2025-06-18T08:56:23+00:00,117.0,246,127,96,8.559,17.799999999999955,26
fit:db0c90a1392af9218036d07d2374b3e8d83a93418604182b7f81a9790373a55f,2025-06-18T08:56:24+00:00,118.0,165,127,96,8.505,17.799999999999955,26
fit:db0c90a1392af9218036d07d2374b3e8d83a93418604182b7f81a9790373a55f,2025-06-18T08:56:25+00:00,119.0,165,128,96,8.483,17.600000000000023,26
fit:db0c90a1392af9218036d07d2374b3e8d83a93418604182b7f81a9790373a55f,2025-06-18T08:56:26+00:00,120.0,185,129,96,8.395,17.600000000000023,26
fit:db0c90a1392af9218036d07d2374b3e8d83a93418604182b7f81a9790373a55f,2025-06-18T08:56:27+00:00,121.0,191,129,96,8.497,17.600000000000023,26
fit:db0c90a1392af9218036d07d2374b3e8d83a93418604182b7f81a9790373a55f,2025-06-18T08:56:28+00:00,122.0,191,130,97,8.416,17.799999999999955,26
fit:db0c90a1392af9218036d07d2374b3e8d83a93418604182b7f81a9790373a55f,2025-06-18T08:56:29+00:00,123.0,191,130,97,8.416,17.0,26
fit:db0c90a1392af9218036d07d2374b3e8d83a93418604182b7f81a9790373a55f,2025-06-18T08:56:30+00:00,124.0,214,130,97,8.477,17.0,26
fit:db0c90a1392af9218036d07d2374b3e8d83a93418604182b7f81a9790373a55f,2025-06-18T08:56:31+00:00,125.0,210,131,97,8.534,17.0,26
fit:db0c90a1392af9218036d07d2374b3e8d83a93418604182b7f81a9790373a55f,2025-06-18T08:56:32+00:00,126.0,209,131,97,8.539,18.0,26
fit:db0c90a1392af9218036d07d2374b3e8d83a93418604182b7f81a9790373a55f,2025-06-18T08:56:33+00:00,127.0,237,131,98,8.57,18.200000000000045,26
fit:db0c90a1392af9218036d07d2374b3e8d83a93418604182b7f81a9790373a55f,2025-06-18T08:56:34+00:00,128.0,237,131,98,8.608,18.200000000000045,26
fit:db0c90a1392af9218036d07d2374b3e8d83a93418604182b7f81a9790373a55f,2025-06-18T08:56:35+00:00,129.0,227,131,98,8.656,18.200000000000045,26
fit:db0c90a1392af9218036d07d2374b3e8d83a93418604182b7f81a9790373a55f,2025-06-18T08:56:36+00:00,130.0,213,132,97,8.65,18.200000000000045,26
fit:db0c90a1392af9218036d07d2374b3e8d83a93418604182b7f81a9790373a55f,2025-06-18T08:56:37+00:00,131.0,220,132,96,8.452,19.0,26
fit:db0c90a1392af9218036d07d2374b3e8d83a93418604182b7f81a9790373a55f,2025-06-18T08:56:38+00:00,132.0,257,132,96,8.504,19.0,26
fit:db0c90a1392af9218036d07d2374b3e8d83a93418604182b7f81a9790373a55f,2025-06-18T08:56:39+00:00,133.0,257,133,96,8.561,19.0,26
fit:db0c90a1392af9218036d07d2374b3e8d83a93418604182b7f81a9790373a55f,2025-06-18T08:56:40+00:00,134.0,266,133,96,8.552,19.0,26
fit:db0c90a1392af9218036d07d2374b3e8d83a93418604182b7f81a9790373a55f,2025-06-18T08:56:41+00:00,135.0,210,133,97,8.646,18.799999999999955,26
fit:db0c90a1392af9218036d07d2374b3e8d83a93418604182b7f81a9790373a55f,2025-06-18T08:56:42+00:00,136.0,163,134,99,8.688,18.799999999999955,26
fit:db0c90a1392af9218036d07d2374b3e8d83a93418604182b7f81a9790373a55f,2025-06-18T08:56:43+00:00,137.0,160,134,102,8.838,18.799999999999955,26
fit:db0c90a1392af9218036d07d2374b3e8d83a93418604182b7f81a9790373a55f,2025-06-18T08:56:44+00:00,138.0,139,134,102,8.927,18.200000000000045,26
fit:db0c90a1392af9218036d07d2374b3e8d83a93418604182b7f81a9790373a55f,2025-06-18T08:56:45+00:00,139.0,142,134,103,9.055,18.0,26
fit:db0c90a1392af9218036d07d2374b3e8d83a93418604182b7f81a9790373a55f,2025-06-18T08:56:46+00:00,140.0,120,134,103,9.087,18.0,26
fit:db0c90a1392af9218036d07d2374b3e8d83a93418604182b7f81a9790373a55f,2025-06-18T08:56:47+00:00,141.0,132,134,104,9.236,18.0,26
fit:db0c90a1392af9218036d07d2374b3e8d83a93418604182b7f81a9790373a55f,2025-06-18T08:56:48+00:00,142.0,142,134,104,9.124,17.200000000000045,26
fit:db0c90a1392af9218036d07d2374b3e8d83a93418604182b7f81a9790373a55f,2025-06-18T08:56:49+00:00,143.0,148,134,104,9.137,17.200000000000045,26
fit:db0c90a1392af9218036d07d2374b3e8d83a93418604182b7f81a9790373a55f,2025-06-18T08:56:50+00:00,144.0,144,134,104,9.16,17.200000000000045,26
fit:db0c90a1392af9218036d07d2374b3e8d83a93418604182b7f81a9790373a55f,2025-06-18T08:56:51+00:00,145.0,158,134,104,8.986,17.200000000000045,26
fit:db0c90a1392af9218036d07d2374b3e8d83a93418604182b7f81a9790373a55f,2025-06-18T08:56:52+00:00,146.0,133,134,103,9.105,18.200000000000045,26
fit:db0c90a1392af9218036d07d2374b3e8d83a93418604182b7f81a9790373a55f,2025-06-18T08:56:53+00:00,147.0,156,134,103,9.043,17.399999999999977,26
fit:db0c90a1392af9218036d07d2374b3e8d83a93418604182b7f81a9790373a55f,2025-06-18T08:56:54+00:00,148.0,148,134,103,9.11,17.399999999999977,26
fit:db0c90a1392af9218036d07d2374b3e8d83a93418604182b7f81a9790373a55f,2025-06-18T08:56:55+00:00,149.0,150,133,103,9.171,17.399999999999977,26
fit:db0c90a1392af9218036d07d2374b3e8d83a93418604182b7f81a9790373a55f,2025-06-18T08:56:56+00:00,150.0,150,132,102,9.169,17.600000000000023,26
fit:db0c90a1392af9218036d07d2374b3e8d83a93418604182b7f81a9790373a55f,2025-06-18T08:56:57+00:00,151.0,163,131,101,8.998,17.600000000000023,26
fit:db0c90a1392af9218036d07d2374b3e8d83a93418604182b7f81a9790373a55f,2025-06-18T08:56:58+00:00,152.0,235,131,100,8.892,17.600000000000023,26
fit:db0c90a1392af9218036d07d2374b3e8d83a93418604182b7f81a9790373a55f,2025-06-18T08:56:59+00:00,153.0,235,130,100,8.932,17.600000000000023,26
fit:db0c90a1392af9218036d07d2374b3e8d83a93418604182b7f81a9790373a55f,2025-06-18T08:57:00+00:00,154.0,185,130,99,8.811,17.600000000000023,26
fit:db0c90a1392af9218036d07d2374b3e8d83a93418604182b7f81a9790373a55f,2025-06-18T08:57:01+00:00,155.0,199,129,99,8.778,18.0,26
fit:db0c90a1392af9218036d07d2374b3e8d83a93418604182b7f81a9790373a55f,2025-06-18T08:57:02+00:00,156.0,244,129,99,8.89,18.0,26
fit:db0c90a1392af9218036d07d2374b3e8d83a93418604182b7f81a9790373a55f,2025-06-18T08:57:03+00:00,157.0,208,129,99,8.733,18.0,26
fit:db0c90a1392af9218036d07d2374b3e8d83a93418604182b7f81a9790373a55f,2025-06-18T08:57:04+00:00,158.0,200,129,98,8.625,17.399999999999977,26
fit:db0c90a1392af9218036d07d2374b3e8d83a93418604182b7f81a9790373a55f,2025-06-18T08:57:05+00:00,159.0,200,129,98,8.685,18.0,26
fit:db0c90a1392af9218036d07d2374b3e8d83a93418604182b7f81a9790373a55f,2025-06-18T08:57:06+00:00,160.0,207,129,98,8.865,18.0,26
fit:db0c90a1392af9218036d07d2374b3e8d83a93418604182b7f81a9790373a55f,2025-06-18T08:57:07+00:00,161.0,198,129,98,8.851,18.0,26
fit:db0c90a1392af9218036d07d2374b3e8d83a93418604182b7f81a9790373a55f,2025-06-18T08:57:08+00:00,162.0,236,129,99,8.82,17.799999999999955,26
fit:db0c90a1392af9218036d07d2374b3e8d83a93418604182b7f81a9790373a55f,2025-06-18T08:57:09+00:00,163.0,222,129,100,8.954,17.799999999999955,26
fit:db0c90a1392af9218036d07d2374b3e8d83a93418604182b7f81a9790373a55f,2025-06-18T08:57:10+00:00,164.0,190,129,101,8.92,17.799999999999955,26
fit:db0c90a1392af9218036d07d2374b3e8d83a93418604182b7f81a9790373a55f,2025-06-18T08:57:11+00:00,165.0,144,129,101,8.981,17.799999999999955,26
fit:db0c90a1392af9218036d07d2374b3e8d83a93418604182b7f81a9790373a55f,2025-06-18T08:57:12+00:00,166.0,159,129,101,9.104,17.799999999999955,26
fit:db0c90a1392af9218036d07d2374b3e8d83a93418604182b7f81a9790373a55f,2025-06-18T08:57:13+00:00,167.0,159,128,101,9.013,18.200000000000045,26
fit:db0c90a1392af9218036d07d2374b3e8d83a93418604182b7f81a9790373a55f,2025-06-18T08:57:14+00:00,168.0,181,129,101,9.138,18.200000000000045,26
fit:db0c90a1392af9218036d07d2374b3e8d83a93418604182b7f81a9790373a55f,2025-06-18T08:57:15+00:00,169.0,203,129,101,9.039,18.200000000000045,26
fit:db0c90a1392af9218036d07d2374b3e8d83a93418604182b7f81a9790373a55f,2025-06-18T08:57:16+00:00,170.0,244,129,101,9.066,17.600000000000023,26
fit:db0c90a1392af9218036d07d2374b3e8d83a93418604182b7f81a9790373a55f,2025-06-18T08:57:17+00:00,171.0,232,129,100,9.052,18.0,26
fit:db0c90a1392af9218036d07d2374b3e8d83a93418604182b7f81a9790373a55f,2025-06-18T08:57:18+00:00,172.0,187,129,100,8.876,18.0,26
fit:db0c90a1392af9218036d07d2374b3e8d83a93418604182b7f81a9790373a55f,2025-06-18T08:57:19+00:00,173.0,140,129,100,8.955,18.0,26
fit:db0c90a1392af9218036d07d2374b3e8d83a93418604182b7f81a9790373a55f,2025-06-18T08:57:20+00:00,174.0,238,129,100,8.856,18.0,27
fit:db0c90a1392af9218036d07d2374b3e8d83a93418604182b7f81a9790373a55f,2025-06-18T08:57:21+00:00,175.0,130,128,99,8.908,18.200000000000045,27
fit:db0c90a1392af9218036d07d2374b3e8d83a93418604182b7f81a9790373a55f,2025-06-18T08:57:22+00:00,176.0,194,128,98,8.875,18.200000000000045,27
fit:db0c90a1392af9218036d07d2374b3e8d83a93418604182b7f81a9790373a55f,2025-06-18T08:57:23+00:00,177.0,247,128,98,8.896,18.200000000000045,27
fit:db0c90a1392af9218036d07d2374b3e8d83a93418604182b7f81a9790373a55f,2025-06-18T08:57:24+00:00,178.0,309,127,98,8.92,18.200000000000045,27
fit:db0c90a1392af9218036d07d2374b3e8d83a93418604182b7f81a9790373a55f,2025-06-18T08:57:25+00:00,179.0,237,127,98,8.765,18.200000000000045,27
fit:db0c90a1392af9218036d07d2374b3e8d83a93418604182b7f81a9790373a55f,2025-06-18T08:57:26+00:00,180.0,156,127,98,8.913,18.200000000000045,27
fit:db0c90a1392af9218036d07d2374b3e8d83a93418604182b7f81a9790373a55f,2025-06-18T08:57:27+00:00,181.0,98,127,96,8.759,18.200000000000045,27
fit:db0c90a1392af9218036d07d2374b3e8d83a93418604182b7f81a9790373a55f,2025-06-18T08:57:28+00:00,182.0,90,127,93,8.651,18.0,27
fit:db0c90a1392af9218036d07d2374b3e8d83a93418604182b7f81a9790373a55f,2025-06-18T08:57:29+00:00,183.0,100,127,91,8.531,18.200000000000045,27
fit:db0c90a1392af9218036d07d2374b3e8d83a93418604182b7f81a9790373a55f,2025-06-18T08:57:30+00:00,184.0,129,127,91,8.423,18.200000000000045,27
fit:db0c90a1392af9218036d07d2374b3e8d83a93418604182b7f81a9790373a55f,2025-06-18T08:57:31+00:00,185.0,148,127,89,8.189,18.200000000000045,27
fit:db0c90a1392af9218036d07d2374b3e8d83a93418604182b7f81a9790373a55f,2025-06-18T08:57:32+00:00,186.0,178,127,90,8.17,18.200000000000045,27
fit:db0c90a1392af9218036d07d2374b3e8d83a93418604182b7f81a9790373a55f,2025-06-18T08:57:33+00:00,187.0,128,126,89,7.918,17.399999999999977,27
fit:db0c90a1392af9218036d07d2374b3e8d83a93418604182b7f81a9790373a55f,2025-06-18T08:57:34+00:00,188.0,115,126,88,7.762,17.399999999999977,27
fit:db0c90a1392af9218036d07d2374b3e8d83a93418604182b7f81a9790373a55f,2025-06-18T08:57:35+00:00,189.0,143,125,86,7.757,17.399999999999977,27
fit:db0c90a1392af9218036d07d2374b3e8d83a93418604182b7f81a9790373a55f,2025-06-18T08:57:36+00:00,190.0,143,125,86,7.695,18.0,27
fit:db0c90a1392af9218036d07d2374b3e8d83a93418604182b7f81a9790373a55f,2025-06-18T08:57:37+00:00,191.0,160,125,86,7.695,18.0,27
fit:db0c90a1392af9218036d07d2374b3e8d83a93418604182b7f81a9790373a55f,2025-06-18T08:57:38+00:00,192.0,106,124,85,7.395,18.799999999999955,27
fit:db0c90a1392af9218036d07d2374b3e8d83a93418604182b7f81a9790373a55f,2025-06-18T08:57:39+00:00,193.0,91,123,85,7.47,18.799999999999955,27
fit:db0c90a1392af9218036d07d2374b3e8d83a93418604182b7f81a9790373a55f,2025-06-18T08:57:40+00:00,194.0,67,123,85,7.553,18.799999999999955,27
fit:db0c90a1392af9218036d07d2374b3e8d83a93418604182b7f81a9790373a55f,2025-06-18T08:57:41+00:00,195.0,67,122,84,7.621,18.200000000000045,27
fit:db0c90a1392af9218036d07d2374b3e8d83a93418604182b7f81a9790373a55f,2025-06-18T08:57:42+00:00,196.0,67,121,84,7.632,18.799999999999955,27
fit:db0c90a1392af9218036d07d2374b3e8d83a93418604182b7f81a9790373a55f,2025-06-18T08:57:43+00:00,197.0,67,120,84,7.499,18.799999999999955,27
fit:db0c90a1392af9218036d07d2374b3e8d83a93418604182b7f81a9790373a55f,2025-06-18T08:57:44+00:00,198.0,65,119,84,7.236,18.799999999999955,27
fit:db0c90a1392af9218036d07d2374b3e8d83a93418604182b7f81a9790373a55f,2025-06-18T08:57:45+00:00,199.0,59,118,83,6.663,18.399999999999977,27
fit:db0c90a1392af9218036d07d2374b3e8d83a93418604182b7f81a9790373a55f,2025-06-18T08:57:46+00:00,200.0,0,117,79,5.947,18.399999999999977,27
fit:db0c90a1392af9218036d07d2374b3e8d83a93418604182b7f81a9790373a55f,2025-06-18T08:57:47+00:00,201.0,0,117,0,4.905,18.399999999999977,27
fit:db0c90a1392af9218036d07d2374b3e8d83a93418604182b7f81a9790373a55f,2025-06-18T08:57:48+00:00,202.0,0,116,0,4.256,18.399999999999977,27
fit:db0c90a1392af9218036d07d2374b3e8d83a93418604182b7f81a9790373a55f,2025-06-18T08:57:49+00:00,203.0,0,116,0,3.527,18.399999999999977,27
fit:db0c90a1392af9218036d07d2374b3e8d83a93418604182b7f81a9790373a55f,2025-06-18T08:57:50+00:00,204.0,0,114,0,2.957,19.0,27
fit:db0c90a1392af9218036d07d2374b3e8d83a93418604182b7f81a9790373a55f,2025-06-18T08:57:51+00:00,205.0,0,113,0,2.251,19.0,27
fit:db0c90a1392af9218036d07d2374b3e8d83a93418604182b7f81a9790373a55f,2025-06-18T08:57:52+00:00,206.0,0,113,0,1.571,19.0,27
fit:db0c90a1392af9218036d07d2374b3e8d83a93418604182b7f81a9790373a55f,2025-06-18T08:57:53+00:00,207.0,0,112,0,1.173,18.600000000000023,27
fit:db0c90a1392af9218036d07d2374b3e8d83a93418604182b7f81a9790373a55f,2025-06-18T08:57:54+00:00,208.0,0,112,0,0.0,18.799999999999955,27
fit:db0c90a1392af9218036d07d2374b3e8d83a93418604182b7f81a9790373a55f,2025-06-18T08:57:55+00:00,209.0,0,111,0,0.0,18.799999999999955,27
fit:db0c90a1392af9218036d07d2374b3e8d83a93418604182b7f81a9790373a55f,2025-06-18T08:57:56+00:00,210.0,0,110,0,0.0,18.799999999999955,27
fit:db0c90a1392af9218036d07d2374b3e8d83a93418604182b7f81a9790373a55f,2025-06-18T08:57:57+00:00,211.0,0,109,0,0.0,18.799999999999955,27
fit:db0c90a1392af9218036d07d2374b3e8d83a93418604182b7f81a9790373a55f,2025-06-18T08:57:58+00:00,212.0,0,109,0,0.0,19.0,27
fit:db0c90a1392af9218036d07d2374b3e8d83a93418604182b7f81a9790373a55f,2025-06-18T08:57:59+00:00,213.0,0,108,0,0.0,19.0,27
fit:db0c90a1392af9218036d07d2374b3e8d83a93418604182b7f81a9790373a55f,2025-06-18T08:58:00+00:00,214.0,0,107,0,0.0,19.0,27
fit:db0c90a1392af9218036d07d2374b3e8d83a93418604182b7f81a9790373a55f,2025-06-18T08:58:01+00:00,215.0,0,106,0,0.0,19.0,27
fit:db0c90a1392af9218036d07d2374b3e8d83a93418604182b7f81a9790373a55f,2025-06-18T08:58:02+00:00,216.0,0,106,0,0.0,19.0,27
fit:db0c90a1392af9218036d07d2374b3e8d83a93418604182b7f81a9790373a55f,2025-06-18T08:58:03+00:00,217.0,0,105,0,0.0,19.0,27
fit:db0c90a1392af9218036d07d2374b3e8d83a93418604182b7f81a9790373a55f,2025-06-18T08:58:04+00:00,218.0,0,105,0,0.0,19.0,27
fit:db0c90a1392af9218036d07d2374b3e8d83a93418604182b7f81a9790373a55f,2025-06-18T08:58:05+00:00,219.0,0,105,0,0.0,19.0,27
