activity_id,timestamp,elapsed_seconds,power_w,heart_rate_bpm,cadence_rpm,speed_m_s,altitude_m,temperature_c,segment_id,segment_number,source_elapsed_seconds,source_row_index,source_file,activity_split,segment_selected_from_activity,power_missing,hr_missing
fit:e400a56f83dbd7357afa5495e4d4b95c79f121f8327818feec51bd82f4ac400c,2026-06-21T13:59:16+00:00,0,0,137,0,3.141,100.79999999999995,38,fit:e400a56f83dbd7357afa5495e4d4b95c79f121f8327818feec51bd82f4ac400c:segment:002,2,3289.0,3266,activities/093_260621150426.csv,1,1,0,0
fit:e400a56f83dbd7357afa5495e4d4b95c79f121f8327818feec51bd82f4ac400c,2026-06-21T13:59:17+00:00,1,64,137,0,3.51,99.79999999999995,38,fit:e400a56f83dbd7357afa5495e4d4b95c79f121f8327818feec51bd82f4ac400c:segment:002,2,3290.0,3267,activities/093_260621150426.csv,1,1,0,0
fit:e400a56f83dbd7357afa5495e4d4b95c79f121f8327818feec51bd82f4ac400c,2026-06-21T13:59:18+00:00,2,100,137,25,3.758,100.0,38,fit:e400a56f83dbd7357afa5495e4d4b95c79f121f8327818feec51bd82f4ac400c:segment:002,2,3291.0,3268,activities/093_260621150426.csv,1,1,0,0
fit:e400a56f83dbd7357afa5495e4d4b95c79f121f8327818feec51bd82f4ac400c,2026-06-21T13:59:19+00:00,3,373,137,47,4.382,100.0,38,fit:e400a56f83dbd7357afa5495e4d4b95c79f121f8327818feec51bd82f4ac400c:segment:002,2,3292.0,3269,activities/093_260621150426.csv,1,1,0,0
fit:e400a56f83dbd7357afa5495e4d4b95c79f121f8327818feec51bd82f4ac400c,2026-06-21T13:59:20+00:00,4,403,137,65,5.153,100.0,38,fit:e400a56f83dbd7357afa5495e4d4b95c79f121f8327818feec51bd82f4ac400c:segment:002,2,3293.0,3270,activities/093_260621150426.csv,1,1,0,0
fit:e400a56f83dbd7357afa5495e4d4b95c79f121f8327818feec51bd82f4ac400c,2026-06-21T13:59:21+00:00,5,338,137,70,6.04,99.20000000000005,38,fit:e400a56f83dbd7357afa5495e4d4b95c79f121f8327818feec51bd82f4ac400c:segment:002,2,3294.0,3271,activities/093_260621150426.csv,1,1,0,0
fit:e400a56f83dbd7357afa5495e4d4b95c79f121f8327818feec51bd82f4ac400c,2026-06-21T13:59:22+00:00,6,342,139,70,6.986,100.20000000000005,38,fit:e400a56f83dbd7357afa5495e4d4b95c79f121f8327818feec51bd82f4ac400c:segment:002,2,3295.0,3272,activities/093_260621150426.csv,1,1,0,0
fit:e400a56f83dbd7357afa5495e4d4b95c79f121f8327818feec51bd82f4ac400c,2026-06-21T13:59:23+00:00,7,337,140,75,7.53,100.20000000000005,38,fit:e400a56f83dbd7357afa5495e4d4b95c79f121f8327818feec51bd82f4ac400c:segment:002,2,3296.0,3273,activities/093_260621150426.csv,1,1,0,0
fit:e400a56f83dbd7357afa5495e4d4b95c79f121f8327818feec51bd82f4ac400c,2026-06-21T13:59:24+00:00,8,296,142,76,7.919,100.20000000000005,38,fit:e400a56f83dbd7357afa5495e4d4b95c79f121f8327818feec51bd82f4ac400c:segment:002,2,3297.0,3274,activities/093_260621150426.csv,1,1,0,0
fit:e400a56f83dbd7357afa5495e4d4b95c79f121f8327818feec51bd82f4ac400c,2026-06-21T13:59:25+00:00,9,204,143,50,8.232,99.20000000000005,38,fit:e400a56f83dbd7357afa5495e4d4b95c79f121f8327818feec51bd82f4ac400c:segment:002,2,3298.0,3275,activities/093_260621150426.csv,1,1,0,0
fit:e400a56f83dbd7357afa5495e4d4b95c79f121f8327818feec51bd82f4ac400c,2026-06-21T13:59:26+00:00,10,211,146,76,8.375,98.60000000000002,38,fit:e400a56f83dbd7357afa5495e4d4b95c79f121f8327818feec51bd82f4ac400c:segment:002,2,3299.0,3276,activities/093_260621150426.csv,1,1,0,0
fit:e400a56f83dbd7357afa5495e4d4b95c79f121f8327818feec51bd82f4ac400c,2026-06-21T13:59:27+00:00,11,253,146,76,8.319,98.60000000000002,38,fit:e400a56f83dbd7357afa5495e4d4b95c79f121f8327818feec51bd82f4ac400c:segment:002,2,3300.0,3277,activities/093_260621150426.csv,1,1,0,0
fit:e400a56f83dbd7357afa5495e4d4b95c79f121f8327818feec51bd82f4ac400c,2026-06-21T13:59:28+00:00,12,310,147,78,8.289,98.60000000000002,38,fit:e400a56f83dbd7357afa5495e4d4b95c79f121f8327818feec51bd82f4ac400c:segment:002,2,3301.0,3278,activities/093_260621150426.csv,1,1,0,0
fit:e400a56f83dbd7357afa5495e4d4b95c79f121f8327818feec51bd82f4ac400c,2026-06-21T13:59:29+00:00,13,311,148,79,8.423,98.60000000000002,38,fit:e400a56f83dbd7357afa5495e4d4b95c79f121f8327818feec51bd82f4ac400c:segment:002,2,3302.0,3279,activities/093_260621150426.csv,1,1,0,0
fit:e400a56f83dbd7357afa5495e4d4b95c79f121f8327818feec51bd82f4ac400c,2026-06-21T13:59:30+00:00,14,351,148,80,8.646,98.20000000000005,38,fit:e400a56f83dbd7357afa5495e4d4b95c79f121f8327818feec51bd82f4ac400c:segment:002,2,3303.0,3280,activities/093_260621150426.csv,1,1,0,0
fit:e400a56f83dbd7357afa5495e4d4b95c79f121f8327818feec51bd82f4ac400c,2026-06-21T13:59:31+00:00,15,357,148,80,8.761,98.20000000000005,38,fit:e400a56f83dbd7357afa5495e4d4b95c79f121f8327818feec51bd82f4ac400c:segment:002,2,3304.0,3281,activities/093_260621150426.csv,1,1,0,0
fit:e400a56f83dbd7357afa5495e4d4b95c79f121f8327818feec51bd82f4ac400c,2026-06-21T13:59:32+00:00,16,313,148,79,8.771,98.20000000000005,38,fit:e400a56f83dbd7357afa5495e4d4b95c79f121f8327818feec51bd82f4ac400c:segment:002,2,3305.0,3282,activities/093_260621150426.csv,1,1,0,0
fit:e400a56f83dbd7357afa5495e4d4b95c79f121f8327818feec51bd82f4ac400c,2026-06-21T13:59:33+00:00,17,313,148,78,8.67,99.20000000000005,38,fit:e400a56f83dbd7357afa5495e4d4b95c79f121f8327818feec51bd82f4ac400c:segment:002,2,3306.0,3283,activities/093_260621150426.csv,1,1,0,0
fit:e400a56f83dbd7357afa5495e4d4b95c79f121f8327818feec51bd82f4ac400c,2026-06-21T13:59:34+00:00,18,358,147,78,8.675,99.20000000000005,38,fit:e400a56f83dbd7357afa5495e4d4b95c79f121f8327818feec51bd82f4ac400c:segment:002,2,3307.0,3284,activities/093_260621150426.csv,1,1,0,0
fit:e400a56f83dbd7357afa5495e4d4b95c79f121f8327818feec51bd82f4ac400c,2026-06-21T13:59:35+00:00,19,344,147,78,8.656,99.20000000000005,38,fit:e400a56f83dbd7357afa5495e4d4b95c79f121f8327818feec51bd82f4ac400c:segment:002,2,3308.0,3285,activities/093_260621150426.csv,1,1,0,0
fit:e400a56f83dbd7357afa5495e4d4b95c79f121f8327818feec51bd82f4ac400c,2026-06-21T13:59:36+00:00,20,337,147,78,8.514,99.20000000000005,38,fit:e400a56f83dbd7357afa5495e4d4b95c79f121f8327818feec51bd82f4ac400c:segment:002,2,3309.0,3286,activities/093_260621150426.csv,1,1,0,0
fit:e400a56f83dbd7357afa5495e4d4b95c79f121f8327818feec51bd82f4ac400c,2026-06-21T13:59:37+00:00,21,332,148,78,8.579,100.0,38,fit:e400a56f83dbd7357afa5495e4d4b95c79f121f8327818feec51bd82f4ac400c:segment:002,2,3310.0,3287,activities/093_260621150426.csv,1,1,0,0
fit:e400a56f83dbd7357afa5495e4d4b95c79f121f8327818feec51bd82f4ac400c,2026-06-21T13:59:38+00:00,22,333,149,79,8.647,101.79999999999995,38,fit:e400a56f83dbd7357afa5495e4d4b95c79f121f8327818feec51bd82f4ac400c:segment:002,2,3311.0,3288,activities/093_260621150426.csv,1,1,0,0
fit:e400a56f83dbd7357afa5495e4d4b95c79f121f8327818feec51bd82f4ac400c,2026-06-21T13:59:39+00:00,23,315,149,81,8.575,101.79999999999995,38,fit:e400a56f83dbd7357afa5495e4d4b95c79f121f8327818feec51bd82f4ac400c:segment:002,2,3312.0,3289,activities/093_260621150426.csv,1,1,0,0
fit:e400a56f83dbd7357afa5495e4d4b95c79f121f8327818feec51bd82f4ac400c,2026-06-21T13:59:40+00:00,24,317,148,82,8.713,101.79999999999995,38,fit:e400a56f83dbd7357afa5495e4d4b95c79f121f8327818feec51bd82f4ac400c:segment:002,2,3313.0,3290,activities/093_260621150426.csv,1,1,0,0
fit:e400a56f83dbd7357afa5495e4d4b95c79f121f8327818feec51bd82f4ac400c,2026-06-21T13:59:41+00:00,25,270,149,82,8.857,101.0,38,fit:e400a56f83dbd7357afa5495e4d4b95c79f121f8327818feec51bd82f4ac400c:segment:002,2,3314.0,3291,activities/093_260621150426.csv,1,1,0,0
fit:e400a56f83dbd7357afa5495e4d4b95c79f121f8327818feec51bd82f4ac400c,2026-06-21T13:59:42+00:00,26,281,149,83,9.009,101.79999999999995,38,fit:e400a56f83dbd7357afa5495e4d4b95c79f121f8327818feec51bd82f4ac400c:segment:002,2,3315.0,3292,activities/093_260621150426.csv,1,1,0,0
fit:e400a56f83dbd7357afa5495e4d4b95c79f121f8327818feec51bd82f4ac400c,2026-06-21T13:59:43+00:00,27,285,151,83,9.099,101.79999999999995,38,fit:e400a56f83dbd7357afa5495e4d4b95c79f121f8327818feec51bd82f4ac400c:segment:002,2,3316.0,3293,activities/093_260621150426.csv,1,1,0,0
fit:e400a56f83dbd7357afa5495e4d4b95c79f121f8327818feec51bd82f4ac400c,2026-06-21T13:59:44+00:00,28,286,151,83,9.098,101.79999999999995,38,fit:e400a56f83dbd7357afa5495e4d4b95c79f121f8327818feec51bd82f4ac400c:segment:002,2,3317.0,3294,activities/093_260621150426.csv,1,1,0,0
fit:e400a56f83dbd7357afa5495e4d4b95c79f121f8327818feec51bd82f4ac400c,2026-06-21T13:59:45+00:00,29,250,152,83,9.197,101.79999999999995,38,fit:e400a56f83dbd7357afa5495e4d4b95c79f121f8327818feec51bd82f4ac400c:segment:002,2,3318.0,3295,activities/093_260621150426.csv,1,1,0,0
fit:e400a56f83dbd7357afa5495e4d4b95c79f121f8327818feec51bd82f4ac400c,2026-06-21T13:59:46+00:00,30,249,153,83,9.187,103.60000000000002,38,fit:e400a56f83dbd7357afa5495e4d4b95c79f121f8327818feec51bd82f4ac400c:segment:002,2,3319.0,3296,activities/093_260621150426.csv,1,1,0,0
fit:e400a56f83dbd7357afa5495e4d4b95c79f121f8327818feec51bd82f4ac400c,2026-06-21T13:59:47+00:00,31,310,154,85,9.229,103.60000000000002,38,fit:e400a56f83dbd7357afa5495e4d4b95c79f121f8327818feec51bd82f4ac400c:segment:002,2,3320.0,3297,activities/093_260621150426.csv,1,1,0,0
fit:e400a56f83dbd7357afa5495e4d4b95c79f121f8327818feec51bd82f4ac400c,2026-06-21T13:59:48+00:00,32,293,156,87,9.265,103.60000000000002,38,fit:e400a56f83dbd7357afa5495e4d4b95c79f121f8327818feec51bd82f4ac400c:segment:002,2,3321.0,3298,activities/093_260621150426.csv,1,1,0,0
fit:e400a56f83dbd7357afa5495e4d4b95c79f121f8327818feec51bd82f4ac400c,2026-06-21T13:59:49+00:00,33,293,157,88,9.445,102.60000000000002,38,fit:e400a56f83dbd7357afa5495e4d4b95c79f121f8327818feec51bd82f4ac400c:segment:002,2,3322.0,3299,activities/093_260621150426.csv,1,1,0,0
fit:e400a56f83dbd7357afa5495e4d4b95c79f121f8327818feec51bd82f4ac400c,2026-06-21T13:59:50+00:00,34,307,158,89,9.606,103.0,38,fit:e400a56f83dbd7357afa5495e4d4b95c79f121f8327818feec51bd82f4ac400c:segment:002,2,3323.0,3300,activities/093_260621150426.csv,1,1,0,0
fit:e400a56f83dbd7357afa5495e4d4b95c79f121f8327818feec51bd82f4ac400c,2026-06-21T13:59:51+00:00,35,172,159,90,9.773,103.0,38,fit:e400a56f83dbd7357afa5495e4d4b95c79f121f8327818feec51bd82f4ac400c:segment:002,2,3324.0,3301,activities/093_260621150426.csv,1,1,0,0
fit:e400a56f83dbd7357afa5495e4d4b95c79f121f8327818feec51bd82f4ac400c,2026-06-21T13:59:52+00:00,36,161,159,90,9.82,103.0,38,fit:e400a56f83dbd7357afa5495e4d4b95c79f121f8327818feec51bd82f4ac400c:segment:002,2,3325.0,3302,activities/093_260621150426.csv,1,1,0,0
fit:e400a56f83dbd7357afa5495e4d4b95c79f121f8327818feec51bd82f4ac400c,2026-06-21T13:59:53+00:00,37,212,162,89,9.87,103.0,38,fit:e400a56f83dbd7357afa5495e4d4b95c79f121f8327818feec51bd82f4ac400c:segment:002,2,3326.0,3303,activities/093_260621150426.csv,1,1,0,0
fit:e400a56f83dbd7357afa5495e4d4b95c79f121f8327818feec51bd82f4ac400c,2026-06-21T13:59:54+00:00,38,176,162,89,9.914,100.0,38,fit:e400a56f83dbd7357afa5495e4d4b95c79f121f8327818feec51bd82f4ac400c:segment:002,2,3327.0,3304,activities/093_260621150426.csv,1,1,0,0
fit:e400a56f83dbd7357afa5495e4d4b95c79f121f8327818feec51bd82f4ac400c,2026-06-21T13:59:55+00:00,39,190,163,89,9.881,100.0,38,fit:e400a56f83dbd7357afa5495e4d4b95c79f121f8327818feec51bd82f4ac400c:segment:002,2,3328.0,3305,activities/093_260621150426.csv,1,1,0,0
fit:e400a56f83dbd7357afa5495e4d4b95c79f121f8327818feec51bd82f4ac400c,2026-06-21T13:59:56+00:00,40,244,163,89,9.851,100.0,38,fit:e400a56f83dbd7357afa5495e4d4b95c79f121f8327818feec51bd82f4ac400c:segment:002,2,3329.0,3306,activities/093_260621150426.csv,1,1,0,0
fit:e400a56f83dbd7357afa5495e4d4b95c79f121f8327818feec51bd82f4ac400c,2026-06-21T13:59:57+00:00,41,225,165,89,9.797,101.0,38,fit:e400a56f83dbd7357afa5495e4d4b95c79f121f8327818feec51bd82f4ac400c:segment:002,2,3330.0,3307,activities/093_260621150426.csv,1,1,0,0
fit:e400a56f83dbd7357afa5495e4d4b95c79f121f8327818feec51bd82f4ac400c,2026-06-21T13:59:58+00:00,42,225,165,89,9.829,101.39999999999998,38,fit:e400a56f83dbd7357afa5495e4d4b95c79f121f8327818feec51bd82f4ac400c:segment:002,2,3331.0,3308,activities/093_260621150426.csv,1,1,0,0
fit:e400a56f83dbd7357afa5495e4d4b95c79f121f8327818feec51bd82f4ac400c,2026-06-21T13:59:59+00:00,43,220,166,88,9.827,101.39999999999998,38,fit:e400a56f83dbd7357afa5495e4d4b95c79f121f8327818feec51bd82f4ac400c:segment:002,2,3332.0,3309,activities/093_260621150426.csv,1,1,0,0
fit:e400a56f83dbd7357afa5495e4d4b95c79f121f8327818feec51bd82f4ac400c,2026-06-21T14:00:00+00:00,44,192,167,87,9.753,101.39999999999998,38,fit:e400a56f83dbd7357afa5495e4d4b95c79f121f8327818feec51bd82f4ac400c:segment:002,2,3333.0,3310,activities/093_260621150426.csv,1,1,0,0
fit:e400a56f83dbd7357afa5495e4d4b95c79f121f8327818feec51bd82f4ac400c,2026-06-21T14:00:01+00:00,45,235,168,87,9.701,101.39999999999998,38,fit:e400a56f83dbd7357afa5495e4d4b95c79f121f8327818feec51bd82f4ac400c:segment:002,2,3334.0,3311,activities/093_260621150426.csv,1,1,0,0
fit:e400a56f83dbd7357afa5495e4d4b95c79f121f8327818feec51bd82f4ac400c,2026-06-21T14:00:02+00:00,46,237,168,87,9.673,101.60000000000002,38,fit:e400a56f83dbd7357afa5495e4d4b95c79f121f8327818feec51bd82f4ac400c:segment:002,2,3335.0,3312,activities/093_260621150426.csv,1,1,0,0
fit:e400a56f83dbd7357afa5495e4d4b95c79f121f8327818feec51bd82f4ac400c,2026-06-21T14:00:03+00:00,47,237,168,86,9.573,101.60000000000002,38,fit:e400a56f83dbd7357afa5495e4d4b95c79f121f8327818feec51bd82f4ac400c:segment:002,2,3336.0,3313,activities/093_260621150426.csv,1,1,0,0
fit:e400a56f83dbd7357afa5495e4d4b95c79f121f8327818feec51bd82f4ac400c,2026-06-21T14:00:04+00:00,48,198,169,86,9.603,101.60000000000002,38,fit:e400a56f83dbd7357afa5495e4d4b95c79f121f8327818feec51bd82f4ac400c:segment:002,2,3337.0,3314,activities/093_260621150426.csv,1,1,0,0
fit:e400a56f83dbd7357afa5495e4d4b95c79f121f8327818feec51bd82f4ac400c,2026-06-21T14:00:05+00:00,49,235,169,86,9.565,102.39999999999998,38,fit:e400a56f83dbd7357afa5495e4d4b95c79f121f8327818feec51bd82f4ac400c:segment:002,2,3338.0,3315,activities/093_260621150426.csv,1,1,0,0
fit:e400a56f83dbd7357afa5495e4d4b95c79f121f8327818feec51bd82f4ac400c,2026-06-21T14:00:06+00:00,50,285,169,86,9.465,103.0,38,fit:e400a56f83dbd7357afa5495e4d4b95c79f121f8327818feec51bd82f4ac400c:segment:002,2,3339.0,3316,activities/093_260621150426.csv,1,1,0,0
fit:e400a56f83dbd7357afa5495e4d4b95c79f121f8327818feec51bd82f4ac400c,2026-06-21T14:00:07+00:00,51,236,171,86,9.475,103.0,38,fit:e400a56f83dbd7357afa5495e4d4b95c79f121f8327818feec51bd82f4ac400c:segment:002,2,3340.0,3317,activities/093_260621150426.csv,1,1,0,0
fit:e400a56f83dbd7357afa5495e4d4b95c79f121f8327818feec51bd82f4ac400c,2026-06-21T14:00:08+00:00,52,250,171,86,9.496,103.0,38,fit:e400a56f83dbd7357afa5495e4d4b95c79f121f8327818feec51bd82f4ac400c:segment:002,2,3341.0,3318,activities/093_260621150426.csv,1,1,0,0
fit:e400a56f83dbd7357afa5495e4d4b95c79f121f8327818feec51bd82f4ac400c,2026-06-21T14:00:09+00:00,53,297,171,86,9.482,102.60000000000002,38,fit:e400a56f83dbd7357afa5495e4d4b95c79f121f8327818feec51bd82f4ac400c:segment:002,2,3342.0,3319,activities/093_260621150426.csv,1,1,0,0
fit:e400a56f83dbd7357afa5495e4d4b95c79f121f8327818feec51bd82f4ac400c,2026-06-21T14:00:10+00:00,54,297,171,86,9.477,103.60000000000002,38,fit:e400a56f83dbd7357afa5495e4d4b95c79f121f8327818feec51bd82f4ac400c:segment:002,2,3343.0,3320,activities/093_260621150426.csv,1,1,0,0
fit:e400a56f83dbd7357afa5495e4d4b95c79f121f8327818feec51bd82f4ac400c,2026-06-21T14:00:11+00:00,55,229,172,87,9.582,103.60000000000002,38,fit:e400a56f83dbd7357afa5495e4d4b95c79f121f8327818feec51bd82f4ac400c:segment:002,2,3344.0,3321,activities/093_260621150426.csv,1,1,0,0
fit:e400a56f83dbd7357afa5495e4d4b95c79f121f8327818feec51bd82f4ac400c,2026-06-21T14:00:12+00:00,56,212,171,87,9.529,103.60000000000002,38,fit:e400a56f83dbd7357afa5495e4d4b95c79f121f8327818feec51bd82f4ac400c:segment:002,2,3345.0,3322,activities/093_260621150426.csv,1,1,0,0
fit:e400a56f83dbd7357afa5495e4d4b95c79f121f8327818feec51bd82f4ac400c,2026-06-21T14:00:13+00:00,57,273,172,85,9.594,103.60000000000002,38,fit:e400a56f83dbd7357afa5495e4d4b95c79f121f8327818feec51bd82f4ac400c:segment:002,2,3346.0,3323,activities/093_260621150426.csv,1,1,0,0
fit:e400a56f83dbd7357afa5495e4d4b95c79f121f8327818feec51bd82f4ac400c,2026-06-21T14:00:14+00:00,58,188,172,85,9.5,103.60000000000002,38,fit:e400a56f83dbd7357afa5495e4d4b95c79f121f8327818feec51bd82f4ac400c:segment:002,2,3347.0,3324,activities/093_260621150426.csv,1,1,0,0
fit:e400a56f83dbd7357afa5495e4d4b95c79f121f8327818feec51bd82f4ac400c,2026-06-21T14:00:15+00:00,59,173,172,85,9.457,103.60000000000002,38,fit:e400a56f83dbd7357afa5495e4d4b95c79f121f8327818feec51bd82f4ac400c:segment:002,2,3348.0,3325,activities/093_260621150426.csv,1,1,0,0
fit:e400a56f83dbd7357afa5495e4d4b95c79f121f8327818feec51bd82f4ac400c,2026-06-21T14:00:16+00:00,60,201,173,85,9.475,103.60000000000002,38,fit:e400a56f83dbd7357afa5495e4d4b95c79f121f8327818feec51bd82f4ac400c:segment:002,2,3349.0,3326,activities/093_260621150426.csv,1,1,0,0
fit:e400a56f83dbd7357afa5495e4d4b95c79f121f8327818feec51bd82f4ac400c,2026-06-21T14:00:17+00:00,61,265,174,84,9.392,103.60000000000002,38,fit:e400a56f83dbd7357afa5495e4d4b95c79f121f8327818feec51bd82f4ac400c:segment:002,2,3350.0,3327,activities/093_260621150426.csv,1,1,0,0
fit:e400a56f83dbd7357afa5495e4d4b95c79f121f8327818feec51bd82f4ac400c,2026-06-21T14:00:18+00:00,62,261,174,85,9.394,103.20000000000005,38,fit:e400a56f83dbd7357afa5495e4d4b95c79f121f8327818feec51bd82f4ac400c:segment:002,2,3351.0,3328,activities/093_260621150426.csv,1,1,0,0
fit:e400a56f83dbd7357afa5495e4d4b95c79f121f8327818feec51bd82f4ac400c,2026-06-21T14:00:19+00:00,63,269,173,86,9.439,103.20000000000005,38,fit:e400a56f83dbd7357afa5495e4d4b95c79f121f8327818feec51bd82f4ac400c:segment:002,2,3352.0,3329,activities/093_260621150426.csv,1,1,0,0
fit:e400a56f83dbd7357afa5495e4d4b95c79f121f8327818feec51bd82f4ac400c,2026-06-21T14:00:20+00:00,64,195,173,86,9.475,103.20000000000005,38,fit:e400a56f83dbd7357afa5495e4d4b95c79f121f8327818feec51bd82f4ac400c:segment:002,2,3353.0,3330,activities/093_260621150426.csv,1,1,0,0
fit:e400a56f83dbd7357afa5495e4d4b95c79f121f8327818feec51bd82f4ac400c,2026-06-21T14:00:21+00:00,65,226,173,87,9.517,103.20000000000005,38,fit:e400a56f83dbd7357afa5495e4d4b95c79f121f8327818feec51bd82f4ac400c:segment:002,2,3354.0,3331,activities/093_260621150426.csv,1,1,0,0
fit:e400a56f83dbd7357afa5495e4d4b95c79f121f8327818feec51bd82f4ac400c,2026-06-21T14:00:22+00:00,66,255,173,87,9.565,102.60000000000002,38,fit:e400a56f83dbd7357afa5495e4d4b95c79f121f8327818feec51bd82f4ac400c:segment:002,2,3355.0,3332,activities/093_260621150426.csv,1,1,0,0
fit:e400a56f83dbd7357afa5495e4d4b95c79f121f8327818feec51bd82f4ac400c,2026-06-21T14:00:23+00:00,67,255,173,87,9.592,102.60000000000002,38,fit:e400a56f83dbd7357afa5495e4d4b95c79f121f8327818feec51bd82f4ac400c:segment:002,2,3356.0,3333,activities/093_260621150426.csv,1,1,0,0
fit:e400a56f83dbd7357afa5495e4d4b95c79f121f8327818feec51bd82f4ac400c,2026-06-21T14:00:24+00:00,68,229,173,88,9.699,102.60000000000002,38,fit:e400a56f83dbd7357afa5495e4d4b95c79f121f8327818feec51bd82f4ac400c:segment:002,2,3357.0,3334,activities/093_260621150426.csv,1,1,0,0
fit:e400a56f83dbd7357afa5495e4d4b95c79f121f8327818feec51bd82f4ac400c,2026-06-21T14:00:25+00:00,69,209,173,89,9.622,103.60000000000002,38,fit:e400a56f83dbd7357afa5495e4d4b95c79f121f8327818feec51bd82f4ac400c:segment:002,2,3358.0,3335,activities/093_260621150426.csv,1,1,0,0
fit:e400a56f83dbd7357afa5495e4d4b95c79f121f8327818feec51bd82f4ac400c,2026-06-21T14:00:26+00:00,70,329,173,90,9.677,102.60000000000002,38,fit:e400a56f83dbd7357afa5495e4d4b95c79f121f8327818feec51bd82f4ac400c:segment:002,2,3359.0,3336,activities/093_260621150426.csv,1,1,0,0
fit:e400a56f83dbd7357afa5495e4d4b95c79f121f8327818feec51bd82f4ac400c,2026-06-21T14:00:27+00:00,71,291,173,90,9.804,102.60000000000002,38,fit:e400a56f83dbd7357afa5495e4d4b95c79f121f8327818feec51bd82f4ac400c:segment:002,2,3360.0,3337,activities/093_260621150426.csv,1,1,0,0
fit:e400a56f83dbd7357afa5495e4d4b95c79f121f8327818feec51bd82f4ac400c,2026-06-21T14:00:28+00:00,72,207,174,92,9.946,102.60000000000002,38,fit:e400a56f83dbd7357afa5495e4d4b95c79f121f8327818feec51bd82f4ac400c:segment:002,2,3361.0,3338,activities/093_260621150426.csv,1,1,0,0
fit:e400a56f83dbd7357afa5495e4d4b95c79f121f8327818feec51bd82f4ac400c,2026-06-21T14:00:29+00:00,73,201,174,93,10.072,103.60000000000002,38,fit:e400a56f83dbd7357afa5495e4d4b95c79f121f8327818feec51bd82f4ac400c:segment:002,2,3362.0,3339,activities/093_260621150426.csv,1,1,0,0
fit:e400a56f83dbd7357afa5495e4d4b95c79f121f8327818feec51bd82f4ac400c,2026-06-21T14:00:30+00:00,74,230,174,93,10.174,103.60000000000002,38,fit:e400a56f83dbd7357afa5495e4d4b95c79f121f8327818feec51bd82f4ac400c:segment:002,2,3363.0,3340,activities/093_260621150426.csv,1,1,0,0
fit:e400a56f83dbd7357afa5495e4d4b95c79f121f8327818feec51bd82f4ac400c,2026-06-21T14:00:31+00:00,75,259,174,85,10.229,103.60000000000002,38,fit:e400a56f83dbd7357afa5495e4d4b95c79f121f8327818feec51bd82f4ac400c:segment:002,2,3364.0,3341,activities/093_260621150426.csv,1,1,0,0
fit:e400a56f83dbd7357afa5495e4d4b95c79f121f8327818feec51bd82f4ac400c,2026-06-21T14:00:32+00:00,76,258,175,83,10.351,103.60000000000002,38,fit:e400a56f83dbd7357afa5495e4d4b95c79f121f8327818feec51bd82f4ac400c:segment:002,2,3365.0,3342,activities/093_260621150426.csv,1,1,0,0
fit:e400a56f83dbd7357afa5495e4d4b95c79f121f8327818feec51bd82f4ac400c,2026-06-21T14:00:33+00:00,77,258,175,84,10.363,103.60000000000002,38,fit:e400a56f83dbd7357afa5495e4d4b95c79f121f8327818feec51bd82f4ac400c:segment:002,2,3366.0,3343,activities/093_260621150426.csv,1,1,0,0
fit:e400a56f83dbd7357afa5495e4d4b95c79f121f8327818feec51bd82f4ac400c,2026-06-21T14:00:34+00:00,78,255,175,84,10.437,103.0,38,fit:e400a56f83dbd7357afa5495e4d4b95c79f121f8327818feec51bd82f4ac400c:segment:002,2,3367.0,3344,activities/093_260621150426.csv,1,1,0,0
fit:e400a56f83dbd7357afa5495e4d4b95c79f121f8327818feec51bd82f4ac400c,2026-06-21T14:00:35+00:00,79,221,177,84,10.56,103.0,38,fit:e400a56f83dbd7357afa5495e4d4b95c79f121f8327818feec51bd82f4ac400c:segment:002,2,3368.0,3345,activities/093_260621150426.csv,1,1,0,0
fit:e400a56f83dbd7357afa5495e4d4b95c79f121f8327818feec51bd82f4ac400c,2026-06-21T14:00:36+00:00,80,194,175,84,10.557,103.0,38,fit:e400a56f83dbd7357afa5495e4d4b95c79f121f8327818feec51bd82f4ac400c:segment:002,2,3369.0,3346,activities/093_260621150426.csv,1,1,0,0
fit:e400a56f83dbd7357afa5495e4d4b95c79f121f8327818feec51bd82f4ac400c,2026-06-21T14:00:37+00:00,81,214,176,84,10.62,103.39999999999998,38,fit:e400a56f83dbd7357afa5495e4d4b95c79f121f8327818feec51bd82f4ac400c:segment:002,2,3370.0,3347,activities/093_260621150426.csv,1,1,0,0
fit:e400a56f83dbd7357afa5495e4d4b95c79f121f8327818feec51bd82f4ac400c,2026-06-21T14:00:38+00:00,82,294,178,84,10.543,103.0,38,fit:e400a56f83dbd7357afa5495e4d4b95c79f121f8327818feec51bd82f4ac400c:segment:002,2,3371.0,3348,activities/093_260621150426.csv,1,1,0,0
fit:e400a56f83dbd7357afa5495e4d4b95c79f121f8327818feec51bd82f4ac400c,2026-06-21T14:00:39+00:00,83,294,178,84,10.407,103.0,38,fit:e400a56f83dbd7357afa5495e4d4b95c79f121f8327818feec51bd82f4ac400c:segment:002,2,3372.0,3349,activities/093_260621150426.csv,1,1,0,0
fit:e400a56f83dbd7357afa5495e4d4b95c79f121f8327818feec51bd82f4ac400c,2026-06-21T14:00:40+00:00,84,239,178,84,10.434,103.0,38,fit:e400a56f83dbd7357afa5495e4d4b95c79f121f8327818feec51bd82f4ac400c:segment:002,2,3373.0,3350,activities/093_260621150426.csv,1,1,0,0
fit:e400a56f83dbd7357afa5495e4d4b95c79f121f8327818feec51bd82f4ac400c,2026-06-21T14:00:41+00:00,85,243,177,85,10.507,103.0,38,fit:e400a56f83dbd7357afa5495e4d4b95c79f121f8327818feec51bd82f4ac400c:segment:002,2,3374.0,3351,activities/093_260621150426.csv,1,1,0,0
fit:e400a56f83dbd7357afa5495e4d4b95c79f121f8327818feec51bd82f4ac400c,2026-06-21T14:00:42+00:00,86,274,177,85,10.53,103.0,38,fit:e400a56f83dbd7357afa5495e4d4b95c79f121f8327818feec51bd82f4ac400c:segment:002,2,3375.0,3352,activities/093_260621150426.csv,1,1,0,0
fit:e400a56f83dbd7357afa5495e4d4b95c79f121f8327818feec51bd82f4ac400c,2026-06-21T14:00:43+00:00,87,274,178,85,10.556,103.39999999999998,38,fit:e400a56f83dbd7357afa5495e4d4b95c79f121f8327818feec51bd82f4ac400c:segment:002,2,3376.0,3353,activities/093_260621150426.csv,1,1,0,0
fit:e400a56f83dbd7357afa5495e4d4b95c79f121f8327818feec51bd82f4ac400c,2026-06-21T14:00:44+00:00,88,200,177,86,10.728,103.39999999999998,38,fit:e400a56f83dbd7357afa5495e4d4b95c79f121f8327818feec51bd82f4ac400c:segment:002,2,3377.0,3354,activities/093_260621150426.csv,1,1,0,0
fit:e400a56f83dbd7357afa5495e4d4b95c79f121f8327818feec51bd82f4ac400c,2026-06-21T14:00:45+00:00,89,213,178,85,10.579,103.39999999999998,38,fit:e400a56f83dbd7357afa5495e4d4b95c79f121f8327818feec51bd82f4ac400c:segment:002,2,3378.0,3355,activities/093_260621150426.csv,1,1,0,0
fit:e400a56f83dbd7357afa5495e4d4b95c79f121f8327818feec51bd82f4ac400c,2026-06-21T14:00:46+00:00,90,213,177,86,10.668,102.79999999999995,38,fit:e400a56f83dbd7357afa5495e4d4b95c79f121f8327818feec51bd82f4ac400c:segment:002,2,3379.0,3356,activities/093_260621150426.csv,1,1,0,0
fit:e400a56f83dbd7357afa5495e4d4b95c79f121f8327818feec51bd82f4ac400c,2026-06-21T14:00:47+00:00,91,234,178,86,10.688,102.60000000000002,38,fit:e400a56f83dbd7357afa5495e4d4b95c79f121f8327818feec51bd82f4ac400c:segment:002,2,3380.0,3357,activities/093_260621150426.csv,1,1,0,0
fit:e400a56f83dbd7357afa5495e4d4b95c79f121f8327818feec51bd82f4ac400c,2026-06-21T14:00:48+00:00,92,179,178,86,10.598,102.60000000000002,38,fit:e400a56f83dbd7357afa5495e4d4b95c79f121f8327818feec51bd82f4ac400c:segment:002,2,3381.0,3358,activities/093_260621150426.csv,1,1,0,0
fit:e400a56f83dbd7357afa5495e4d4b95c79f121f8327818feec51bd82f4ac400c,2026-06-21T14:00:49+00:00,93,223,178,85,10.513,102.60000000000002,38,fit:e400a56f83dbd7357afa5495e4d4b95c79f121f8327818feec51bd82f4ac400c:segment:002,2,3382.0,3359,activities/093_260621150426.csv,1,1,0,0
fit:e400a56f83dbd7357afa5495e4d4b95c79f121f8327818feec51bd82f4ac400c,2026-06-21T14:00:50+00:00,94,210,177,85,10.595,102.60000000000002,38,fit:e400a56f83dbd7357afa5495e4d4b95c79f121f8327818feec51bd82f4ac400c:segment:002,2,3383.0,3360,activities/093_260621150426.csv,1,1,0,0
fit:e400a56f83dbd7357afa5495e4d4b95c79f121f8327818feec51bd82f4ac400c,2026-06-21T14:00:51+00:00,95,231,178,86,10.715,102.0,38,fit:e400a56f83dbd7357afa5495e4d4b95c79f121f8327818feec51bd82f4ac400c:segment:002,2,3384.0,3361,activities/093_260621150426.csv,1,1,0,0
fit:e400a56f83dbd7357afa5495e4d4b95c79f121f8327818feec51bd82f4ac400c,2026-06-21T14:00:52+00:00,96,231,178,86,10.628,102.0,38,fit:e400a56f83dbd7357afa5495e4d4b95c79f121f8327818feec51bd82f4ac400c:segment:002,2,3385.0,3362,activities/093_260621150426.csv,1,1,0,0
fit:e400a56f83dbd7357afa5495e4d4b95c79f121f8327818feec51bd82f4ac400c,2026-06-21T14:00:53+00:00,97,240,178,85,10.653,102.0,38,fit:e400a56f83dbd7357afa5495e4d4b95c79f121f8327818feec51bd82f4ac400c:segment:002,2,3386.0,3363,activities/093_260621150426.csv,1,1,0,0
fit:e400a56f83dbd7357afa5495e4d4b95c79f121f8327818feec51bd82f4ac400c,2026-06-21T14:00:54+00:00,98,225,178,85,10.66,102.0,38,fit:e400a56f83dbd7357afa5495e4d4b95c79f121f8327818feec51bd82f4ac400c:segment:002,2,3387.0,3364,activities/093_260621150426.csv,1,1,0,0
fit:e400a56f83dbd7357afa5495e4d4b95c79f121f8327818feec51bd82f4ac400c,2026-06-21T14:00:55+00:00,99,259,178,85,10.658,102.0,38,fit:e400a56f83dbd7357afa5495e4d4b95c79f121f8327818feec51bd82f4ac400c:segment:002,2,3388.0,3365,activities/093_260621150426.csv,1,1,0,0
fit:e400a56f83dbd7357afa5495e4d4b95c79f121f8327818feec51bd82f4ac400c,2026-06-21T14:00:56+00:00,100,259,178,85,10.63,102.0,38,fit:e400a56f83dbd7357afa5495e4d4b95c79f121f8327818feec51bd82f4ac400c:segment:002,2,3389.0,3366,activities/093_260621150426.csv,1,1,0,0
fit:e400a56f83dbd7357afa5495e4d4b95c79f121f8327818feec51bd82f4ac400c,2026-06-21T14:00:57+00:00,101,277,177,85,10.594,102.0,38,fit:e400a56f83dbd7357afa5495e4d4b95c79f121f8327818feec51bd82f4ac400c:segment:002,2,3390.0,3367,activities/093_260621150426.csv,1,1,0,0
fit:e400a56f83dbd7357afa5495e4d4b95c79f121f8327818feec51bd82f4ac400c,2026-06-21T14:00:58+00:00,102,283,178,85,10.668,102.0,38,fit:e400a56f83dbd7357afa5495e4d4b95c79f121f8327818feec51bd82f4ac400c:segment:002,2,3391.0,3368,activities/093_260621150426.csv,1,1,0,0
fit:e400a56f83dbd7357afa5495e4d4b95c79f121f8327818feec51bd82f4ac400c,2026-06-21T14:00:59+00:00,103,283,178,86,10.708,102.0,38,fit:e400a56f83dbd7357afa5495e4d4b95c79f121f8327818feec51bd82f4ac400c:segment:002,2,3392.0,3369,activities/093_260621150426.csv,1,1,0,0
fit:e400a56f83dbd7357afa5495e4d4b95c79f121f8327818feec51bd82f4ac400c,2026-06-21T14:01:00+00:00,104,273,177,86,10.711,102.0,38,fit:e400a56f83dbd7357afa5495e4d4b95c79f121f8327818feec51bd82f4ac400c:segment:002,2,3393.0,3370,activities/093_260621150426.csv,1,1,0,0
fit:e400a56f83dbd7357afa5495e4d4b95c79f121f8327818feec51bd82f4ac400c,2026-06-21T14:01:01+00:00,105,258,177,86,10.792,102.0,38,fit:e400a56f83dbd7357afa5495e4d4b95c79f121f8327818feec51bd82f4ac400c:segment:002,2,3394.0,3371,activities/093_260621150426.csv,1,1,0,0
fit:e400a56f83dbd7357afa5495e4d4b95c79f121f8327818feec51bd82f4ac400c,2026-06-21T14:01:02+00:00,106,258,177,86,10.793,102.0,38,fit:e400a56f83dbd7357afa5495e4d4b95c79f121f8327818feec51bd82f4ac400c:segment:002,2,3395.0,3372,activities/093_260621150426.csv,1,1,0,0
fit:e400a56f83dbd7357afa5495e4d4b95c79f121f8327818feec51bd82f4ac400c,2026-06-21T14:01:03+00:00,107,284,177,86,10.84,102.0,38,fit:e400a56f83dbd7357afa5495e4d4b95c79f121f8327818feec51bd82f4ac400c:segment:002,2,3396.0,3373,activities/093_260621150426.csv,1,1,0,0
fit:e400a56f83dbd7357afa5495e4d4b95c79f121f8327818feec51bd82f4ac400c,2026-06-21T14:01:04+00:00,108,292,178,87,10.852,102.0,38,fit:e400a56f83dbd7357afa5495e4d4b95c79f121f8327818feec51bd82f4ac400c:segment:002,2,3397.0,3374,activities/093_260621150426.csv,1,1,0,0
fit:e400a56f83dbd7357afa5495e4d4b95c79f121f8327818feec51bd82f4ac400c,2026-06-21T14:01:05+00:00,109,265,178,87,10.791,102.0,38,fit:e400a56f83dbd7357afa5495e4d4b95c79f121f8327818feec51bd82f4ac400c:segment:002,2,3398.0,3375,activities/093_260621150426.csv,1,1,0,0
fit:e400a56f83dbd7357afa5495e4d4b95c79f121f8327818feec51bd82f4ac400c,2026-06-21T14:01:06+00:00,110,221,178,87,10.817,102.20000000000005,38,fit:e400a56f83dbd7357afa5495e4d4b95c79f121f8327818feec51bd82f4ac400c:segment:002,2,3399.0,3376,activities/093_260621150426.csv,1,1,0,0
fit:e400a56f83dbd7357afa5495e4d4b95c79f121f8327818feec51bd82f4ac400c,2026-06-21T14:01:07+00:00,111,199,178,87,10.944,101.0,38,fit:e400a56f83dbd7357afa5495e4d4b95c79f121f8327818feec51bd82f4ac400c:segment:002,2,3400.0,3377,activities/093_260621150426.csv,1,1,0,0
fit:e400a56f83dbd7357afa5495e4d4b95c79f121f8327818feec51bd82f4ac400c,2026-06-21T14:01:08+00:00,112,224,178,87,10.895,101.0,38,fit:e400a56f83dbd7357afa5495e4d4b95c79f121f8327818feec51bd82f4ac400c:segment:002,2,3401.0,3378,activities/093_260621150426.csv,1,1,0,0
fit:e400a56f83dbd7357afa5495e4d4b95c79f121f8327818feec51bd82f4ac400c,2026-06-21T14:01:09+00:00,113,177,178,87,10.962,101.0,38,fit:e400a56f83dbd7357afa5495e4d4b95c79f121f8327818feec51bd82f4ac400c:segment:002,2,3402.0,3379,activities/093_260621150426.csv,1,1,0,0
fit:e400a56f83dbd7357afa5495e4d4b95c79f121f8327818feec51bd82f4ac400c,2026-06-21T14:01:10+00:00,114,196,178,86,10.852,101.0,38,fit:e400a56f83dbd7357afa5495e4d4b95c79f121f8327818feec51bd82f4ac400c:segment:002,2,3403.0,3380,activities/093_260621150426.csv,1,1,0,0
fit:e400a56f83dbd7357afa5495e4d4b95c79f121f8327818feec51bd82f4ac400c,2026-06-21T14:01:11+00:00,115,203,178,87,10.884,102.0,38,fit:e400a56f83dbd7357afa5495e4d4b95c79f121f8327818feec51bd82f4ac400c:segment:002,2,3404.0,3381,activities/093_260621150426.csv,1,1,0,0
fit:e400a56f83dbd7357afa5495e4d4b95c79f121f8327818feec51bd82f4ac400c,2026-06-21T14:01:12+00:00,116,248,177,87,10.791,102.0,38,fit:e400a56f83dbd7357afa5495e4d4b95c79f121f8327818feec51bd82f4ac400c:segment:002,2,3405.0,3382,activities/093_260621150426.csv,1,1,0,0
fit:e400a56f83dbd7357afa5495e4d4b95c79f121f8327818feec51bd82f4ac400c,2026-06-21T14:01:13+00:00,117,206,178,86,10.801,102.0,38,fit:e400a56f83dbd7357afa5495e4d4b95c79f121f8327818feec51bd82f4ac400c:segment:002,2,3406.0,3383,activities/093_260621150426.csv,1,1,0,0
fit:e400a56f83dbd7357afa5495e4d4b95c79f121f8327818feec51bd82f4ac400c,2026-06-21T14:01:14+00:00,118,218,178,86,10.825,102.0,38,fit:e400a56f83dbd7357afa5495e4d4b95c79f121f8327818feec51bd82f4ac400c:segment:002,2,3407.0,3384,activities/093_260621150426.csv,1,1,0,0
fit:e400a56f83dbd7357afa5495e4d4b95c79f121f8327818feec51bd82f4ac400c,2026-06-21T14:01:15+00:00,119,210,178,85,10.867,106.39999999999998,38,fit:e400a56f83dbd7357afa5495e4d4b95c79f121f8327818feec51bd82f4ac400c:segment:002,2,3408.0,3385,activities/093_260621150426.csv,1,1,0,0
fit:e400a56f83dbd7357afa5495e4d4b95c79f121f8327818feec51bd82f4ac400c,2026-06-21T14:01:16+00:00,120,262,178,85,10.852,106.39999999999998,38,fit:e400a56f83dbd7357afa5495e4d4b95c79f121f8327818feec51bd82f4ac400c:segment:002,2,3409.0,3386,activities/093_260621150426.csv,1,1,0,0
fit:e400a56f83dbd7357afa5495e4d4b95c79f121f8327818feec51bd82f4ac400c,2026-06-21T14:01:17+00:00,121,196,178,85,10.797,106.39999999999998,38,fit:e400a56f83dbd7357afa5495e4d4b95c79f121f8327818feec51bd82f4ac400c:segment:002,2,3410.0,3387,activities/093_260621150426.csv,1,1,0,0
fit:e400a56f83dbd7357afa5495e4d4b95c79f121f8327818feec51bd82f4ac400c,2026-06-21T14:01:18+00:00,122,162,178,85,10.74,105.39999999999998,38,fit:e400a56f83dbd7357afa5495e4d4b95c79f121f8327818feec51bd82f4ac400c:segment:002,2,3411.0,3388,activities/093_260621150426.csv,1,1,0,0
fit:e400a56f83dbd7357afa5495e4d4b95c79f121f8327818feec51bd82f4ac400c,2026-06-21T14:01:19+00:00,123,159,177,84,10.611,101.39999999999998,38,fit:e400a56f83dbd7357afa5495e4d4b95c79f121f8327818feec51bd82f4ac400c:segment:002,2,3412.0,3389,activities/093_260621150426.csv,1,1,0,0
fit:e400a56f83dbd7357afa5495e4d4b95c79f121f8327818feec51bd82f4ac400c,2026-06-21T14:01:20+00:00,124,254,177,83,10.556,101.39999999999998,38,fit:e400a56f83dbd7357afa5495e4d4b95c79f121f8327818feec51bd82f4ac400c:segment:002,2,3413.0,3390,activities/093_260621150426.csv,1,1,0,0
fit:e400a56f83dbd7357afa5495e4d4b95c79f121f8327818feec51bd82f4ac400c,2026-06-21T14:01:21+00:00,125,309,177,84,10.575,101.39999999999998,38,fit:e400a56f83dbd7357afa5495e4d4b95c79f121f8327818feec51bd82f4ac400c:segment:002,2,3414.0,3391,activities/093_260621150426.csv,1,1,0,0
fit:e400a56f83dbd7357afa5495e4d4b95c79f121f8327818feec51bd82f4ac400c,2026-06-21T14:01:22+00:00,126,99,177,84,10.669,101.39999999999998,38,fit:e400a56f83dbd7357afa5495e4d4b95c79f121f8327818feec51bd82f4ac400c:segment:002,2,3415.0,3392,activities/093_260621150426.csv,1,1,0,0
fit:e400a56f83dbd7357afa5495e4d4b95c79f121f8327818feec51bd82f4ac400c,2026-06-21T14:01:23+00:00,127,56,176,83,10.639,101.60000000000002,38,fit:e400a56f83dbd7357afa5495e4d4b95c79f121f8327818feec51bd82f4ac400c:segment:002,2,3416.0,3393,activities/093_260621150426.csv,1,1,0,0
fit:e400a56f83dbd7357afa5495e4d4b95c79f121f8327818feec51bd82f4ac400c,2026-06-21T14:01:24+00:00,128,56,177,83,10.542,101.60000000000002,38,fit:e400a56f83dbd7357afa5495e4d4b95c79f121f8327818feec51bd82f4ac400c:segment:002,2,3417.0,3394,activities/093_260621150426.csv,1,1,0,0
fit:e400a56f83dbd7357afa5495e4d4b95c79f121f8327818feec51bd82f4ac400c,2026-06-21T14:01:25+00:00,129,56,176,83,10.304,101.60000000000002,38,fit:e400a56f83dbd7357afa5495e4d4b95c79f121f8327818feec51bd82f4ac400c:segment:002,2,3418.0,3395,activities/093_260621150426.csv,1,1,0,0
fit:e400a56f83dbd7357afa5495e4d4b95c79f121f8327818feec51bd82f4ac400c,2026-06-21T14:01:26+00:00,130,56,176,83,9.726,101.0,38,fit:e400a56f83dbd7357afa5495e4d4b95c79f121f8327818feec51bd82f4ac400c:segment:002,2,3419.0,3396,activities/093_260621150426.csv,1,1,0,0
fit:e400a56f83dbd7357afa5495e4d4b95c79f121f8327818feec51bd82f4ac400c,2026-06-21T14:01:27+00:00,131,5,176,0,8.439,102.60000000000002,38,fit:e400a56f83dbd7357afa5495e4d4b95c79f121f8327818feec51bd82f4ac400c:segment:002,2,3420.0,3397,activities/093_260621150426.csv,1,1,0,0
fit:e400a56f83dbd7357afa5495e4d4b95c79f121f8327818feec51bd82f4ac400c,2026-06-21T14:01:28+00:00,132,6,176,0,6.888,102.60000000000002,38,fit:e400a56f83dbd7357afa5495e4d4b95c79f121f8327818feec51bd82f4ac400c:segment:002,2,3421.0,3398,activities/093_260621150426.csv,1,1,0,0
fit:e400a56f83dbd7357afa5495e4d4b95c79f121f8327818feec51bd82f4ac400c,2026-06-21T14:01:29+00:00,133,264,175,47,5.973,102.60000000000002,38,fit:e400a56f83dbd7357afa5495e4d4b95c79f121f8327818feec51bd82f4ac400c:segment:002,2,3422.0,3399,activities/093_260621150426.csv,1,1,0,0
fit:e400a56f83dbd7357afa5495e4d4b95c79f121f8327818feec51bd82f4ac400c,2026-06-21T14:01:30+00:00,134,349,175,53,5.735,102.60000000000002,38,fit:e400a56f83dbd7357afa5495e4d4b95c79f121f8327818feec51bd82f4ac400c:segment:002,2,3423.0,3400,activities/093_260621150426.csv,1,1,0,0
fit:e400a56f83dbd7357afa5495e4d4b95c79f121f8327818feec51bd82f4ac400c,2026-06-21T14:01:31+00:00,135,349,175,53,5.94,102.79999999999995,38,fit:e400a56f83dbd7357afa5495e4d4b95c79f121f8327818feec51bd82f4ac400c:segment:002,2,3424.0,3401,activities/093_260621150426.csv,1,1,0,0
fit:e400a56f83dbd7357afa5495e4d4b95c79f121f8327818feec51bd82f4ac400c,2026-06-21T14:01:32+00:00,136,324,174,62,6.308,102.79999999999995,38,fit:e400a56f83dbd7357afa5495e4d4b95c79f121f8327818feec51bd82f4ac400c:segment:002,2,3425.0,3402,activities/093_260621150426.csv,1,1,0,0
fit:e400a56f83dbd7357afa5495e4d4b95c79f121f8327818feec51bd82f4ac400c,2026-06-21T14:01:33+00:00,137,298,174,66,6.658,102.79999999999995,38,fit:e400a56f83dbd7357afa5495e4d4b95c79f121f8327818feec51bd82f4ac400c:segment:002,2,3426.0,3403,activities/093_260621150426.csv,1,1,0,0
fit:e400a56f83dbd7357afa5495e4d4b95c79f121f8327818feec51bd82f4ac400c,2026-06-21T14:01:34+00:00,138,298,173,70,7.132,103.39999999999998,38,fit:e400a56f83dbd7357afa5495e4d4b95c79f121f8327818feec51bd82f4ac400c:segment:002,2,3427.0,3404,activities/093_260621150426.csv,1,1,0,0
fit:e400a56f83dbd7357afa5495e4d4b95c79f121f8327818feec51bd82f4ac400c,2026-06-21T14:01:35+00:00,139,274,173,76,7.608,101.60000000000002,38,fit:e400a56f83dbd7357afa5495e4d4b95c79f121f8327818feec51bd82f4ac400c:segment:002,2,3428.0,3405,activities/093_260621150426.csv,1,1,0,0
fit:e400a56f83dbd7357afa5495e4d4b95c79f121f8327818feec51bd82f4ac400c,2026-06-21T14:01:36+00:00,140,313,172,78,8.011,101.60000000000002,38,fit:e400a56f83dbd7357afa5495e4d4b95c79f121f8327818feec51bd82f4ac400c:segment:002,2,3429.0,3406,activities/093_260621150426.csv,1,1,0,0
fit:e400a56f83dbd7357afa5495e4d4b95c79f121f8327818feec51bd82f4ac400c,2026-06-21T14:01:37+00:00,141,313,171,80,8.324,101.60000000000002,38,fit:e400a56f83dbd7357afa5495e4d4b95c79f121f8327818feec51bd82f4ac400c:segment:002,2,3430.0,3407,activities/093_260621150426.csv,1,1,0,0
fit:e400a56f83dbd7357afa5495e4d4b95c79f121f8327818feec51bd82f4ac400c,2026-06-21T14:01:38+00:00,142,344,171,82,8.685,101.79999999999995,38,fit:e400a56f83dbd7357afa5495e4d4b95c79f121f8327818feec51bd82f4ac400c:segment:002,2,3431.0,3408,activities/093_260621150426.csv,1,1,0,0
fit:e400a56f83dbd7357afa5495e4d4b95c79f121f8327818feec51bd82f4ac400c,2026-06-21T14:01:39+00:00,143,317,170,85,9.077,102.39999999999998,38,fit:e400a56f83dbd7357afa5495e4d4b95c79f121f8327818feec51bd82f4ac400c:segment:002,2,3432.0,3409,activities/093_260621150426.csv,1,1,0,0
fit:e400a56f83dbd7357afa5495e4d4b95c79f121f8327818feec51bd82f4ac400c,2026-06-21T14:01:40+00:00,144,225,170,88,9.321,102.39999999999998,38,fit:e400a56f83dbd7357afa5495e4d4b95c79f121f8327818feec51bd82f4ac400c:segment:002,2,3433.0,3410,activities/093_260621150426.csv,1,1,0,0
fit:e400a56f83dbd7357afa5495e4d4b95c79f121f8327818feec51bd82f4ac400c,2026-06-21T14:01:41+00:00,145,314,170,89,9.515,102.39999999999998,38,fit:e400a56f83dbd7357afa5495e4d4b95c79f121f8327818feec51bd82f4ac400c:segment:002,2,3434.0,3411,activities/093_260621150426.csv,1,1,0,0
fit:e400a56f83dbd7357afa5495e4d4b95c79f121f8327818feec51bd82f4ac400c,2026-06-21T14:01:42+00:00,146,312,169,91,9.664,101.39999999999998,38,fit:e400a56f83dbd7357afa5495e4d4b95c79f121f8327818feec51bd82f4ac400c:segment:002,2,3435.0,3412,activities/093_260621150426.csv,1,1,0,0
fit:e400a56f83dbd7357afa5495e4d4b95c79f121f8327818feec51bd82f4ac400c,2026-06-21T14:01:43+00:00,147,337,169,93,9.908,100.79999999999995,38,fit:e400a56f83dbd7357afa5495e4d4b95c79f121f8327818feec51bd82f4ac400c:segment:002,2,3436.0,3413,activities/093_260621150426.csv,1,1,0,0
fit:e400a56f83dbd7357afa5495e4d4b95c79f121f8327818feec51bd82f4ac400c,2026-06-21T14:01:44+00:00,148,359,169,82,10.128,100.79999999999995,38,fit:e400a56f83dbd7357afa5495e4d4b95c79f121f8327818feec51bd82f4ac400c:segment:002,2,3437.0,3414,activities/093_260621150426.csv,1,1,0,0
fit:e400a56f83dbd7357afa5495e4d4b95c79f121f8327818feec51bd82f4ac400c,2026-06-21T14:01:45+00:00,149,218,170,83,10.251,100.79999999999995,38,fit:e400a56f83dbd7357afa5495e4d4b95c79f121f8327818feec51bd82f4ac400c:segment:002,2,3438.0,3415,activities/093_260621150426.csv,1,1,0,0
fit:e400a56f83dbd7357afa5495e4d4b95c79f121f8327818feec51bd82f4ac400c,2026-06-21T14:01:46+00:00,150,223,170,84,10.321,100.20000000000005,38,fit:e400a56f83dbd7357afa5495e4d4b95c79f121f8327818feec51bd82f4ac400c:segment:002,2,3439.0,3416,activities/093_260621150426.csv,1,1,0,0
fit:e400a56f83dbd7357afa5495e4d4b95c79f121f8327818feec51bd82f4ac400c,2026-06-21T14:01:47+00:00,151,214,170,84,10.449,99.79999999999995,38,fit:e400a56f83dbd7357afa5495e4d4b95c79f121f8327818feec51bd82f4ac400c:segment:002,2,3440.0,3417,activities/093_260621150426.csv,1,1,0,0
fit:e400a56f83dbd7357afa5495e4d4b95c79f121f8327818feec51bd82f4ac400c,2026-06-21T14:01:48+00:00,152,227,171,84,10.517,99.79999999999995,38,fit:e400a56f83dbd7357afa5495e4d4b95c79f121f8327818feec51bd82f4ac400c:segment:002,2,3441.0,3418,activities/093_260621150426.csv,1,1,0,0
fit:e400a56f83dbd7357afa5495e4d4b95c79f121f8327818feec51bd82f4ac400c,2026-06-21T14:01:49+00:00,153,284,170,85,10.589,99.79999999999995,38,fit:e400a56f83dbd7357afa5495e4d4b95c79f121f8327818feec51bd82f4ac400c:segment:002,2,3442.0,3419,activities/093_260621150426.csv,1,1,0,0
fit:e400a56f83dbd7357afa5495e4d4b95c79f121f8327818feec51bd82f4ac400c,2026-06-21T14:01:50+00:00,154,250,170,85,10.635,99.79999999999995,38,fit:e400a56f83dbd7357afa5495e4d4b95c79f121f8327818feec51bd82f4ac400c:segment:002,2,3443.0,3420,activities/093_260621150426.csv,1,1,0,0
fit:e400a56f83dbd7357afa5495e4d4b95c79f121f8327818feec51bd82f4ac400c,2026-06-21T14:01:51+00:00,155,207,171,85,10.708,98.60000000000002,38,fit:e400a56f83dbd7357afa5495e4d4b95c79f121f8327818feec51bd82f4ac400c:segment:002,2,3444.0,3421,activities/093_260621150426.csv,1,1,0,0
fit:e400a56f83dbd7357afa5495e4d4b95c79f121f8327818feec51bd82f4ac400c,2026-06-21T14:01:52+00:00,156,200,171,84,10.671,98.60000000000002,38,fit:e400a56f83dbd7357afa5495e4d4b95c79f121f8327818feec51bd82f4ac400c:segment:002,2,3445.0,3422,activities/093_260621150426.csv,1,1,0,0
fit:e400a56f83dbd7357afa5495e4d4b95c79f121f8327818feec51bd82f4ac400c,2026-06-21T14:01:53+00:00,157,222,171,84,10.624,98.60000000000002,38,fit:e400a56f83dbd7357afa5495e4d4b95c79f121f8327818feec51bd82f4ac400c:segment:002,2,3446.0,3423,activities/093_260621150426.csv,1,1,0,0
fit:e400a56f83dbd7357afa5495e4d4b95c79f121f8327818feec51bd82f4ac400c,2026-06-21T14:01:54+00:00,158,245,171,84,10.649,98.60000000000002,38,fit:e400a56f83dbd7357afa5495e4d4b95c79f121f8327818feec51bd82f4ac400c:segment:002,2,3447.0,3424,activities/093_260621150426.csv,1,1,0,0
fit:e400a56f83dbd7357afa5495e4d4b95c79f121f8327818feec51bd82f4ac400c,2026-06-21T14:01:55+00:00,159,275,171,85,10.644,97.60000000000002,38,fit:e400a56f83dbd7357afa5495e4d4b95c79f121f8327818feec51bd82f4ac400c:segment:002,2,3448.0,3425,activities/093_260621150426.csv,1,1,0,0
fit:e400a56f83dbd7357afa5495e4d4b95c79f121f8327818feec51bd82f4ac400c,2026-06-21T14:01:56+00:00,160,284,171,85,10.653,97.60000000000002,38,fit:e400a56f83dbd7357afa5495e4d4b95c79f121f8327818feec51bd82f4ac400c:segment:002,2,3449.0,3426,activities/093_260621150426.csv,1,1,0,0
fit:e400a56f83dbd7357afa5495e4d4b95c79f121f8327818feec51bd82f4ac400c,2026-06-21T14:01:57+00:00,161,250,171,86,10.638,97.60000000000002,38,fit:e400a56f83dbd7357afa5495e4d4b95c79f121f8327818feec51bd82f4ac400c:segment:002,2,3450.0,3427,activities/093_260621150426.csv,1,1,0,0
fit:e400a56f83dbd7357afa5495e4d4b95c79f121f8327818feec51bd82f4ac400c,2026-06-21T14:01:58+00:00,162,319,171,86,10.655,98.60000000000002,38,fit:e400a56f83dbd7357afa5495e4d4b95c79f121f8327818feec51bd82f4ac400c:segment:002,2,3451.0,3428,activities/093_260621150426.csv,1,1,0,0
fit:e400a56f83dbd7357afa5495e4d4b95c79f121f8327818feec51bd82f4ac400c,2026-06-21T14:01:59+00:00,163,236,171,86,10.66,98.60000000000002,38,fit:e400a56f83dbd7357afa5495e4d4b95c79f121f8327818feec51bd82f4ac400c:segment:002,2,3452.0,3429,activities/093_260621150426.csv,1,1,0,0
fit:e400a56f83dbd7357afa5495e4d4b95c79f121f8327818feec51bd82f4ac400c,2026-06-21T14:02:00+00:00,164,233,171,86,10.737,98.60000000000002,38,fit:e400a56f83dbd7357afa5495e4d4b95c79f121f8327818feec51bd82f4ac400c:segment:002,2,3453.0,3430,activities/093_260621150426.csv,1,1,0,0
fit:e400a56f83dbd7357afa5495e4d4b95c79f121f8327818feec51bd82f4ac400c,2026-06-21T14:02:01+00:00,165,224,172,86,10.707,98.60000000000002,38,fit:e400a56f83dbd7357afa5495e4d4b95c79f121f8327818feec51bd82f4ac400c:segment:002,2,3454.0,3431,activities/093_260621150426.csv,1,1,0,0
fit:e400a56f83dbd7357afa5495e4d4b95c79f121f8327818feec51bd82f4ac400c,2026-06-21T14:02:02+00:00,166,293,172,86,10.712,99.0,38,fit:e400a56f83dbd7357afa5495e4d4b95c79f121f8327818feec51bd82f4ac400c:segment:002,2,3455.0,3432,activities/093_260621150426.csv,1,1,0,0
fit:e400a56f83dbd7357afa5495e4d4b95c79f121f8327818feec51bd82f4ac400c,2026-06-21T14:02:03+00:00,167,278,173,86,10.773,98.20000000000005,38,fit:e400a56f83dbd7357afa5495e4d4b95c79f121f8327818feec51bd82f4ac400c:segment:002,2,3456.0,3433,activities/093_260621150426.csv,1,1,0,0
fit:e400a56f83dbd7357afa5495e4d4b95c79f121f8327818feec51bd82f4ac400c,2026-06-21T14:02:04+00:00,168,284,173,87,10.871,98.20000000000005,38,fit:e400a56f83dbd7357afa5495e4d4b95c79f121f8327818feec51bd82f4ac400c:segment:002,2,3457.0,3434,activities/093_260621150426.csv,1,1,0,0
fit:e400a56f83dbd7357afa5495e4d4b95c79f121f8327818feec51bd82f4ac400c,2026-06-21T14:02:05+00:00,169,261,174,87,10.899,98.20000000000005,38,fit:e400a56f83dbd7357afa5495e4d4b95c79f121f8327818feec51bd82f4ac400c:segment:002,2,3458.0,3435,activities/093_260621150426.csv,1,1,0,0
fit:e400a56f83dbd7357afa5495e4d4b95c79f121f8327818feec51bd82f4ac400c,2026-06-21T14:02:06+00:00,170,323,175,88,10.993,99.0,38,fit:e400a56f83dbd7357afa5495e4d4b95c79f121f8327818feec51bd82f4ac400c:segment:002,2,3459.0,3436,activities/093_260621150426.csv,1,1,0,0
fit:e400a56f83dbd7357afa5495e4d4b95c79f121f8327818feec51bd82f4ac400c,2026-06-21T14:02:07+00:00,171,354,175,88,10.966,99.20000000000005,38,fit:e400a56f83dbd7357afa5495e4d4b95c79f121f8327818feec51bd82f4ac400c:segment:002,2,3460.0,3437,activities/093_260621150426.csv,1,1,0,0
fit:e400a56f83dbd7357afa5495e4d4b95c79f121f8327818feec51bd82f4ac400c,2026-06-21T14:02:08+00:00,172,255,175,89,11.043,99.20000000000005,38,fit:e400a56f83dbd7357afa5495e4d4b95c79f121f8327818feec51bd82f4ac400c:segment:002,2,3461.0,3438,activities/093_260621150426.csv,1,1,0,0
fit:e400a56f83dbd7357afa5495e4d4b95c79f121f8327818feec51bd82f4ac400c,2026-06-21T14:02:09+00:00,173,256,175,89,11.143,99.20000000000005,38,fit:e400a56f83dbd7357afa5495e4d4b95c79f121f8327818feec51bd82f4ac400c:segment:002,2,3462.0,3439,activities/093_260621150426.csv,1,1,0,0
fit:e400a56f83dbd7357afa5495e4d4b95c79f121f8327818feec51bd82f4ac400c,2026-06-21T14:02:10+00:00,174,204,176,89,11.21,99.20000000000005,38,fit:e400a56f83dbd7357afa5495e4d4b95c79f121f8327818feec51bd82f4ac400c:segment:002,2,3463.0,3440,activities/093_260621150426.csv,1,1,0,0
fit:e400a56f83dbd7357afa5495e4d4b95c79f121f8327818feec51bd82f4ac400c,2026-06-21T14:02:11+00:00,175,210,176,89,11.178,98.20000000000005,38,fit:e400a56f83dbd7357afa5495e4d4b95c79f121f8327818feec51bd82f4ac400c:segment:002,2,3464.0,3441,activities/093_260621150426.csv,1,1,0,0
fit:e400a56f83dbd7357afa5495e4d4b95c79f121f8327818feec51bd82f4ac400c,2026-06-21T14:02:12+00:00,176,210,176,89,11.191,98.20000000000005,38,fit:e400a56f83dbd7357afa5495e4d4b95c79f121f8327818feec51bd82f4ac400c:segment:002,2,3465.0,3442,activities/093_260621150426.csv,1,1,0,0
fit:e400a56f83dbd7357afa5495e4d4b95c79f121f8327818feec51bd82f4ac400c,2026-06-21T14:02:13+00:00,177,220,177,89,11.125,98.20000000000005,38,fit:e400a56f83dbd7357afa5495e4d4b95c79f121f8327818feec51bd82f4ac400c:segment:002,2,3466.0,3443,activities/093_260621150426.csv,1,1,0,0
fit:e400a56f83dbd7357afa5495e4d4b95c79f121f8327818feec51bd82f4ac400c,2026-06-21T14:02:14+00:00,178,218,177,88,11.058,98.20000000000005,38,fit:e400a56f83dbd7357afa5495e4d4b95c79f121f8327818feec51bd82f4ac400c:segment:002,2,3467.0,3444,activities/093_260621150426.csv,1,1,0,0
fit:e400a56f83dbd7357afa5495e4d4b95c79f121f8327818feec51bd82f4ac400c,2026-06-21T14:02:15+00:00,179,206,177,88,11.058,98.79999999999995,38,fit:e400a56f83dbd7357afa5495e4d4b95c79f121f8327818feec51bd82f4ac400c:segment:002,2,3468.0,3445,activities/093_260621150426.csv,1,1,0,0
fit:e400a56f83dbd7357afa5495e4d4b95c79f121f8327818feec51bd82f4ac400c,2026-06-21T14:02:16+00:00,180,219,177,88,11.128,98.79999999999995,38,fit:e400a56f83dbd7357afa5495e4d4b95c79f121f8327818feec51bd82f4ac400c:segment:002,2,3469.0,3446,activities/093_260621150426.csv,1,1,0,0
fit:e400a56f83dbd7357afa5495e4d4b95c79f121f8327818feec51bd82f4ac400c,2026-06-21T14:02:17+00:00,181,226,177,88,11.079,98.79999999999995,38,fit:e400a56f83dbd7357afa5495e4d4b95c79f121f8327818feec51bd82f4ac400c:segment:002,2,3470.0,3447,activities/093_260621150426.csv,1,1,0,0
fit:e400a56f83dbd7357afa5495e4d4b95c79f121f8327818feec51bd82f4ac400c,2026-06-21T14:02:18+00:00,182,190,177,88,11.067,98.39999999999998,38,fit:e400a56f83dbd7357afa5495e4d4b95c79f121f8327818feec51bd82f4ac400c:segment:002,2,3471.0,3448,activities/093_260621150426.csv,1,1,0,0
fit:e400a56f83dbd7357afa5495e4d4b95c79f121f8327818feec51bd82f4ac400c,2026-06-21T14:02:19+00:00,183,224,177,88,10.957,98.0,38,fit:e400a56f83dbd7357afa5495e4d4b95c79f121f8327818feec51bd82f4ac400c:segment:002,2,3472.0,3449,activities/093_260621150426.csv,1,1,0,0
fit:e400a56f83dbd7357afa5495e4d4b95c79f121f8327818feec51bd82f4ac400c,2026-06-21T14:02:20+00:00,184,221,177,88,10.916,98.0,38,fit:e400a56f83dbd7357afa5495e4d4b95c79f121f8327818feec51bd82f4ac400c:segment:002,2,3473.0,3450,activities/093_260621150426.csv,1,1,0,0
fit:e400a56f83dbd7357afa5495e4d4b95c79f121f8327818feec51bd82f4ac400c,2026-06-21T14:02:21+00:00,185,251,176,88,10.948,98.0,38,fit:e400a56f83dbd7357afa5495e4d4b95c79f121f8327818feec51bd82f4ac400c:segment:002,2,3474.0,3451,activities/093_260621150426.csv,1,1,0,0
fit:e400a56f83dbd7357afa5495e4d4b95c79f121f8327818feec51bd82f4ac400c,2026-06-21T14:02:22+00:00,186,179,176,87,10.982,98.0,38,fit:e400a56f83dbd7357afa5495e4d4b95c79f121f8327818feec51bd82f4ac400c:segment:002,2,3475.0,3452,activities/093_260621150426.csv,1,1,0,0
fit:e400a56f83dbd7357afa5495e4d4b95c79f121f8327818feec51bd82f4ac400c,2026-06-21T14:02:23+00:00,187,179,175,87,10.943,98.20000000000005,38,fit:e400a56f83dbd7357afa5495e4d4b95c79f121f8327818feec51bd82f4ac400c:segment:002,2,3476.0,3453,activities/093_260621150426.csv,1,1,0,0
fit:e400a56f83dbd7357afa5495e4d4b95c79f121f8327818feec51bd82f4ac400c,2026-06-21T14:02:24+00:00,188,224,175,87,10.904,98.20000000000005,38,fit:e400a56f83dbd7357afa5495e4d4b95c79f121f8327818feec51bd82f4ac400c:segment:002,2,3477.0,3454,activities/093_260621150426.csv,1,1,0,0
fit:e400a56f83dbd7357afa5495e4d4b95c79f121f8327818feec51bd82f4ac400c,2026-06-21T14:02:25+00:00,189,226,174,86,10.959,98.20000000000005,38,fit:e400a56f83dbd7357afa5495e4d4b95c79f121f8327818feec51bd82f4ac400c:segment:002,2,3478.0,3455,activities/093_260621150426.csv,1,1,0,0
fit:e400a56f83dbd7357afa5495e4d4b95c79f121f8327818feec51bd82f4ac400c,2026-06-21T14:02:26+00:00,190,235,174,86,10.932,97.39999999999998,38,fit:e400a56f83dbd7357afa5495e4d4b95c79f121f8327818feec51bd82f4ac400c:segment:002,2,3479.0,3456,activities/093_260621150426.csv,1,1,0,0
fit:e400a56f83dbd7357afa5495e4d4b95c79f121f8327818feec51bd82f4ac400c,2026-06-21T14:02:27+00:00,191,249,174,86,10.922,97.60000000000002,38,fit:e400a56f83dbd7357afa5495e4d4b95c79f121f8327818feec51bd82f4ac400c:segment:002,2,3480.0,3457,activities/093_260621150426.csv,1,1,0,0
fit:e400a56f83dbd7357afa5495e4d4b95c79f121f8327818feec51bd82f4ac400c,2026-06-21T14:02:28+00:00,192,215,174,86,10.863,97.60000000000002,38,fit:e400a56f83dbd7357afa5495e4d4b95c79f121f8327818feec51bd82f4ac400c:segment:002,2,3481.0,3458,activities/093_260621150426.csv,1,1,0,0
fit:e400a56f83dbd7357afa5495e4d4b95c79f121f8327818feec51bd82f4ac400c,2026-06-21T14:02:29+00:00,193,184,174,86,10.782,97.60000000000002,38,fit:e400a56f83dbd7357afa5495e4d4b95c79f121f8327818feec51bd82f4ac400c:segment:002,2,3482.0,3459,activities/093_260621150426.csv,1,1,0,0
fit:e400a56f83dbd7357afa5495e4d4b95c79f121f8327818feec51bd82f4ac400c,2026-06-21T14:02:30+00:00,194,207,173,86,10.767,97.60000000000002,38,fit:e400a56f83dbd7357afa5495e4d4b95c79f121f8327818feec51bd82f4ac400c:segment:002,2,3483.0,3460,activities/093_260621150426.csv,1,1,0,0
fit:e400a56f83dbd7357afa5495e4d4b95c79f121f8327818feec51bd82f4ac400c,2026-06-21T14:02:31+00:00,195,192,173,86,10.673,97.20000000000005,38,fit:e400a56f83dbd7357afa5495e4d4b95c79f121f8327818feec51bd82f4ac400c:segment:002,2,3484.0,3461,activities/093_260621150426.csv,1,1,0,0
fit:e400a56f83dbd7357afa5495e4d4b95c79f121f8327818feec51bd82f4ac400c,2026-06-21T14:02:32+00:00,196,197,173,86,10.698,97.20000000000005,38,fit:e400a56f83dbd7357afa5495e4d4b95c79f121f8327818feec51bd82f4ac400c:segment:002,2,3485.0,3462,activities/093_260621150426.csv,1,1,0,0
fit:e400a56f83dbd7357afa5495e4d4b95c79f121f8327818feec51bd82f4ac400c,2026-06-21T14:02:33+00:00,197,212,173,85,10.73,97.20000000000005,38,fit:e400a56f83dbd7357afa5495e4d4b95c79f121f8327818feec51bd82f4ac400c:segment:002,2,3486.0,3463,activities/093_260621150426.csv,1,1,0,0
fit:e400a56f83dbd7357afa5495e4d4b95c79f121f8327818feec51bd82f4ac400c,2026-06-21T14:02:34+00:00,198,240,173,85,10.714,97.20000000000005,38,fit:e400a56f83dbd7357afa5495e4d4b95c79f121f8327818feec51bd82f4ac400c:segment:002,2,3487.0,3464,activities/093_260621150426.csv,1,1,0,0
fit:e400a56f83dbd7357afa5495e4d4b95c79f121f8327818feec51bd82f4ac400c,2026-06-21T14:02:35+00:00,199,275,173,86,10.669,97.20000000000005,38,fit:e400a56f83dbd7357afa5495e4d4b95c79f121f8327818feec51bd82f4ac400c:segment:002,2,3488.0,3465,activities/093_260621150426.csv,1,1,0,0
fit:e400a56f83dbd7357afa5495e4d4b95c79f121f8327818feec51bd82f4ac400c,2026-06-21T14:02:36+00:00,200,235,173,86,10.75,97.20000000000005,38,fit:e400a56f83dbd7357afa5495e4d4b95c79f121f8327818feec51bd82f4ac400c:segment:002,2,3489.0,3466,activities/093_260621150426.csv,1,1,0,0
fit:e400a56f83dbd7357afa5495e4d4b95c79f121f8327818feec51bd82f4ac400c,2026-06-21T14:02:37+00:00,201,195,172,85,10.812,97.20000000000005,38,fit:e400a56f83dbd7357afa5495e4d4b95c79f121f8327818feec51bd82f4ac400c:segment:002,2,3490.0,3467,activities/093_260621150426.csv,1,1,0,0
fit:e400a56f83dbd7357afa5495e4d4b95c79f121f8327818feec51bd82f4ac400c,2026-06-21T14:02:38+00:00,202,196,172,85,10.754,97.20000000000005,38,fit:e400a56f83dbd7357afa5495e4d4b95c79f121f8327818feec51bd82f4ac400c:segment:002,2,3491.0,3468,activities/093_260621150426.csv,1,1,0,0
fit:e400a56f83dbd7357afa5495e4d4b95c79f121f8327818feec51bd82f4ac400c,2026-06-21T14:02:39+00:00,203,256,172,86,10.722,98.0,38,fit:e400a56f83dbd7357afa5495e4d4b95c79f121f8327818feec51bd82f4ac400c:segment:002,2,3492.0,3469,activities/093_260621150426.csv,1,1,0,0
fit:e400a56f83dbd7357afa5495e4d4b95c79f121f8327818feec51bd82f4ac400c,2026-06-21T14:02:40+00:00,204,244,173,86,10.701,98.0,38,fit:e400a56f83dbd7357afa5495e4d4b95c79f121f8327818feec51bd82f4ac400c:segment:002,2,3493.0,3470,activities/093_260621150426.csv,1,1,0,0
fit:e400a56f83dbd7357afa5495e4d4b95c79f121f8327818feec51bd82f4ac400c,2026-06-21T14:02:41+00:00,205,278,173,86,10.727,98.0,38,fit:e400a56f83dbd7357afa5495e4d4b95c79f121f8327818feec51bd82f4ac400c:segment:002,2,3494.0,3471,activities/093_260621150426.csv,1,1,0,0
fit:e400a56f83dbd7357afa5495e4d4b95c79f121f8327818feec51bd82f4ac400c,2026-06-21T14:02:42+00:00,206,284,173,86,10.743,97.20000000000005,38,fit:e400a56f83dbd7357afa5495e4d4b95c79f121f8327818feec51bd82f4ac400c:segment:002,2,3495.0,3472,activities/093_260621150426.csv,1,1,0,0
fit:e400a56f83dbd7357afa5495e4d4b95c79f121f8327818feec51bd82f4ac400c,2026-06-21T14:02:43+00:00,207,284,173,87,10.863,97.20000000000005,38,fit:e400a56f83dbd7357afa5495e4d4b95c79f121f8327818feec51bd82f4ac400c:segment:002,2,3496.0,3473,activities/093_260621150426.csv,1,1,0,0
fit:e400a56f83dbd7357afa5495e4d4b95c79f121f8327818feec51bd82f4ac400c,2026-06-21T14:02:44+00:00,208,284,173,87,10.966,97.20000000000005,38,fit:e400a56f83dbd7357afa5495e4d4b95c79f121f8327818feec51bd82f4ac400c:segment:002,2,3497.0,3474,activities/093_260621150426.csv,1,1,0,0
fit:e400a56f83dbd7357afa5495e4d4b95c79f121f8327818feec51bd82f4ac400c,2026-06-21T14:02:45+00:00,209,225,173,87,11.011,97.20000000000005,38,fit:e400a56f83dbd7357afa5495e4d4b95c79f121f8327818feec51bd82f4ac400c:segment:002,2,3498.0,3475,activities/093_260621150426.csv,1,1,0,0
fit:e400a56f83dbd7357afa5495e4d4b95c79f121f8327818feec51bd82f4ac400c,2026-06-21T14:02:46+00:00,210,188,174,87,11.005,97.20000000000005,38,fit:e400a56f83dbd7357afa5495e4d4b95c79f121f8327818feec51bd82f4ac400c:segment:002,2,3499.0,3476,activities/093_260621150426.csv,1,1,0,0
fit:e400a56f83dbd7357afa5495e4d4b95c79f121f8327818feec51bd82f4ac400c,2026-06-21T14:02:47+00:00,211,211,174,87,10.884,97.39999999999998,38,fit:e400a56f83dbd7357afa5495e4d4b95c79f121f8327818feec51bd82f4ac400c:segment:002,2,3500.0,3477,activities/093_260621150426.csv,1,1,0,0
fit:e400a56f83dbd7357afa5495e4d4b95c79f121f8327818feec51bd82f4ac400c,2026-06-21T14:02:48+00:00,212,211,174,87,10.941,97.39999999999998,38,fit:e400a56f83dbd7357afa5495e4d4b95c79f121f8327818feec51bd82f4ac400c:segment:002,2,3501.0,3478,activities/093_260621150426.csv,1,1,0,0
fit:e400a56f83dbd7357afa5495e4d4b95c79f121f8327818feec51bd82f4ac400c,2026-06-21T14:02:49+00:00,213,239,174,87,10.806,97.39999999999998,38,fit:e400a56f83dbd7357afa5495e4d4b95c79f121f8327818feec51bd82f4ac400c:segment:002,2,3502.0,3479,activities/093_260621150426.csv,1,1,0,0
fit:e400a56f83dbd7357afa5495e4d4b95c79f121f8327818feec51bd82f4ac400c,2026-06-21T14:02:50+00:00,214,298,175,87,10.824,96.39999999999998,38,fit:e400a56f83dbd7357afa5495e4d4b95c79f121f8327818feec51bd82f4ac400c:segment:002,2,3503.0,3480,activities/093_260621150426.csv,1,1,0,0
fit:e400a56f83dbd7357afa5495e4d4b95c79f121f8327818feec51bd82f4ac400c,2026-06-21T14:02:51+00:00,215,290,175,87,10.849,95.79999999999995,38,fit:e400a56f83dbd7357afa5495e4d4b95c79f121f8327818feec51bd82f4ac400c:segment:002,2,3504.0,3481,activities/093_260621150426.csv,1,1,0,0
fit:e400a56f83dbd7357afa5495e4d4b95c79f121f8327818feec51bd82f4ac400c,2026-06-21T14:02:52+00:00,216,275,175,88,10.892,95.79999999999995,38,fit:e400a56f83dbd7357afa5495e4d4b95c79f121f8327818feec51bd82f4ac400c:segment:002,2,3505.0,3482,activities/093_260621150426.csv,1,1,0,0
fit:e400a56f83dbd7357afa5495e4d4b95c79f121f8327818feec51bd82f4ac400c,2026-06-21T14:02:53+00:00,217,276,175,88,11.006,95.79999999999995,38,fit:e400a56f83dbd7357afa5495e4d4b95c79f121f8327818feec51bd82f4ac400c:segment:002,2,3506.0,3483,activities/093_260621150426.csv,1,1,0,0
fit:e400a56f83dbd7357afa5495e4d4b95c79f121f8327818feec51bd82f4ac400c,2026-06-21T14:02:54+00:00,218,252,175,88,10.999,95.79999999999995,38,fit:e400a56f83dbd7357afa5495e4d4b95c79f121f8327818feec51bd82f4ac400c:segment:002,2,3507.0,3484,activities/093_260621150426.csv,1,1,0,0
fit:e400a56f83dbd7357afa5495e4d4b95c79f121f8327818feec51bd82f4ac400c,2026-06-21T14:02:55+00:00,219,249,175,88,11.032,96.39999999999998,38,fit:e400a56f83dbd7357afa5495e4d4b95c79f121f8327818feec51bd82f4ac400c:segment:002,2,3508.0,3485,activities/093_260621150426.csv,1,1,0,0
fit:e400a56f83dbd7357afa5495e4d4b95c79f121f8327818feec51bd82f4ac400c,2026-06-21T14:02:56+00:00,220,248,175,89,11.112,96.39999999999998,38,fit:e400a56f83dbd7357afa5495e4d4b95c79f121f8327818feec51bd82f4ac400c:segment:002,2,3509.0,3486,activities/093_260621150426.csv,1,1,0,0
fit:e400a56f83dbd7357afa5495e4d4b95c79f121f8327818feec51bd82f4ac400c,2026-06-21T14:02:57+00:00,221,189,176,88,11.158,96.39999999999998,38,fit:e400a56f83dbd7357afa5495e4d4b95c79f121f8327818feec51bd82f4ac400c:segment:002,2,3510.0,3487,activities/093_260621150426.csv,1,1,0,0
fit:e400a56f83dbd7357afa5495e4d4b95c79f121f8327818feec51bd82f4ac400c,2026-06-21T14:02:58+00:00,222,226,176,88,11.211,96.39999999999998,38,fit:e400a56f83dbd7357afa5495e4d4b95c79f121f8327818feec51bd82f4ac400c:segment:002,2,3511.0,3488,activities/093_260621150426.csv,1,1,0,0
fit:e400a56f83dbd7357afa5495e4d4b95c79f121f8327818feec51bd82f4ac400c,2026-06-21T14:02:59+00:00,223,221,176,87,11.111,96.0,38,fit:e400a56f83dbd7357afa5495e4d4b95c79f121f8327818feec51bd82f4ac400c:segment:002,2,3512.0,3489,activities/093_260621150426.csv,1,1,0,0
fit:e400a56f83dbd7357afa5495e4d4b95c79f121f8327818feec51bd82f4ac400c,2026-06-21T14:03:00+00:00,224,211,176,87,11.089,96.0,38,fit:e400a56f83dbd7357afa5495e4d4b95c79f121f8327818feec51bd82f4ac400c:segment:002,2,3513.0,3490,activities/093_260621150426.csv,1,1,0,0
fit:e400a56f83dbd7357afa5495e4d4b95c79f121f8327818feec51bd82f4ac400c,2026-06-21T14:03:01+00:00,225,280,177,87,10.996,96.0,38,fit:e400a56f83dbd7357afa5495e4d4b95c79f121f8327818feec51bd82f4ac400c:segment:002,2,3514.0,3491,activities/093_260621150426.csv,1,1,0,0
fit:e400a56f83dbd7357afa5495e4d4b95c79f121f8327818feec51bd82f4ac400c,2026-06-21T14:03:02+00:00,226,275,177,86,11.015,95.0,38,fit:e400a56f83dbd7357afa5495e4d4b95c79f121f8327818feec51bd82f4ac400c:segment:002,2,3515.0,3492,activities/093_260621150426.csv,1,1,0,0
fit:e400a56f83dbd7357afa5495e4d4b95c79f121f8327818feec51bd82f4ac400c,2026-06-21T14:03:03+00:00,227,257,178,86,10.94,96.20000000000005,38,fit:e400a56f83dbd7357afa5495e4d4b95c79f121f8327818feec51bd82f4ac400c:segment:002,2,3516.0,3493,activities/093_260621150426.csv,1,1,0,0
fit:e400a56f83dbd7357afa5495e4d4b95c79f121f8327818feec51bd82f4ac400c,2026-06-21T14:03:04+00:00,228,272,178,86,10.836,96.20000000000005,38,fit:e400a56f83dbd7357afa5495e4d4b95c79f121f8327818feec51bd82f4ac400c:segment:002,2,3517.0,3494,activities/093_260621150426.csv,1,1,0,0
fit:e400a56f83dbd7357afa5495e4d4b95c79f121f8327818feec51bd82f4ac400c,2026-06-21T14:03:05+00:00,229,296,178,86,10.708,96.20000000000005,38,fit:e400a56f83dbd7357afa5495e4d4b95c79f121f8327818feec51bd82f4ac400c:segment:002,2,3518.0,3495,activities/093_260621150426.csv,1,1,0,0
fit:e400a56f83dbd7357afa5495e4d4b95c79f121f8327818feec51bd82f4ac400c,2026-06-21T14:03:06+00:00,230,238,178,86,10.686,95.20000000000005,38,fit:e400a56f83dbd7357afa5495e4d4b95c79f121f8327818feec51bd82f4ac400c:segment:002,2,3519.0,3496,activities/093_260621150426.csv,1,1,0,0
fit:e400a56f83dbd7357afa5495e4d4b95c79f121f8327818feec51bd82f4ac400c,2026-06-21T14:03:07+00:00,231,247,178,86,10.737,96.60000000000002,38,fit:e400a56f83dbd7357afa5495e4d4b95c79f121f8327818feec51bd82f4ac400c:segment:002,2,3520.0,3497,activities/093_260621150426.csv,1,1,0,0
fit:e400a56f83dbd7357afa5495e4d4b95c79f121f8327818feec51bd82f4ac400c,2026-06-21T14:03:08+00:00,232,225,178,86,10.816,96.60000000000002,38,fit:e400a56f83dbd7357afa5495e4d4b95c79f121f8327818feec51bd82f4ac400c:segment:002,2,3521.0,3498,activities/093_260621150426.csv,1,1,0,0
fit:e400a56f83dbd7357afa5495e4d4b95c79f121f8327818feec51bd82f4ac400c,2026-06-21T14:03:09+00:00,233,192,179,86,10.886,96.60000000000002,38,fit:e400a56f83dbd7357afa5495e4d4b95c79f121f8327818feec51bd82f4ac400c:segment:002,2,3522.0,3499,activities/093_260621150426.csv,1,1,0,0
fit:e400a56f83dbd7357afa5495e4d4b95c79f121f8327818feec51bd82f4ac400c,2026-06-21T14:03:10+00:00,234,288,178,86,10.899,95.60000000000002,38,fit:e400a56f83dbd7357afa5495e4d4b95c79f121f8327818feec51bd82f4ac400c:segment:002,2,3523.0,3500,activities/093_260621150426.csv,1,1,0,0
fit:e400a56f83dbd7357afa5495e4d4b95c79f121f8327818feec51bd82f4ac400c,2026-06-21T14:03:11+00:00,235,341,178,87,10.873,93.20000000000005,38,fit:e400a56f83dbd7357afa5495e4d4b95c79f121f8327818feec51bd82f4ac400c:segment:002,2,3524.0,3501,activities/093_260621150426.csv,1,1,0,0
fit:e400a56f83dbd7357afa5495e4d4b95c79f121f8327818feec51bd82f4ac400c,2026-06-21T14:03:12+00:00,236,258,178,86,10.838,93.20000000000005,38,fit:e400a56f83dbd7357afa5495e4d4b95c79f121f8327818feec51bd82f4ac400c:segment:002,2,3525.0,3502,activities/093_260621150426.csv,1,1,0,0
fit:e400a56f83dbd7357afa5495e4d4b95c79f121f8327818feec51bd82f4ac400c,2026-06-21T14:03:13+00:00,237,220,178,86,10.758,93.20000000000005,38,fit:e400a56f83dbd7357afa5495e4d4b95c79f121f8327818feec51bd82f4ac400c:segment:002,2,3526.0,3503,activities/093_260621150426.csv,1,1,0,0
fit:e400a56f83dbd7357afa5495e4d4b95c79f121f8327818feec51bd82f4ac400c,2026-06-21T14:03:14+00:00,238,196,178,87,10.73,94.20000000000005,38,fit:e400a56f83dbd7357afa5495e4d4b95c79f121f8327818feec51bd82f4ac400c:segment:002,2,3527.0,3504,activities/093_260621150426.csv,1,1,0,0
fit:e400a56f83dbd7357afa5495e4d4b95c79f121f8327818feec51bd82f4ac400c,2026-06-21T14:03:15+00:00,239,166,178,87,10.778,94.60000000000002,38,fit:e400a56f83dbd7357afa5495e4d4b95c79f121f8327818feec51bd82f4ac400c:segment:002,2,3528.0,3505,activities/093_260621150426.csv,1,1,0,0
fit:e400a56f83dbd7357afa5495e4d4b95c79f121f8327818feec51bd82f4ac400c,2026-06-21T14:03:16+00:00,240,246,177,86,10.812,94.60000000000002,38,fit:e400a56f83dbd7357afa5495e4d4b95c79f121f8327818feec51bd82f4ac400c:segment:002,2,3529.0,3506,activities/093_260621150426.csv,1,1,0,0
fit:e400a56f83dbd7357afa5495e4d4b95c79f121f8327818feec51bd82f4ac400c,2026-06-21T14:03:17+00:00,241,244,177,86,10.829,94.60000000000002,38,fit:e400a56f83dbd7357afa5495e4d4b95c79f121f8327818feec51bd82f4ac400c:segment:002,2,3530.0,3507,activities/093_260621150426.csv,1,1,0,0
fit:e400a56f83dbd7357afa5495e4d4b95c79f121f8327818feec51bd82f4ac400c,2026-06-21T14:03:18+00:00,242,225,176,86,10.839,94.60000000000002,38,fit:e400a56f83dbd7357afa5495e4d4b95c79f121f8327818feec51bd82f4ac400c:segment:002,2,3531.0,3508,activities/093_260621150426.csv,1,1,0,0
fit:e400a56f83dbd7357afa5495e4d4b95c79f121f8327818feec51bd82f4ac400c,2026-06-21T14:03:19+00:00,243,224,176,86,10.865,96.20000000000005,38,fit:e400a56f83dbd7357afa5495e4d4b95c79f121f8327818feec51bd82f4ac400c:segment:002,2,3532.0,3509,activities/093_260621150426.csv,1,1,0,0
fit:e400a56f83dbd7357afa5495e4d4b95c79f121f8327818feec51bd82f4ac400c,2026-06-21T14:03:20+00:00,244,207,176,86,10.9,96.20000000000005,38,fit:e400a56f83dbd7357afa5495e4d4b95c79f121f8327818feec51bd82f4ac400c:segment:002,2,3533.0,3510,activities/093_260621150426.csv,1,1,0,0
fit:e400a56f83dbd7357afa5495e4d4b95c79f121f8327818feec51bd82f4ac400c,2026-06-21T14:03:21+00:00,245,266,175,87,10.891,96.20000000000005,38,fit:e400a56f83dbd7357afa5495e4d4b95c79f121f8327818feec51bd82f4ac400c:segment:002,2,3534.0,3511,activities/093_260621150426.csv,1,1,0,0
fit:e400a56f83dbd7357afa5495e4d4b95c79f121f8327818feec51bd82f4ac400c,2026-06-21T14:03:22+00:00,246,224,176,86,10.829,95.20000000000005,38,fit:e400a56f83dbd7357afa5495e4d4b95c79f121f8327818feec51bd82f4ac400c:segment:002,2,3535.0,3512,activities/093_260621150426.csv,1,1,0,0
fit:e400a56f83dbd7357afa5495e4d4b95c79f121f8327818feec51bd82f4ac400c,2026-06-21T14:03:23+00:00,247,225,175,86,10.81,94.0,38,fit:e400a56f83dbd7357afa5495e4d4b95c79f121f8327818feec51bd82f4ac400c:segment:002,2,3536.0,3513,activities/093_260621150426.csv,1,1,0,0
fit:e400a56f83dbd7357afa5495e4d4b95c79f121f8327818feec51bd82f4ac400c,2026-06-21T14:03:24+00:00,248,182,175,86,10.779,94.0,38,fit:e400a56f83dbd7357afa5495e4d4b95c79f121f8327818feec51bd82f4ac400c:segment:002,2,3537.0,3514,activities/093_260621150426.csv,1,1,0,0
fit:e400a56f83dbd7357afa5495e4d4b95c79f121f8327818feec51bd82f4ac400c,2026-06-21T14:03:25+00:00,249,219,175,86,10.796,94.0,38,fit:e400a56f83dbd7357afa5495e4d4b95c79f121f8327818feec51bd82f4ac400c:segment:002,2,3538.0,3515,activities/093_260621150426.csv,1,1,0,0
fit:e400a56f83dbd7357afa5495e4d4b95c79f121f8327818feec51bd82f4ac400c,2026-06-21T14:03:26+00:00,250,231,175,86,10.802,94.0,38,fit:e400a56f83dbd7357afa5495e4d4b95c79f121f8327818feec51bd82f4ac400c:segment:002,2,3539.0,3516,activities/093_260621150426.csv,1,1,0,0
fit:e400a56f83dbd7357afa5495e4d4b95c79f121f8327818feec51bd82f4ac400c,2026-06-21T14:03:27+00:00,251,272,175,87,10.841,95.20000000000005,38,fit:e400a56f83dbd7357afa5495e4d4b95c79f121f8327818feec51bd82f4ac400c:segment:002,2,3540.0,3517,activities/093_260621150426.csv,1,1,0,0
fit:e400a56f83dbd7357afa5495e4d4b95c79f121f8327818feec51bd82f4ac400c,2026-06-21T14:03:28+00:00,252,272,175,87,10.88,95.20000000000005,38,fit:e400a56f83dbd7357afa5495e4d4b95c79f121f8327818feec51bd82f4ac400c:segment:002,2,3541.0,3518,activities/093_260621150426.csv,1,1,0,0
fit:e400a56f83dbd7357afa5495e4d4b95c79f121f8327818feec51bd82f4ac400c,2026-06-21T14:03:29+00:00,253,242,175,87,10.9,95.20000000000005,38,fit:e400a56f83dbd7357afa5495e4d4b95c79f121f8327818feec51bd82f4ac400c:segment:002,2,3542.0,3519,activities/093_260621150426.csv,1,1,0,0
fit:e400a56f83dbd7357afa5495e4d4b95c79f121f8327818feec51bd82f4ac400c,2026-06-21T14:03:30+00:00,254,242,175,86,10.891,94.60000000000002,38,fit:e400a56f83dbd7357afa5495e4d4b95c79f121f8327818feec51bd82f4ac400c:segment:002,2,3543.0,3520,activities/093_260621150426.csv,1,1,0,0
fit:e400a56f83dbd7357afa5495e4d4b95c79f121f8327818feec51bd82f4ac400c,2026-06-21T14:03:31+00:00,255,218,175,86,10.912,93.0,38,fit:e400a56f83dbd7357afa5495e4d4b95c79f121f8327818feec51bd82f4ac400c:segment:002,2,3544.0,3521,activities/093_260621150426.csv,1,1,0,0
fit:e400a56f83dbd7357afa5495e4d4b95c79f121f8327818feec51bd82f4ac400c,2026-06-21T14:03:32+00:00,256,216,175,85,10.754,93.0,38,fit:e400a56f83dbd7357afa5495e4d4b95c79f121f8327818feec51bd82f4ac400c:segment:002,2,3545.0,3522,activities/093_260621150426.csv,1,1,0,0
fit:e400a56f83dbd7357afa5495e4d4b95c79f121f8327818feec51bd82f4ac400c,2026-06-21T14:03:33+00:00,257,171,176,84,10.714,93.0,38,fit:e400a56f83dbd7357afa5495e4d4b95c79f121f8327818feec51bd82f4ac400c:segment:002,2,3546.0,3523,activities/093_260621150426.csv,1,1,0,0
fit:e400a56f83dbd7357afa5495e4d4b95c79f121f8327818feec51bd82f4ac400c,2026-06-21T14:03:34+00:00,258,202,176,84,10.631,94.0,38,fit:e400a56f83dbd7357afa5495e4d4b95c79f121f8327818feec51bd82f4ac400c:segment:002,2,3547.0,3524,activities/093_260621150426.csv,1,1,0,0
fit:e400a56f83dbd7357afa5495e4d4b95c79f121f8327818feec51bd82f4ac400c,2026-06-21T14:03:35+00:00,259,202,177,83,10.519,93.60000000000002,38,fit:e400a56f83dbd7357afa5495e4d4b95c79f121f8327818feec51bd82f4ac400c:segment:002,2,3548.0,3525,activities/093_260621150426.csv,1,1,0,0
fit:e400a56f83dbd7357afa5495e4d4b95c79f121f8327818feec51bd82f4ac400c,2026-06-21T14:03:36+00:00,260,200,177,82,10.377,93.60000000000002,38,fit:e400a56f83dbd7357afa5495e4d4b95c79f121f8327818feec51bd82f4ac400c:segment:002,2,3549.0,3526,activities/093_260621150426.csv,1,1,0,0
fit:e400a56f83dbd7357afa5495e4d4b95c79f121f8327818feec51bd82f4ac400c,2026-06-21T14:03:37+00:00,261,191,177,82,10.339,93.60000000000002,38,fit:e400a56f83dbd7357afa5495e4d4b95c79f121f8327818feec51bd82f4ac400c:segment:002,2,3550.0,3527,activities/093_260621150426.csv,1,1,0,0
fit:e400a56f83dbd7357afa5495e4d4b95c79f121f8327818feec51bd82f4ac400c,2026-06-21T14:03:38+00:00,262,229,177,82,10.282,94.60000000000002,38,fit:e400a56f83dbd7357afa5495e4d4b95c79f121f8327818feec51bd82f4ac400c:segment:002,2,3551.0,3528,activities/093_260621150426.csv,1,1,0,0
fit:e400a56f83dbd7357afa5495e4d4b95c79f121f8327818feec51bd82f4ac400c,2026-06-21T14:03:39+00:00,263,229,177,82,10.308,93.60000000000002,38,fit:e400a56f83dbd7357afa5495e4d4b95c79f121f8327818feec51bd82f4ac400c:segment:002,2,3552.0,3529,activities/093_260621150426.csv,1,1,0,0
fit:e400a56f83dbd7357afa5495e4d4b95c79f121f8327818feec51bd82f4ac400c,2026-06-21T14:03:40+00:00,264,250,178,82,10.256,93.60000000000002,38,fit:e400a56f83dbd7357afa5495e4d4b95c79f121f8327818feec51bd82f4ac400c:segment:002,2,3553.0,3530,activities/093_260621150426.csv,1,1,0,0
fit:e400a56f83dbd7357afa5495e4d4b95c79f121f8327818feec51bd82f4ac400c,2026-06-21T14:03:41+00:00,265,218,178,82,10.185,93.60000000000002,38,fit:e400a56f83dbd7357afa5495e4d4b95c79f121f8327818feec51bd82f4ac400c:segment:002,2,3554.0,3531,activities/093_260621150426.csv,1,1,0,0
fit:e400a56f83dbd7357afa5495e4d4b95c79f121f8327818feec51bd82f4ac400c,2026-06-21T14:03:42+00:00,266,209,178,81,10.118,94.0,38,fit:e400a56f83dbd7357afa5495e4d4b95c79f121f8327818feec51bd82f4ac400c:segment:002,2,3555.0,3532,activities/093_260621150426.csv,1,1,0,0
fit:e400a56f83dbd7357afa5495e4d4b95c79f121f8327818feec51bd82f4ac400c,2026-06-21T14:03:43+00:00,267,206,179,81,10.139,93.0,38,fit:e400a56f83dbd7357afa5495e4d4b95c79f121f8327818feec51bd82f4ac400c:segment:002,2,3556.0,3533,activities/093_260621150426.csv,1,1,0,0
fit:e400a56f83dbd7357afa5495e4d4b95c79f121f8327818feec51bd82f4ac400c,2026-06-21T14:03:44+00:00,268,197,179,81,10.183,93.0,38,fit:e400a56f83dbd7357afa5495e4d4b95c79f121f8327818feec51bd82f4ac400c:segment:002,2,3557.0,3534,activities/093_260621150426.csv,1,1,0,0
fit:e400a56f83dbd7357afa5495e4d4b95c79f121f8327818feec51bd82f4ac400c,2026-06-21T14:03:45+00:00,269,128,179,86,10.206,93.0,38,fit:e400a56f83dbd7357afa5495e4d4b95c79f121f8327818feec51bd82f4ac400c:segment:002,2,3558.0,3535,activities/093_260621150426.csv,1,1,0,0
fit:e400a56f83dbd7357afa5495e4d4b95c79f121f8327818feec51bd82f4ac400c,2026-06-21T14:03:46+00:00,270,226,179,90,10.086,93.0,38,fit:e400a56f83dbd7357afa5495e4d4b95c79f121f8327818feec51bd82f4ac400c:segment:002,2,3559.0,3536,activities/093_260621150426.csv,1,1,0,0
fit:e400a56f83dbd7357afa5495e4d4b95c79f121f8327818feec51bd82f4ac400c,2026-06-21T14:03:47+00:00,271,217,179,91,10.021,94.0,38,fit:e400a56f83dbd7357afa5495e4d4b95c79f121f8327818feec51bd82f4ac400c:segment:002,2,3560.0,3537,activities/093_260621150426.csv,1,1,0,0
fit:e400a56f83dbd7357afa5495e4d4b95c79f121f8327818feec51bd82f4ac400c,2026-06-21T14:03:48+00:00,272,173,179,91,10.055,94.0,38,fit:e400a56f83dbd7357afa5495e4d4b95c79f121f8327818feec51bd82f4ac400c:segment:002,2,3561.0,3538,activities/093_260621150426.csv,1,1,0,0
fit:e400a56f83dbd7357afa5495e4d4b95c79f121f8327818feec51bd82f4ac400c,2026-06-21T14:03:49+00:00,273,182,178,91,10.084,94.0,38,fit:e400a56f83dbd7357afa5495e4d4b95c79f121f8327818feec51bd82f4ac400c:segment:002,2,3562.0,3539,activities/093_260621150426.csv,1,1,0,0
fit:e400a56f83dbd7357afa5495e4d4b95c79f121f8327818feec51bd82f4ac400c,2026-06-21T14:03:50+00:00,274,182,178,92,10.133,93.60000000000002,38,fit:e400a56f83dbd7357afa5495e4d4b95c79f121f8327818feec51bd82f4ac400c:segment:002,2,3563.0,3540,activities/093_260621150426.csv,1,1,0,0
fit:e400a56f83dbd7357afa5495e4d4b95c79f121f8327818feec51bd82f4ac400c,2026-06-21T14:03:51+00:00,275,176,178,92,10.209,93.20000000000005,38,fit:e400a56f83dbd7357afa5495e4d4b95c79f121f8327818feec51bd82f4ac400c:segment:002,2,3564.0,3541,activities/093_260621150426.csv,1,1,0,0
fit:e400a56f83dbd7357afa5495e4d4b95c79f121f8327818feec51bd82f4ac400c,2026-06-21T14:03:52+00:00,276,174,177,92,10.263,93.20000000000005,38,fit:e400a56f83dbd7357afa5495e4d4b95c79f121f8327818feec51bd82f4ac400c:segment:002,2,3565.0,3542,activities/093_260621150426.csv,1,1,0,0
fit:e400a56f83dbd7357afa5495e4d4b95c79f121f8327818feec51bd82f4ac400c,2026-06-21T14:03:53+00:00,277,198,177,92,10.185,93.20000000000005,38,fit:e400a56f83dbd7357afa5495e4d4b95c79f121f8327818feec51bd82f4ac400c:segment:002,2,3566.0,3543,activities/093_260621150426.csv,1,1,0,0
fit:e400a56f83dbd7357afa5495e4d4b95c79f121f8327818feec51bd82f4ac400c,2026-06-21T14:03:54+00:00,278,198,177,92,10.233,93.60000000000002,38,fit:e400a56f83dbd7357afa5495e4d4b95c79f121f8327818feec51bd82f4ac400c:segment:002,2,3567.0,3544,activities/093_260621150426.csv,1,1,0,0
fit:e400a56f83dbd7357afa5495e4d4b95c79f121f8327818feec51bd82f4ac400c,2026-06-21T14:03:55+00:00,279,205,176,91,10.149,94.20000000000005,38,fit:e400a56f83dbd7357afa5495e4d4b95c79f121f8327818feec51bd82f4ac400c:segment:002,2,3568.0,3545,activities/093_260621150426.csv,1,1,0,0
fit:e400a56f83dbd7357afa5495e4d4b95c79f121f8327818feec51bd82f4ac400c,2026-06-21T14:03:56+00:00,280,224,176,91,10.196,94.20000000000005,38,fit:e400a56f83dbd7357afa5495e4d4b95c79f121f8327818feec51bd82f4ac400c:segment:002,2,3569.0,3546,activities/093_260621150426.csv,1,1,0,0
fit:e400a56f83dbd7357afa5495e4d4b95c79f121f8327818feec51bd82f4ac400c,2026-06-21T14:03:57+00:00,281,183,175,91,10.143,94.20000000000005,38,fit:e400a56f83dbd7357afa5495e4d4b95c79f121f8327818feec51bd82f4ac400c:segment:002,2,3570.0,3547,activities/093_260621150426.csv,1,1,0,0
fit:e400a56f83dbd7357afa5495e4d4b95c79f121f8327818feec51bd82f4ac400c,2026-06-21T14:03:58+00:00,282,195,175,91,10.113,93.39999999999998,38,fit:e400a56f83dbd7357afa5495e4d4b95c79f121f8327818feec51bd82f4ac400c:segment:002,2,3571.0,3548,activities/093_260621150426.csv,1,1,0,0
fit:e400a56f83dbd7357afa5495e4d4b95c79f121f8327818feec51bd82f4ac400c,2026-06-21T14:03:59+00:00,283,174,174,91,10.076,94.20000000000005,38,fit:e400a56f83dbd7357afa5495e4d4b95c79f121f8327818feec51bd82f4ac400c:segment:002,2,3572.0,3549,activities/093_260621150426.csv,1,1,0,0
fit:e400a56f83dbd7357afa5495e4d4b95c79f121f8327818feec51bd82f4ac400c,2026-06-21T14:04:00+00:00,284,185,173,91,10.046,94.20000000000005,38,fit:e400a56f83dbd7357afa5495e4d4b95c79f121f8327818feec51bd82f4ac400c:segment:002,2,3573.0,3550,activities/093_260621150426.csv,1,1,0,0
fit:e400a56f83dbd7357afa5495e4d4b95c79f121f8327818feec51bd82f4ac400c,2026-06-21T14:04:01+00:00,285,161,173,91,10.021,94.20000000000005,38,fit:e400a56f83dbd7357afa5495e4d4b95c79f121f8327818feec51bd82f4ac400c:segment:002,2,3574.0,3551,activities/093_260621150426.csv,1,1,0,0
fit:e400a56f83dbd7357afa5495e4d4b95c79f121f8327818feec51bd82f4ac400c,2026-06-21T14:04:02+00:00,286,201,173,91,10.021,93.20000000000005,38,fit:e400a56f83dbd7357afa5495e4d4b95c79f121f8327818feec51bd82f4ac400c:segment:002,2,3575.0,3552,activities/093_260621150426.csv,1,1,0,0
fit:e400a56f83dbd7357afa5495e4d4b95c79f121f8327818feec51bd82f4ac400c,2026-06-21T14:04:03+00:00,287,194,173,92,10.038,94.0,38,fit:e400a56f83dbd7357afa5495e4d4b95c79f121f8327818feec51bd82f4ac400c:segment:002,2,3576.0,3553,activities/093_260621150426.csv,1,1,0,0
fit:e400a56f83dbd7357afa5495e4d4b95c79f121f8327818feec51bd82f4ac400c,2026-06-21T14:04:04+00:00,288,195,173,92,10.082,94.0,38,fit:e400a56f83dbd7357afa5495e4d4b95c79f121f8327818feec51bd82f4ac400c:segment:002,2,3577.0,3554,activities/093_260621150426.csv,1,1,0,0
fit:e400a56f83dbd7357afa5495e4d4b95c79f121f8327818feec51bd82f4ac400c,2026-06-21T14:04:05+00:00,289,150,173,91,10.091,94.0,38,fit:e400a56f83dbd7357afa5495e4d4b95c79f121f8327818feec51bd82f4ac400c:segment:002,2,3578.0,3555,activities/093_260621150426.csv,1,1,0,0
fit:e400a56f83dbd7357afa5495e4d4b95c79f121f8327818feec51bd82f4ac400c,2026-06-21T14:04:06+00:00,290,208,172,91,10.132,94.0,38,fit:e400a56f83dbd7357afa5495e4d4b95c79f121f8327818feec51bd82f4ac400c:segment:002,2,3579.0,3556,activities/093_260621150426.csv,1,1,0,0
fit:e400a56f83dbd7357afa5495e4d4b95c79f121f8327818feec51bd82f4ac400c,2026-06-21T14:04:07+00:00,291,246,172,91,10.15,93.60000000000002,38,fit:e400a56f83dbd7357afa5495e4d4b95c79f121f8327818feec51bd82f4ac400c:segment:002,2,3580.0,3557,activities/093_260621150426.csv,1,1,0,0
fit:e400a56f83dbd7357afa5495e4d4b95c79f121f8327818feec51bd82f4ac400c,2026-06-21T14:04:08+00:00,292,190,172,92,10.169,93.60000000000002,38,fit:e400a56f83dbd7357afa5495e4d4b95c79f121f8327818feec51bd82f4ac400c:segment:002,2,3581.0,3558,activities/093_260621150426.csv,1,1,0,0
fit:e400a56f83dbd7357afa5495e4d4b95c79f121f8327818feec51bd82f4ac400c,2026-06-21T14:04:09+00:00,293,174,172,92,10.229,93.60000000000002,38,fit:e400a56f83dbd7357afa5495e4d4b95c79f121f8327818feec51bd82f4ac400c:segment:002,2,3582.0,3559,activities/093_260621150426.csv,1,1,0,0
fit:e400a56f83dbd7357afa5495e4d4b95c79f121f8327818feec51bd82f4ac400c,2026-06-21T14:04:10+00:00,294,138,171,92,10.209,93.60000000000002,38,fit:e400a56f83dbd7357afa5495e4d4b95c79f121f8327818feec51bd82f4ac400c:segment:002,2,3583.0,3560,activities/093_260621150426.csv,1,1,0,0
fit:e400a56f83dbd7357afa5495e4d4b95c79f121f8327818feec51bd82f4ac400c,2026-06-21T14:04:11+00:00,295,180,171,92,10.242,93.60000000000002,38,fit:e400a56f83dbd7357afa5495e4d4b95c79f121f8327818feec51bd82f4ac400c:segment:002,2,3584.0,3561,activities/093_260621150426.csv,1,1,0,0
fit:e400a56f83dbd7357afa5495e4d4b95c79f121f8327818feec51bd82f4ac400c,2026-06-21T14:04:12+00:00,296,192,171,92,10.164,93.60000000000002,38,fit:e400a56f83dbd7357afa5495e4d4b95c79f121f8327818feec51bd82f4ac400c:segment:002,2,3585.0,3562,activities/093_260621150426.csv,1,1,0,0
fit:e400a56f83dbd7357afa5495e4d4b95c79f121f8327818feec51bd82f4ac400c,2026-06-21T14:04:13+00:00,297,223,171,92,10.108,93.60000000000002,38,fit:e400a56f83dbd7357afa5495e4d4b95c79f121f8327818feec51bd82f4ac400c:segment:002,2,3586.0,3563,activities/093_260621150426.csv,1,1,0,0
fit:e400a56f83dbd7357afa5495e4d4b95c79f121f8327818feec51bd82f4ac400c,2026-06-21T14:04:14+00:00,298,172,171,92,10.095,93.39999999999998,38,fit:e400a56f83dbd7357afa5495e4d4b95c79f121f8327818feec51bd82f4ac400c:segment:002,2,3587.0,3564,activities/093_260621150426.csv,1,1,0,0
fit:e400a56f83dbd7357afa5495e4d4b95c79f121f8327818feec51bd82f4ac400c,2026-06-21T14:04:15+00:00,299,216,170,92,10.09,92.60000000000002,38,fit:e400a56f83dbd7357afa5495e4d4b95c79f121f8327818feec51bd82f4ac400c:segment:002,2,3588.0,3565,activities/093_260621150426.csv,1,1,0,0
fit:e400a56f83dbd7357afa5495e4d4b95c79f121f8327818feec51bd82f4ac400c,2026-06-21T14:04:16+00:00,300,197,170,92,10.095,92.60000000000002,38,fit:e400a56f83dbd7357afa5495e4d4b95c79f121f8327818feec51bd82f4ac400c:segment:002,2,3589.0,3566,activities/093_260621150426.csv,1,1,0,0
fit:e400a56f83dbd7357afa5495e4d4b95c79f121f8327818feec51bd82f4ac400c,2026-06-21T14:04:17+00:00,301,194,170,92,10.117,92.60000000000002,38,fit:e400a56f83dbd7357afa5495e4d4b95c79f121f8327818feec51bd82f4ac400c:segment:002,2,3590.0,3567,activities/093_260621150426.csv,1,1,0,0
fit:e400a56f83dbd7357afa5495e4d4b95c79f121f8327818feec51bd82f4ac400c,2026-06-21T14:04:18+00:00,302,189,170,92,10.162,92.60000000000002,38,fit:e400a56f83dbd7357afa5495e4d4b95c79f121f8327818feec51bd82f4ac400c:segment:002,2,3591.0,3568,activities/093_260621150426.csv,1,1,0,0
fit:e400a56f83dbd7357afa5495e4d4b95c79f121f8327818feec51bd82f4ac400c,2026-06-21T14:04:19+00:00,303,257,170,92,10.143,93.39999999999998,38,fit:e400a56f83dbd7357afa5495e4d4b95c79f121f8327818feec51bd82f4ac400c:segment:002,2,3592.0,3569,activities/093_260621150426.csv,1,1,0,0
fit:e400a56f83dbd7357afa5495e4d4b95c79f121f8327818feec51bd82f4ac400c,2026-06-21T14:04:20+00:00,304,180,170,92,10.166,93.39999999999998,38,fit:e400a56f83dbd7357afa5495e4d4b95c79f121f8327818feec51bd82f4ac400c:segment:002,2,3593.0,3570,activities/093_260621150426.csv,1,1,0,0
fit:e400a56f83dbd7357afa5495e4d4b95c79f121f8327818feec51bd82f4ac400c,2026-06-21T14:04:21+00:00,305,194,170,92,10.222,93.39999999999998,38,fit:e400a56f83dbd7357afa5495e4d4b95c79f121f8327818feec51bd82f4ac400c:segment:002,2,3594.0,3571,activities/093_260621150426.csv,1,1,0,0
fit:e400a56f83dbd7357afa5495e4d4b95c79f121f8327818feec51bd82f4ac400c,2026-06-21T14:04:22+00:00,306,207,170,93,10.257,93.39999999999998,38,fit:e400a56f83dbd7357afa5495e4d4b95c79f121f8327818feec51bd82f4ac400c:segment:002,2,3595.0,3572,activities/093_260621150426.csv,1,1,0,0
fit:e400a56f83dbd7357afa5495e4d4b95c79f121f8327818feec51bd82f4ac400c,2026-06-21T14:04:23+00:00,307,181,170,93,10.25,92.79999999999995,38,fit:e400a56f83dbd7357afa5495e4d4b95c79f121f8327818feec51bd82f4ac400c:segment:002,2,3596.0,3573,activities/093_260621150426.csv,1,1,0,0
fit:e400a56f83dbd7357afa5495e4d4b95c79f121f8327818feec51bd82f4ac400c,2026-06-21T14:04:24+00:00,308,204,170,93,10.306,92.79999999999995,38,fit:e400a56f83dbd7357afa5495e4d4b95c79f121f8327818feec51bd82f4ac400c:segment:002,2,3597.0,3574,activities/093_260621150426.csv,1,1,0,0
fit:e400a56f83dbd7357afa5495e4d4b95c79f121f8327818feec51bd82f4ac400c,2026-06-21T14:04:25+00:00,309,175,169,93,10.296,92.79999999999995,38,fit:e400a56f83dbd7357afa5495e4d4b95c79f121f8327818feec51bd82f4ac400c:segment:002,2,3598.0,3575,activities/093_260621150426.csv,1,1,0,0
fit:e400a56f83dbd7357afa5495e4d4b95c79f121f8327818feec51bd82f4ac400c,2026-06-21T14:04:26+00:00,310,148,169,93,10.313,92.79999999999995,38,fit:e400a56f83dbd7357afa5495e4d4b95c79f121f8327818feec51bd82f4ac400c:segment:002,2,3599.0,3576,activities/093_260621150426.csv,1,1,0,0
fit:e400a56f83dbd7357afa5495e4d4b95c79f121f8327818feec51bd82f4ac400c,2026-06-21T14:04:27+00:00,311,189,169,93,10.305,93.0,38,fit:e400a56f83dbd7357afa5495e4d4b95c79f121f8327818feec51bd82f4ac400c:segment:002,2,3600.0,3577,activities/093_260621150426.csv,1,1,0,0
fit:e400a56f83dbd7357afa5495e4d4b95c79f121f8327818feec51bd82f4ac400c,2026-06-21T14:04:28+00:00,312,152,169,94,10.342,93.0,38,fit:e400a56f83dbd7357afa5495e4d4b95c79f121f8327818feec51bd82f4ac400c:segment:002,2,3601.0,3578,activities/093_260621150426.csv,1,1,0,0
fit:e400a56f83dbd7357afa5495e4d4b95c79f121f8327818feec51bd82f4ac400c,2026-06-21T14:04:29+00:00,313,151,169,94,10.376,93.0,38,fit:e400a56f83dbd7357afa5495e4d4b95c79f121f8327818feec51bd82f4ac400c:segment:002,2,3602.0,3579,activities/093_260621150426.csv,1,1,0,0
fit:e400a56f83dbd7357afa5495e4d4b95c79f121f8327818feec51bd82f4ac400c,2026-06-21T14:04:30+00:00,314,173,169,94,10.342,93.0,38,fit:e400a56f83dbd7357afa5495e4d4b95c79f121f8327818feec51bd82f4ac400c:segment:002,2,3603.0,3580,activities/093_260621150426.csv,1,1,0,0
fit:e400a56f83dbd7357afa5495e4d4b95c79f121f8327818feec51bd82f4ac400c,2026-06-21T14:04:31+00:00,315,177,168,94,10.354,92.39999999999998,38,fit:e400a56f83dbd7357afa5495e4d4b95c79f121f8327818feec51bd82f4ac400c:segment:002,2,3604.0,3581,activities/093_260621150426.csv,1,1,0,0
fit:e400a56f83dbd7357afa5495e4d4b95c79f121f8327818feec51bd82f4ac400c,2026-06-21T14:04:32+00:00,316,211,168,93,10.342,92.39999999999998,38,fit:e400a56f83dbd7357afa5495e4d4b95c79f121f8327818feec51bd82f4ac400c:segment:002,2,3605.0,3582,activities/093_260621150426.csv,1,1,0,0
fit:e400a56f83dbd7357afa5495e4d4b95c79f121f8327818feec51bd82f4ac400c,2026-06-21T14:04:33+00:00,317,244,168,93,10.319,92.39999999999998,38,fit:e400a56f83dbd7357afa5495e4d4b95c79f121f8327818feec51bd82f4ac400c:segment:002,2,3606.0,3583,activities/093_260621150426.csv,1,1,0,0
fit:e400a56f83dbd7357afa5495e4d4b95c79f121f8327818feec51bd82f4ac400c,2026-06-21T14:04:34+00:00,318,207,168,93,10.214,91.60000000000002,38,fit:e400a56f83dbd7357afa5495e4d4b95c79f121f8327818feec51bd82f4ac400c:segment:002,2,3607.0,3584,activities/093_260621150426.csv,1,1,0,0
fit:e400a56f83dbd7357afa5495e4d4b95c79f121f8327818feec51bd82f4ac400c,2026-06-21T14:04:35+00:00,319,208,168,93,10.148,92.20000000000005,38,fit:e400a56f83dbd7357afa5495e4d4b95c79f121f8327818feec51bd82f4ac400c:segment:002,2,3608.0,3585,activities/093_260621150426.csv,1,1,0,0
fit:e400a56f83dbd7357afa5495e4d4b95c79f121f8327818feec51bd82f4ac400c,2026-06-21T14:04:36+00:00,320,183,168,92,10.167,92.20000000000005,38,fit:e400a56f83dbd7357afa5495e4d4b95c79f121f8327818feec51bd82f4ac400c:segment:002,2,3609.0,3586,activities/093_260621150426.csv,1,1,0,0
fit:e400a56f83dbd7357afa5495e4d4b95c79f121f8327818feec51bd82f4ac400c,2026-06-21T14:04:37+00:00,321,226,168,92,10.161,92.20000000000005,38,fit:e400a56f83dbd7357afa5495e4d4b95c79f121f8327818feec51bd82f4ac400c:segment:002,2,3610.0,3587,activities/093_260621150426.csv,1,1,0,0
fit:e400a56f83dbd7357afa5495e4d4b95c79f121f8327818feec51bd82f4ac400c,2026-06-21T14:04:38+00:00,322,226,169,92,10.231,92.20000000000005,38,fit:e400a56f83dbd7357afa5495e4d4b95c79f121f8327818feec51bd82f4ac400c:segment:002,2,3611.0,3588,activities/093_260621150426.csv,1,1,0,0
fit:e400a56f83dbd7357afa5495e4d4b95c79f121f8327818feec51bd82f4ac400c,2026-06-21T14:04:39+00:00,323,262,169,93,10.195,91.79999999999995,38,fit:e400a56f83dbd7357afa5495e4d4b95c79f121f8327818feec51bd82f4ac400c:segment:002,2,3612.0,3589,activities/093_260621150426.csv,1,1,0,0
fit:e400a56f83dbd7357afa5495e4d4b95c79f121f8327818feec51bd82f4ac400c,2026-06-21T14:04:40+00:00,324,268,169,94,10.21,91.79999999999995,38,fit:e400a56f83dbd7357afa5495e4d4b95c79f121f8327818feec51bd82f4ac400c:segment:002,2,3613.0,3590,activities/093_260621150426.csv,1,1,0,0
fit:e400a56f83dbd7357afa5495e4d4b95c79f121f8327818feec51bd82f4ac400c,2026-06-21T14:04:41+00:00,325,252,169,94,10.235,91.79999999999995,38,fit:e400a56f83dbd7357afa5495e4d4b95c79f121f8327818feec51bd82f4ac400c:segment:002,2,3614.0,3591,activities/093_260621150426.csv,1,1,0,0
fit:e400a56f83dbd7357afa5495e4d4b95c79f121f8327818feec51bd82f4ac400c,2026-06-21T14:04:42+00:00,326,192,169,95,10.225,91.79999999999995,38,fit:e400a56f83dbd7357afa5495e4d4b95c79f121f8327818feec51bd82f4ac400c:segment:002,2,3615.0,3592,activities/093_260621150426.csv,1,1,0,0
fit:e400a56f83dbd7357afa5495e4d4b95c79f121f8327818feec51bd82f4ac400c,2026-06-21T14:04:43+00:00,327,107,169,95,10.348,91.0,38,fit:e400a56f83dbd7357afa5495e4d4b95c79f121f8327818feec51bd82f4ac400c:segment:002,2,3616.0,3593,activities/093_260621150426.csv,1,1,0,0
fit:e400a56f83dbd7357afa5495e4d4b95c79f121f8327818feec51bd82f4ac400c,2026-06-21T14:04:44+00:00,328,27,170,86,10.444,91.0,38,fit:e400a56f83dbd7357afa5495e4d4b95c79f121f8327818feec51bd82f4ac400c:segment:002,2,3617.0,3594,activities/093_260621150426.csv,1,1,0,0
fit:e400a56f83dbd7357afa5495e4d4b95c79f121f8327818feec51bd82f4ac400c,2026-06-21T14:04:45+00:00,329,27,170,86,10.403,91.0,38,fit:e400a56f83dbd7357afa5495e4d4b95c79f121f8327818feec51bd82f4ac400c:segment:002,2,3618.0,3595,activities/093_260621150426.csv,1,1,0,0
fit:e400a56f83dbd7357afa5495e4d4b95c79f121f8327818feec51bd82f4ac400c,2026-06-21T14:04:46+00:00,330,27,170,86,10.277,92.0,38,fit:e400a56f83dbd7357afa5495e4d4b95c79f121f8327818feec51bd82f4ac400c:segment:002,2,3619.0,3596,activities/093_260621150426.csv,1,1,0,0
fit:e400a56f83dbd7357afa5495e4d4b95c79f121f8327818feec51bd82f4ac400c,2026-06-21T14:04:47+00:00,331,0,170,0,10.081,92.0,38,fit:e400a56f83dbd7357afa5495e4d4b95c79f121f8327818feec51bd82f4ac400c:segment:002,2,3620.0,3597,activities/093_260621150426.csv,1,1,0,0
fit:e400a56f83dbd7357afa5495e4d4b95c79f121f8327818feec51bd82f4ac400c,2026-06-21T14:04:48+00:00,332,0,170,0,9.875,92.0,38,fit:e400a56f83dbd7357afa5495e4d4b95c79f121f8327818feec51bd82f4ac400c:segment:002,2,3621.0,3598,activities/093_260621150426.csv,1,1,0,0
fit:e400a56f83dbd7357afa5495e4d4b95c79f121f8327818feec51bd82f4ac400c,2026-06-21T14:04:49+00:00,333,0,169,0,9.624,92.0,38,fit:e400a56f83dbd7357afa5495e4d4b95c79f121f8327818feec51bd82f4ac400c:segment:002,2,3622.0,3599,activities/093_260621150426.csv,1,1,0,0
fit:e400a56f83dbd7357afa5495e4d4b95c79f121f8327818feec51bd82f4ac400c,2026-06-21T14:04:50+00:00,334,0,169,0,9.413,91.60000000000002,38,fit:e400a56f83dbd7357afa5495e4d4b95c79f121f8327818feec51bd82f4ac400c:segment:002,2,3623.0,3600,activities/093_260621150426.csv,1,1,0,0
fit:e400a56f83dbd7357afa5495e4d4b95c79f121f8327818feec51bd82f4ac400c,2026-06-21T14:04:51+00:00,335,0,167,0,9.167,91.20000000000005,38,fit:e400a56f83dbd7357afa5495e4d4b95c79f121f8327818feec51bd82f4ac400c:segment:002,2,3624.0,3601,activities/093_260621150426.csv,1,1,0,0
fit:e400a56f83dbd7357afa5495e4d4b95c79f121f8327818feec51bd82f4ac400c,2026-06-21T14:04:52+00:00,336,0,167,0,8.882,91.20000000000005,38,fit:e400a56f83dbd7357afa5495e4d4b95c79f121f8327818feec51bd82f4ac400c:segment:002,2,3625.0,3602,activities/093_260621150426.csv,1,1,0,0
fit:e400a56f83dbd7357afa5495e4d4b95c79f121f8327818feec51bd82f4ac400c,2026-06-21T14:04:53+00:00,337,0,166,0,8.663,91.20000000000005,38,fit:e400a56f83dbd7357afa5495e4d4b95c79f121f8327818feec51bd82f4ac400c:segment:002,2,3626.0,3603,activities/093_260621150426.csv,1,1,0,0
fit:e400a56f83dbd7357afa5495e4d4b95c79f121f8327818feec51bd82f4ac400c,2026-06-21T14:04:54+00:00,338,0,165,0,8.442,91.39999999999998,38,fit:e400a56f83dbd7357afa5495e4d4b95c79f121f8327818feec51bd82f4ac400c:segment:002,2,3627.0,3604,activities/093_260621150426.csv,1,1,0,0
fit:e400a56f83dbd7357afa5495e4d4b95c79f121f8327818feec51bd82f4ac400c,2026-06-21T14:04:55+00:00,339,0,163,0,8.302,91.60000000000002,38,fit:e400a56f83dbd7357afa5495e4d4b95c79f121f8327818feec51bd82f4ac400c:segment:002,2,3628.0,3605,activities/093_260621150426.csv,1,1,0,0
fit:e400a56f83dbd7357afa5495e4d4b95c79f121f8327818feec51bd82f4ac400c,2026-06-21T14:04:56+00:00,340,0,161,0,8.117,91.60000000000002,38,fit:e400a56f83dbd7357afa5495e4d4b95c79f121f8327818feec51bd82f4ac400c:segment:002,2,3629.0,3606,activities/093_260621150426.csv,1,1,0,0
fit:e400a56f83dbd7357afa5495e4d4b95c79f121f8327818feec51bd82f4ac400c,2026-06-21T14:04:57+00:00,341,0,160,0,7.985,91.60000000000002,38,fit:e400a56f83dbd7357afa5495e4d4b95c79f121f8327818feec51bd82f4ac400c:segment:002,2,3630.0,3607,activities/093_260621150426.csv,1,1,0,0
fit:e400a56f83dbd7357afa5495e4d4b95c79f121f8327818feec51bd82f4ac400c,2026-06-21T14:04:58+00:00,342,0,159,0,7.804,91.60000000000002,38,fit:e400a56f83dbd7357afa5495e4d4b95c79f121f8327818feec51bd82f4ac400c:segment:002,2,3631.0,3608,activities/093_260621150426.csv,1,1,0,0
fit:e400a56f83dbd7357afa5495e4d4b95c79f121f8327818feec51bd82f4ac400c,2026-06-21T14:04:59+00:00,343,0,157,0,7.652,92.20000000000005,38,fit:e400a56f83dbd7357afa5495e4d4b95c79f121f8327818feec51bd82f4ac400c:segment:002,2,3632.0,3609,activities/093_260621150426.csv,1,1,0,0
fit:e400a56f83dbd7357afa5495e4d4b95c79f121f8327818feec51bd82f4ac400c,2026-06-21T14:05:00+00:00,344,0,154,0,7.458,92.20000000000005,38,fit:e400a56f83dbd7357afa5495e4d4b95c79f121f8327818feec51bd82f4ac400c:segment:002,2,3633.0,3610,activities/093_260621150426.csv,1,1,0,0
fit:e400a56f83dbd7357afa5495e4d4b95c79f121f8327818feec51bd82f4ac400c,2026-06-21T14:05:01+00:00,345,0,154,0,7.219,92.20000000000005,38,fit:e400a56f83dbd7357afa5495e4d4b95c79f121f8327818feec51bd82f4ac400c:segment:002,2,3634.0,3611,activities/093_260621150426.csv,1,1,0,0
fit:e400a56f83dbd7357afa5495e4d4b95c79f121f8327818feec51bd82f4ac400c,2026-06-21T14:05:02+00:00,346,0,155,0,6.727,92.20000000000005,38,fit:e400a56f83dbd7357afa5495e4d4b95c79f121f8327818feec51bd82f4ac400c:segment:002,2,3635.0,3612,activities/093_260621150426.csv,1,1,0,0
fit:e400a56f83dbd7357afa5495e4d4b95c79f121f8327818feec51bd82f4ac400c,2026-06-21T14:05:03+00:00,347,0,155,0,6.184,92.60000000000002,38,fit:e400a56f83dbd7357afa5495e4d4b95c79f121f8327818feec51bd82f4ac400c:segment:002,2,3636.0,3613,activities/093_260621150426.csv,1,1,0,0
fit:e400a56f83dbd7357afa5495e4d4b95c79f121f8327818feec51bd82f4ac400c,2026-06-21T14:05:04+00:00,348,0,152,0,5.552,92.60000000000002,38,fit:e400a56f83dbd7357afa5495e4d4b95c79f121f8327818feec51bd82f4ac400c:segment:002,2,3637.0,3614,activities/093_260621150426.csv,1,1,0,0
fit:e400a56f83dbd7357afa5495e4d4b95c79f121f8327818feec51bd82f4ac400c,2026-06-21T14:05:05+00:00,349,0,152,0,4.919,92.60000000000002,38,fit:e400a56f83dbd7357afa5495e4d4b95c79f121f8327818feec51bd82f4ac400c:segment:002,2,3638.0,3615,activities/093_260621150426.csv,1,1,0,0
fit:e400a56f83dbd7357afa5495e4d4b95c79f121f8327818feec51bd82f4ac400c,2026-06-21T14:05:06+00:00,350,0,150,0,4.059,92.39999999999998,38,fit:e400a56f83dbd7357afa5495e4d4b95c79f121f8327818feec51bd82f4ac400c:segment:002,2,3639.0,3616,activities/093_260621150426.csv,1,1,0,0
fit:e400a56f83dbd7357afa5495e4d4b95c79f121f8327818feec51bd82f4ac400c,2026-06-21T14:05:07+00:00,351,0,149,0,3.441,92.39999999999998,38,fit:e400a56f83dbd7357afa5495e4d4b95c79f121f8327818feec51bd82f4ac400c:segment:002,2,3640.0,3617,activities/093_260621150426.csv,1,1,0,0
fit:e400a56f83dbd7357afa5495e4d4b95c79f121f8327818feec51bd82f4ac400c,2026-06-21T14:05:08+00:00,352,0,148,0,3.111,92.39999999999998,38,fit:e400a56f83dbd7357afa5495e4d4b95c79f121f8327818feec51bd82f4ac400c:segment:002,2,3641.0,3618,activities/093_260621150426.csv,1,1,0,0
fit:e400a56f83dbd7357afa5495e4d4b95c79f121f8327818feec51bd82f4ac400c,2026-06-21T14:05:09+00:00,353,0,146,0,3.031,92.39999999999998,38,fit:e400a56f83dbd7357afa5495e4d4b95c79f121f8327818feec51bd82f4ac400c:segment:002,2,3642.0,3619,activities/093_260621150426.csv,1,1,0,0
fit:e400a56f83dbd7357afa5495e4d4b95c79f121f8327818feec51bd82f4ac400c,2026-06-21T14:05:10+00:00,354,0,145,36,3.024,92.39999999999998,38,fit:e400a56f83dbd7357afa5495e4d4b95c79f121f8327818feec51bd82f4ac400c:segment:002,2,3643.0,3620,activities/093_260621150426.csv,1,1,0,0
fit:e400a56f83dbd7357afa5495e4d4b95c79f121f8327818feec51bd82f4ac400c,2026-06-21T14:05:11+00:00,355,0,143,36,2.911,92.20000000000005,38,fit:e400a56f83dbd7357afa5495e4d4b95c79f121f8327818feec51bd82f4ac400c:segment:002,2,3644.0,3621,activities/093_260621150426.csv,1,1,0,0
fit:e400a56f83dbd7357afa5495e4d4b95c79f121f8327818feec51bd82f4ac400c,2026-06-21T14:05:12+00:00,356,0,143,36,2.893,92.20000000000005,38,fit:e400a56f83dbd7357afa5495e4d4b95c79f121f8327818feec51bd82f4ac400c:segment:002,2,3645.0,3622,activities/093_260621150426.csv,1,1,0,0
fit:e400a56f83dbd7357afa5495e4d4b95c79f121f8327818feec51bd82f4ac400c,2026-06-21T14:05:13+00:00,357,0,142,34,2.555,92.20000000000005,38,fit:e400a56f83dbd7357afa5495e4d4b95c79f121f8327818feec51bd82f4ac400c:segment:002,2,3646.0,3623,activities/093_260621150426.csv,1,1,0,0
fit:e400a56f83dbd7357afa5495e4d4b95c79f121f8327818feec51bd82f4ac400c,2026-06-21T14:05:14+00:00,358,0,141,33,1.844,92.20000000000005,38,fit:e400a56f83dbd7357afa5495e4d4b95c79f121f8327818feec51bd82f4ac400c:segment:002,2,3647.0,3624,activities/093_260621150426.csv,1,1,0,0
fit:e400a56f83dbd7357afa5495e4d4b95c79f121f8327818feec51bd82f4ac400c,2026-06-21T14:05:15+00:00,359,0,141,31,0.0,92.60000000000002,38,fit:e400a56f83dbd7357afa5495e4d4b95c79f121f8327818feec51bd82f4ac400c:segment:002,2,3648.0,3625,activities/093_260621150426.csv,1,1,0,0
