activity_id,timestamp,elapsed_seconds,power_w,heart_rate_bpm,cadence_rpm,speed_m_s,altitude_m,temperature_c,segment_id,segment_number,source_elapsed_seconds,source_row_index,source_file,activity_split,segment_selected_from_activity,power_missing,hr_missing
fit:4646790a223ca804ff872615506f25932dc9009c9ddf09dd7973b26339c7531e,2026-09-05T13:04:28+00:00,0,68,110,0,1.581,23.799999999999955,36,fit:4646790a223ca804ff872615506f25932dc9009c9ddf09dd7973b26339c7531e:segment:008,8,2145.0,1855,activities/125_260905142842.csv,1,1,0,0
fit:4646790a223ca804ff872615506f25932dc9009c9ddf09dd7973b26339c7531e,2026-09-05T13:04:29+00:00,1,68,111,0,1.828,23.799999999999955,36,fit:4646790a223ca804ff872615506f25932dc9009c9ddf09dd7973b26339c7531e:segment:008,8,2146.0,1856,activities/125_260905142842.csv,1,1,0,0
fit:4646790a223ca804ff872615506f25932dc9009c9ddf09dd7973b26339c7531e,2026-09-05T13:04:30+00:00,2,53,111,0,2.403,23.799999999999955,36,fit:4646790a223ca804ff872615506f25932dc9009c9ddf09dd7973b26339c7531e:segment:008,8,2147.0,1857,activities/125_260905142842.csv,1,1,0,0
fit:4646790a223ca804ff872615506f25932dc9009c9ddf09dd7973b26339c7531e,2026-09-05T13:04:31+00:00,3,53,111,29,2.681,23.799999999999955,36,fit:4646790a223ca804ff872615506f25932dc9009c9ddf09dd7973b26339c7531e:segment:008,8,2148.0,1858,activities/125_260905142842.csv,1,1,0,0
fit:4646790a223ca804ff872615506f25932dc9009c9ddf09dd7973b26339c7531e,2026-09-05T13:04:32+00:00,4,18,110,29,2.738,24.200000000000045,36,fit:4646790a223ca804ff872615506f25932dc9009c9ddf09dd7973b26339c7531e:segment:008,8,2149.0,1859,activities/125_260905142842.csv,1,1,0,0
fit:4646790a223ca804ff872615506f25932dc9009c9ddf09dd7973b26339c7531e,2026-09-05T13:04:33+00:00,5,18,110,39,2.971,24.200000000000045,36,fit:4646790a223ca804ff872615506f25932dc9009c9ddf09dd7973b26339c7531e:segment:008,8,2150.0,1860,activities/125_260905142842.csv,1,1,0,0
fit:4646790a223ca804ff872615506f25932dc9009c9ddf09dd7973b26339c7531e,2026-09-05T13:04:34+00:00,6,82,110,42,3.081,24.200000000000045,36,fit:4646790a223ca804ff872615506f25932dc9009c9ddf09dd7973b26339c7531e:segment:008,8,2151.0,1861,activities/125_260905142842.csv,1,1,0,0
fit:4646790a223ca804ff872615506f25932dc9009c9ddf09dd7973b26339c7531e,2026-09-05T13:04:35+00:00,7,21,110,45,3.274,23.799999999999955,36,fit:4646790a223ca804ff872615506f25932dc9009c9ddf09dd7973b26339c7531e:segment:008,8,2152.0,1862,activities/125_260905142842.csv,1,1,0,0
fit:4646790a223ca804ff872615506f25932dc9009c9ddf09dd7973b26339c7531e,2026-09-05T13:04:36+00:00,8,188,109,55,3.398,23.799999999999955,36,fit:4646790a223ca804ff872615506f25932dc9009c9ddf09dd7973b26339c7531e:segment:008,8,2153.0,1863,activities/125_260905142842.csv,1,1,0,0
fit:4646790a223ca804ff872615506f25932dc9009c9ddf09dd7973b26339c7531e,2026-09-05T13:04:37+00:00,9,58,108,55,3.643,23.799999999999955,36,fit:4646790a223ca804ff872615506f25932dc9009c9ddf09dd7973b26339c7531e:segment:008,8,2154.0,1864,activities/125_260905142842.csv,1,1,0,0
fit:4646790a223ca804ff872615506f25932dc9009c9ddf09dd7973b26339c7531e,2026-09-05T13:04:38+00:00,10,187,108,50,3.639,23.799999999999955,36,fit:4646790a223ca804ff872615506f25932dc9009c9ddf09dd7973b26339c7531e:segment:008,8,2155.0,1865,activities/125_260905142842.csv,1,1,0,0
fit:4646790a223ca804ff872615506f25932dc9009c9ddf09dd7973b26339c7531e,2026-09-05T13:04:39+00:00,11,235,108,51,3.913,23.600000000000023,36,fit:4646790a223ca804ff872615506f25932dc9009c9ddf09dd7973b26339c7531e:segment:008,8,2156.0,1866,activities/125_260905142842.csv,1,1,0,0
fit:4646790a223ca804ff872615506f25932dc9009c9ddf09dd7973b26339c7531e,2026-09-05T13:04:40+00:00,12,293,108,60,4.211,24.0,36,fit:4646790a223ca804ff872615506f25932dc9009c9ddf09dd7973b26339c7531e:segment:008,8,2157.0,1867,activities/125_260905142842.csv,1,1,0,0
fit:4646790a223ca804ff872615506f25932dc9009c9ddf09dd7973b26339c7531e,2026-09-05T13:04:41+00:00,13,253,108,65,4.821,24.0,36,fit:4646790a223ca804ff872615506f25932dc9009c9ddf09dd7973b26339c7531e:segment:008,8,2158.0,1868,activities/125_260905142842.csv,1,1,0,0
fit:4646790a223ca804ff872615506f25932dc9009c9ddf09dd7973b26339c7531e,2026-09-05T13:04:42+00:00,14,249,108,65,5.452,24.0,36,fit:4646790a223ca804ff872615506f25932dc9009c9ddf09dd7973b26339c7531e:segment:008,8,2159.0,1869,activities/125_260905142842.csv,1,1,0,0
fit:4646790a223ca804ff872615506f25932dc9009c9ddf09dd7973b26339c7531e,2026-09-05T13:04:43+00:00,15,77,109,69,5.874,24.0,36,fit:4646790a223ca804ff872615506f25932dc9009c9ddf09dd7973b26339c7531e:segment:008,8,2160.0,1870,activities/125_260905142842.csv,1,1,0,0
fit:4646790a223ca804ff872615506f25932dc9009c9ddf09dd7973b26339c7531e,2026-09-05T13:04:44+00:00,16,78,110,41,6.21,23.0,36,fit:4646790a223ca804ff872615506f25932dc9009c9ddf09dd7973b26339c7531e:segment:008,8,2161.0,1871,activities/125_260905142842.csv,1,1,0,0
fit:4646790a223ca804ff872615506f25932dc9009c9ddf09dd7973b26339c7531e,2026-09-05T13:04:45+00:00,17,140,111,72,6.308,23.0,36,fit:4646790a223ca804ff872615506f25932dc9009c9ddf09dd7973b26339c7531e:segment:008,8,2162.0,1872,activities/125_260905142842.csv,1,1,0,0
fit:4646790a223ca804ff872615506f25932dc9009c9ddf09dd7973b26339c7531e,2026-09-05T13:04:46+00:00,18,63,112,74,6.412,23.0,36,fit:4646790a223ca804ff872615506f25932dc9009c9ddf09dd7973b26339c7531e:segment:008,8,2163.0,1873,activities/125_260905142842.csv,1,1,0,0
fit:4646790a223ca804ff872615506f25932dc9009c9ddf09dd7973b26339c7531e,2026-09-05T13:04:47+00:00,19,81,113,74,6.457,23.0,36,fit:4646790a223ca804ff872615506f25932dc9009c9ddf09dd7973b26339c7531e:segment:008,8,2164.0,1874,activities/125_260905142842.csv,1,1,0,0
fit:4646790a223ca804ff872615506f25932dc9009c9ddf09dd7973b26339c7531e,2026-09-05T13:04:48+00:00,20,106,113,73,6.461,22.200000000000045,36,fit:4646790a223ca804ff872615506f25932dc9009c9ddf09dd7973b26339c7531e:segment:008,8,2165.0,1875,activities/125_260905142842.csv,1,1,0,0
fit:4646790a223ca804ff872615506f25932dc9009c9ddf09dd7973b26339c7531e,2026-09-05T13:04:49+00:00,21,95,116,73,6.461,22.200000000000045,36,fit:4646790a223ca804ff872615506f25932dc9009c9ddf09dd7973b26339c7531e:segment:008,8,2166.0,1876,activities/125_260905142842.csv,1,1,0,0
fit:4646790a223ca804ff872615506f25932dc9009c9ddf09dd7973b26339c7531e,2026-09-05T13:04:50+00:00,22,115,117,74,6.444,22.200000000000045,36,fit:4646790a223ca804ff872615506f25932dc9009c9ddf09dd7973b26339c7531e:segment:008,8,2167.0,1877,activities/125_260905142842.csv,1,1,0,0
fit:4646790a223ca804ff872615506f25932dc9009c9ddf09dd7973b26339c7531e,2026-09-05T13:04:51+00:00,23,142,117,74,6.472,23.200000000000045,36,fit:4646790a223ca804ff872615506f25932dc9009c9ddf09dd7973b26339c7531e:segment:008,8,2168.0,1878,activities/125_260905142842.csv,1,1,0,0
fit:4646790a223ca804ff872615506f25932dc9009c9ddf09dd7973b26339c7531e,2026-09-05T13:04:52+00:00,24,136,119,75,6.605,22.600000000000023,36,fit:4646790a223ca804ff872615506f25932dc9009c9ddf09dd7973b26339c7531e:segment:008,8,2169.0,1879,activities/125_260905142842.csv,1,1,0,0
fit:4646790a223ca804ff872615506f25932dc9009c9ddf09dd7973b26339c7531e,2026-09-05T13:04:53+00:00,25,159,120,76,6.547,22.600000000000023,36,fit:4646790a223ca804ff872615506f25932dc9009c9ddf09dd7973b26339c7531e:segment:008,8,2170.0,1880,activities/125_260905142842.csv,1,1,0,0
fit:4646790a223ca804ff872615506f25932dc9009c9ddf09dd7973b26339c7531e,2026-09-05T13:04:54+00:00,26,257,120,71,6.691,22.600000000000023,36,fit:4646790a223ca804ff872615506f25932dc9009c9ddf09dd7973b26339c7531e:segment:008,8,2171.0,1881,activities/125_260905142842.csv,1,1,0,0
fit:4646790a223ca804ff872615506f25932dc9009c9ddf09dd7973b26339c7531e,2026-09-05T13:04:55+00:00,27,352,121,73,6.842,22.600000000000023,36,fit:4646790a223ca804ff872615506f25932dc9009c9ddf09dd7973b26339c7531e:segment:008,8,2172.0,1882,activities/125_260905142842.csv,1,1,0,0
fit:4646790a223ca804ff872615506f25932dc9009c9ddf09dd7973b26339c7531e,2026-09-05T13:04:56+00:00,28,456,122,77,7.093,22.799999999999955,36,fit:4646790a223ca804ff872615506f25932dc9009c9ddf09dd7973b26339c7531e:segment:008,8,2173.0,1883,activities/125_260905142842.csv,1,1,0,0
fit:4646790a223ca804ff872615506f25932dc9009c9ddf09dd7973b26339c7531e,2026-09-05T13:04:57+00:00,29,552,122,81,7.367,22.799999999999955,36,fit:4646790a223ca804ff872615506f25932dc9009c9ddf09dd7973b26339c7531e:segment:008,8,2174.0,1884,activities/125_260905142842.csv,1,1,0,0
fit:4646790a223ca804ff872615506f25932dc9009c9ddf09dd7973b26339c7531e,2026-09-05T13:04:58+00:00,30,780,122,84,7.811,22.799999999999955,36,fit:4646790a223ca804ff872615506f25932dc9009c9ddf09dd7973b26339c7531e:segment:008,8,2175.0,1885,activities/125_260905142842.csv,1,1,0,0
fit:4646790a223ca804ff872615506f25932dc9009c9ddf09dd7973b26339c7531e,2026-09-05T13:04:59+00:00,31,757,123,92,8.454,22.799999999999955,36,fit:4646790a223ca804ff872615506f25932dc9009c9ddf09dd7973b26339c7531e:segment:008,8,2176.0,1886,activities/125_260905142842.csv,1,1,0,0
fit:4646790a223ca804ff872615506f25932dc9009c9ddf09dd7973b26339c7531e,2026-09-05T13:05:00+00:00,32,649,123,105,9.046,24.399999999999977,36,fit:4646790a223ca804ff872615506f25932dc9009c9ddf09dd7973b26339c7531e:segment:008,8,2177.0,1887,activities/125_260905142842.csv,1,1,0,0
fit:4646790a223ca804ff872615506f25932dc9009c9ddf09dd7973b26339c7531e,2026-09-05T13:05:01+00:00,33,124,124,63,9.64,24.399999999999977,36,fit:4646790a223ca804ff872615506f25932dc9009c9ddf09dd7973b26339c7531e:segment:008,8,2178.0,1888,activities/125_260905142842.csv,1,1,0,0
fit:4646790a223ca804ff872615506f25932dc9009c9ddf09dd7973b26339c7531e,2026-09-05T13:05:02+00:00,34,299,126,63,9.755,24.399999999999977,37,fit:4646790a223ca804ff872615506f25932dc9009c9ddf09dd7973b26339c7531e:segment:008,8,2179.0,1889,activities/125_260905142842.csv,1,1,0,0
fit:4646790a223ca804ff872615506f25932dc9009c9ddf09dd7973b26339c7531e,2026-09-05T13:05:03+00:00,35,526,128,95,9.938,23.399999999999977,37,fit:4646790a223ca804ff872615506f25932dc9009c9ddf09dd7973b26339c7531e:segment:008,8,2180.0,1890,activities/125_260905142842.csv,1,1,0,0
fit:4646790a223ca804ff872615506f25932dc9009c9ddf09dd7973b26339c7531e,2026-09-05T13:05:04+00:00,36,526,128,96,10.163,23.200000000000045,37,fit:4646790a223ca804ff872615506f25932dc9009c9ddf09dd7973b26339c7531e:segment:008,8,2181.0,1891,activities/125_260905142842.csv,1,1,0,0
fit:4646790a223ca804ff872615506f25932dc9009c9ddf09dd7973b26339c7531e,2026-09-05T13:05:05+00:00,37,397,130,99,10.57,23.200000000000045,37,fit:4646790a223ca804ff872615506f25932dc9009c9ddf09dd7973b26339c7531e:segment:008,8,2182.0,1892,activities/125_260905142842.csv,1,1,0,0
fit:4646790a223ca804ff872615506f25932dc9009c9ddf09dd7973b26339c7531e,2026-09-05T13:05:06+00:00,38,430,133,101,10.816,23.200000000000045,37,fit:4646790a223ca804ff872615506f25932dc9009c9ddf09dd7973b26339c7531e:segment:008,8,2183.0,1893,activities/125_260905142842.csv,1,1,0,0
fit:4646790a223ca804ff872615506f25932dc9009c9ddf09dd7973b26339c7531e,2026-09-05T13:05:07+00:00,39,399,135,102,10.876,23.200000000000045,37,fit:4646790a223ca804ff872615506f25932dc9009c9ddf09dd7973b26339c7531e:segment:008,8,2184.0,1894,activities/125_260905142842.csv,1,1,0,0
fit:4646790a223ca804ff872615506f25932dc9009c9ddf09dd7973b26339c7531e,2026-09-05T13:05:08+00:00,40,372,138,103,11.122,22.600000000000023,37,fit:4646790a223ca804ff872615506f25932dc9009c9ddf09dd7973b26339c7531e:segment:008,8,2185.0,1895,activities/125_260905142842.csv,1,1,0,0
fit:4646790a223ca804ff872615506f25932dc9009c9ddf09dd7973b26339c7531e,2026-09-05T13:05:09+00:00,41,297,138,102,11.099,22.600000000000023,37,fit:4646790a223ca804ff872615506f25932dc9009c9ddf09dd7973b26339c7531e:segment:008,8,2186.0,1896,activities/125_260905142842.csv,1,1,0,0
fit:4646790a223ca804ff872615506f25932dc9009c9ddf09dd7973b26339c7531e,2026-09-05T13:05:10+00:00,42,350,141,103,11.215,22.600000000000023,37,fit:4646790a223ca804ff872615506f25932dc9009c9ddf09dd7973b26339c7531e:segment:008,8,2187.0,1897,activities/125_260905142842.csv,1,1,0,0
fit:4646790a223ca804ff872615506f25932dc9009c9ddf09dd7973b26339c7531e,2026-09-05T13:05:11+00:00,43,318,143,103,11.21,22.600000000000023,37,fit:4646790a223ca804ff872615506f25932dc9009c9ddf09dd7973b26339c7531e:segment:008,8,2188.0,1898,activities/125_260905142842.csv,1,1,0,0
fit:4646790a223ca804ff872615506f25932dc9009c9ddf09dd7973b26339c7531e,2026-09-05T13:05:12+00:00,44,356,146,104,11.331,22.200000000000045,37,fit:4646790a223ca804ff872615506f25932dc9009c9ddf09dd7973b26339c7531e:segment:008,8,2189.0,1899,activities/125_260905142842.csv,1,1,0,0
fit:4646790a223ca804ff872615506f25932dc9009c9ddf09dd7973b26339c7531e,2026-09-05T13:05:13+00:00,45,356,148,104,11.401,22.200000000000045,37,fit:4646790a223ca804ff872615506f25932dc9009c9ddf09dd7973b26339c7531e:segment:008,8,2190.0,1900,activities/125_260905142842.csv,1,1,0,0
fit:4646790a223ca804ff872615506f25932dc9009c9ddf09dd7973b26339c7531e,2026-09-05T13:05:14+00:00,46,266,148,104,11.431,22.200000000000045,37,fit:4646790a223ca804ff872615506f25932dc9009c9ddf09dd7973b26339c7531e:segment:008,8,2191.0,1901,activities/125_260905142842.csv,1,1,0,0
fit:4646790a223ca804ff872615506f25932dc9009c9ddf09dd7973b26339c7531e,2026-09-05T13:05:15+00:00,47,377,149,104,11.442,22.200000000000045,37,fit:4646790a223ca804ff872615506f25932dc9009c9ddf09dd7973b26339c7531e:segment:008,8,2192.0,1902,activities/125_260905142842.csv,1,1,0,0
fit:4646790a223ca804ff872615506f25932dc9009c9ddf09dd7973b26339c7531e,2026-09-05T13:05:16+00:00,48,416,151,104,11.475,22.799999999999955,37,fit:4646790a223ca804ff872615506f25932dc9009c9ddf09dd7973b26339c7531e:segment:008,8,2193.0,1903,activities/125_260905142842.csv,1,1,0,0
fit:4646790a223ca804ff872615506f25932dc9009c9ddf09dd7973b26339c7531e,2026-09-05T13:05:17+00:00,49,301,152,105,11.48,22.799999999999955,37,fit:4646790a223ca804ff872615506f25932dc9009c9ddf09dd7973b26339c7531e:segment:008,8,2194.0,1904,activities/125_260905142842.csv,1,1,0,0
fit:4646790a223ca804ff872615506f25932dc9009c9ddf09dd7973b26339c7531e,2026-09-05T13:05:18+00:00,50,250,152,106,11.552,22.799999999999955,37,fit:4646790a223ca804ff872615506f25932dc9009c9ddf09dd7973b26339c7531e:segment:008,8,2195.0,1905,activities/125_260905142842.csv,1,1,0,0
fit:4646790a223ca804ff872615506f25932dc9009c9ddf09dd7973b26339c7531e,2026-09-05T13:05:19+00:00,51,250,154,105,11.48,22.799999999999955,37,fit:4646790a223ca804ff872615506f25932dc9009c9ddf09dd7973b26339c7531e:segment:008,8,2196.0,1906,activities/125_260905142842.csv,1,1,0,0
fit:4646790a223ca804ff872615506f25932dc9009c9ddf09dd7973b26339c7531e,2026-09-05T13:05:20+00:00,52,241,155,104,11.551,22.600000000000023,37,fit:4646790a223ca804ff872615506f25932dc9009c9ddf09dd7973b26339c7531e:segment:008,8,2197.0,1907,activities/125_260905142842.csv,1,1,0,0
fit:4646790a223ca804ff872615506f25932dc9009c9ddf09dd7973b26339c7531e,2026-09-05T13:05:21+00:00,53,282,155,104,11.439,22.600000000000023,37,fit:4646790a223ca804ff872615506f25932dc9009c9ddf09dd7973b26339c7531e:segment:008,8,2198.0,1908,activities/125_260905142842.csv,1,1,0,0
fit:4646790a223ca804ff872615506f25932dc9009c9ddf09dd7973b26339c7531e,2026-09-05T13:05:22+00:00,54,699,156,103,11.397,22.600000000000023,37,fit:4646790a223ca804ff872615506f25932dc9009c9ddf09dd7973b26339c7531e:segment:008,8,2199.0,1909,activities/125_260905142842.csv,1,1,0,0
fit:4646790a223ca804ff872615506f25932dc9009c9ddf09dd7973b26339c7531e,2026-09-05T13:05:23+00:00,55,874,157,105,11.304,22.600000000000023,37,fit:4646790a223ca804ff872615506f25932dc9009c9ddf09dd7973b26339c7531e:segment:008,8,2200.0,1910,activities/125_260905142842.csv,1,1,0,0
fit:4646790a223ca804ff872615506f25932dc9009c9ddf09dd7973b26339c7531e,2026-09-05T13:05:24+00:00,56,757,158,111,11.436,23.399999999999977,37,fit:4646790a223ca804ff872615506f25932dc9009c9ddf09dd7973b26339c7531e:segment:008,8,2201.0,1911,activities/125_260905142842.csv,1,1,0,0
fit:4646790a223ca804ff872615506f25932dc9009c9ddf09dd7973b26339c7531e,2026-09-05T13:05:25+00:00,57,727,158,113,11.601,23.399999999999977,37,fit:4646790a223ca804ff872615506f25932dc9009c9ddf09dd7973b26339c7531e:segment:008,8,2202.0,1912,activities/125_260905142842.csv,1,1,0,0
fit:4646790a223ca804ff872615506f25932dc9009c9ddf09dd7973b26339c7531e,2026-09-05T13:05:26+00:00,58,769,160,116,12.153,23.399999999999977,37,fit:4646790a223ca804ff872615506f25932dc9009c9ddf09dd7973b26339c7531e:segment:008,8,2203.0,1913,activities/125_260905142842.csv,1,1,0,0
fit:4646790a223ca804ff872615506f25932dc9009c9ddf09dd7973b26339c7531e,2026-09-05T13:05:27+00:00,59,728,161,117,12.707,22.399999999999977,37,fit:4646790a223ca804ff872615506f25932dc9009c9ddf09dd7973b26339c7531e:segment:008,8,2204.0,1914,activities/125_260905142842.csv,1,1,0,0
fit:4646790a223ca804ff872615506f25932dc9009c9ddf09dd7973b26339c7531e,2026-09-05T13:05:28+00:00,60,103,163,53,13.072,20.799999999999955,37,fit:4646790a223ca804ff872615506f25932dc9009c9ddf09dd7973b26339c7531e:segment:008,8,2205.0,1915,activities/125_260905142842.csv,1,1,0,0
fit:4646790a223ca804ff872615506f25932dc9009c9ddf09dd7973b26339c7531e,2026-09-05T13:05:29+00:00,61,37,165,94,12.909,20.799999999999955,37,fit:4646790a223ca804ff872615506f25932dc9009c9ddf09dd7973b26339c7531e:segment:008,8,2206.0,1916,activities/125_260905142842.csv,1,1,0,0
fit:4646790a223ca804ff872615506f25932dc9009c9ddf09dd7973b26339c7531e,2026-09-05T13:05:30+00:00,62,37,165,94,12.648,20.799999999999955,37,fit:4646790a223ca804ff872615506f25932dc9009c9ddf09dd7973b26339c7531e:segment:008,8,2207.0,1917,activities/125_260905142842.csv,1,1,0,0
fit:4646790a223ca804ff872615506f25932dc9009c9ddf09dd7973b26339c7531e,2026-09-05T13:05:31+00:00,63,37,166,94,12.312,20.799999999999955,37,fit:4646790a223ca804ff872615506f25932dc9009c9ddf09dd7973b26339c7531e:segment:008,8,2208.0,1918,activities/125_260905142842.csv,1,1,0,0
fit:4646790a223ca804ff872615506f25932dc9009c9ddf09dd7973b26339c7531e,2026-09-05T13:05:32+00:00,64,145,168,94,12.108,21.799999999999955,37,fit:4646790a223ca804ff872615506f25932dc9009c9ddf09dd7973b26339c7531e:segment:008,8,2209.0,1919,activities/125_260905142842.csv,1,1,0,0
fit:4646790a223ca804ff872615506f25932dc9009c9ddf09dd7973b26339c7531e,2026-09-05T13:05:33+00:00,65,146,168,102,11.722,21.799999999999955,37,fit:4646790a223ca804ff872615506f25932dc9009c9ddf09dd7973b26339c7531e:segment:008,8,2210.0,1920,activities/125_260905142842.csv,1,1,0,0
fit:4646790a223ca804ff872615506f25932dc9009c9ddf09dd7973b26339c7531e,2026-09-05T13:05:34+00:00,66,101,169,99,11.496,21.799999999999955,37,fit:4646790a223ca804ff872615506f25932dc9009c9ddf09dd7973b26339c7531e:segment:008,8,2211.0,1921,activities/125_260905142842.csv,1,1,0,0
fit:4646790a223ca804ff872615506f25932dc9009c9ddf09dd7973b26339c7531e,2026-09-05T13:05:35+00:00,67,73,171,97,11.129,21.799999999999955,37,fit:4646790a223ca804ff872615506f25932dc9009c9ddf09dd7973b26339c7531e:segment:008,8,2212.0,1922,activities/125_260905142842.csv,1,1,0,0
fit:4646790a223ca804ff872615506f25932dc9009c9ddf09dd7973b26339c7531e,2026-09-05T13:05:36+00:00,68,16,171,79,10.993,22.399999999999977,37,fit:4646790a223ca804ff872615506f25932dc9009c9ddf09dd7973b26339c7531e:segment:008,8,2213.0,1923,activities/125_260905142842.csv,1,1,0,0
fit:4646790a223ca804ff872615506f25932dc9009c9ddf09dd7973b26339c7531e,2026-09-05T13:05:37+00:00,69,44,171,73,10.718,22.399999999999977,37,fit:4646790a223ca804ff872615506f25932dc9009c9ddf09dd7973b26339c7531e:segment:008,8,2214.0,1924,activities/125_260905142842.csv,1,1,0,0
fit:4646790a223ca804ff872615506f25932dc9009c9ddf09dd7973b26339c7531e,2026-09-05T13:05:38+00:00,70,103,172,94,10.718,22.399999999999977,37,fit:4646790a223ca804ff872615506f25932dc9009c9ddf09dd7973b26339c7531e:segment:008,8,2215.0,1925,activities/125_260905142842.csv,1,1,0,0
fit:4646790a223ca804ff872615506f25932dc9009c9ddf09dd7973b26339c7531e,2026-09-05T13:05:39+00:00,71,103,171,94,10.62,22.600000000000023,37,fit:4646790a223ca804ff872615506f25932dc9009c9ddf09dd7973b26339c7531e:segment:008,8,2216.0,1926,activities/125_260905142842.csv,1,1,0,0
fit:4646790a223ca804ff872615506f25932dc9009c9ddf09dd7973b26339c7531e,2026-09-05T13:05:40+00:00,72,103,171,92,10.439,22.0,37,fit:4646790a223ca804ff872615506f25932dc9009c9ddf09dd7973b26339c7531e:segment:008,8,2217.0,1927,activities/125_260905142842.csv,1,1,0,0
fit:4646790a223ca804ff872615506f25932dc9009c9ddf09dd7973b26339c7531e,2026-09-05T13:05:41+00:00,73,72,170,90,10.177,22.0,37,fit:4646790a223ca804ff872615506f25932dc9009c9ddf09dd7973b26339c7531e:segment:008,8,2218.0,1928,activities/125_260905142842.csv,1,1,0,0
fit:4646790a223ca804ff872615506f25932dc9009c9ddf09dd7973b26339c7531e,2026-09-05T13:05:42+00:00,74,55,169,90,10.037,22.0,37,fit:4646790a223ca804ff872615506f25932dc9009c9ddf09dd7973b26339c7531e:segment:008,8,2219.0,1929,activities/125_260905142842.csv,1,1,0,0
fit:4646790a223ca804ff872615506f25932dc9009c9ddf09dd7973b26339c7531e,2026-09-05T13:05:43+00:00,75,60,169,87,9.802,22.0,37,fit:4646790a223ca804ff872615506f25932dc9009c9ddf09dd7973b26339c7531e:segment:008,8,2220.0,1930,activities/125_260905142842.csv,1,1,0,0
fit:4646790a223ca804ff872615506f25932dc9009c9ddf09dd7973b26339c7531e,2026-09-05T13:05:44+00:00,76,52,169,84,9.509,22.399999999999977,37,fit:4646790a223ca804ff872615506f25932dc9009c9ddf09dd7973b26339c7531e:segment:008,8,2221.0,1931,activities/125_260905142842.csv,1,1,0,0
fit:4646790a223ca804ff872615506f25932dc9009c9ddf09dd7973b26339c7531e,2026-09-05T13:05:45+00:00,77,57,167,84,9.386,22.399999999999977,37,fit:4646790a223ca804ff872615506f25932dc9009c9ddf09dd7973b26339c7531e:segment:008,8,2222.0,1932,activities/125_260905142842.csv,1,1,0,0
fit:4646790a223ca804ff872615506f25932dc9009c9ddf09dd7973b26339c7531e,2026-09-05T13:05:46+00:00,78,54,166,83,9.283,22.399999999999977,37,fit:4646790a223ca804ff872615506f25932dc9009c9ddf09dd7973b26339c7531e:segment:008,8,2223.0,1933,activities/125_260905142842.csv,1,1,0,0
fit:4646790a223ca804ff872615506f25932dc9009c9ddf09dd7973b26339c7531e,2026-09-05T13:05:47+00:00,79,54,166,82,9.18,23.0,37,fit:4646790a223ca804ff872615506f25932dc9009c9ddf09dd7973b26339c7531e:segment:008,8,2224.0,1934,activities/125_260905142842.csv,1,1,0,0
fit:4646790a223ca804ff872615506f25932dc9009c9ddf09dd7973b26339c7531e,2026-09-05T13:05:48+00:00,80,81,164,82,9.066,23.399999999999977,37,fit:4646790a223ca804ff872615506f25932dc9009c9ddf09dd7973b26339c7531e:segment:008,8,2225.0,1935,activities/125_260905142842.csv,1,1,0,0
fit:4646790a223ca804ff872615506f25932dc9009c9ddf09dd7973b26339c7531e,2026-09-05T13:05:49+00:00,81,70,164,79,8.897,23.399999999999977,37,fit:4646790a223ca804ff872615506f25932dc9009c9ddf09dd7973b26339c7531e:segment:008,8,2226.0,1936,activities/125_260905142842.csv,1,1,0,0
fit:4646790a223ca804ff872615506f25932dc9009c9ddf09dd7973b26339c7531e,2026-09-05T13:05:50+00:00,82,70,163,78,8.833,23.399999999999977,37,fit:4646790a223ca804ff872615506f25932dc9009c9ddf09dd7973b26339c7531e:segment:008,8,2227.0,1937,activities/125_260905142842.csv,1,1,0,0
fit:4646790a223ca804ff872615506f25932dc9009c9ddf09dd7973b26339c7531e,2026-09-05T13:05:51+00:00,83,70,162,77,8.745,23.399999999999977,37,fit:4646790a223ca804ff872615506f25932dc9009c9ddf09dd7973b26339c7531e:segment:008,8,2228.0,1938,activities/125_260905142842.csv,1,1,0,0
fit:4646790a223ca804ff872615506f25932dc9009c9ddf09dd7973b26339c7531e,2026-09-05T13:05:52+00:00,84,93,161,77,8.611,23.200000000000045,37,fit:4646790a223ca804ff872615506f25932dc9009c9ddf09dd7973b26339c7531e:segment:008,8,2229.0,1939,activities/125_260905142842.csv,1,1,0,0
fit:4646790a223ca804ff872615506f25932dc9009c9ddf09dd7973b26339c7531e,2026-09-05T13:05:53+00:00,85,156,160,76,8.517,23.200000000000045,37,fit:4646790a223ca804ff872615506f25932dc9009c9ddf09dd7973b26339c7531e:segment:008,8,2230.0,1940,activities/125_260905142842.csv,1,1,0,0
fit:4646790a223ca804ff872615506f25932dc9009c9ddf09dd7973b26339c7531e,2026-09-05T13:05:54+00:00,86,136,160,76,8.421,23.200000000000045,37,fit:4646790a223ca804ff872615506f25932dc9009c9ddf09dd7973b26339c7531e:segment:008,8,2231.0,1941,activities/125_260905142842.csv,1,1,0,0
fit:4646790a223ca804ff872615506f25932dc9009c9ddf09dd7973b26339c7531e,2026-09-05T13:05:55+00:00,87,139,159,76,8.423,23.200000000000045,36,fit:4646790a223ca804ff872615506f25932dc9009c9ddf09dd7973b26339c7531e:segment:008,8,2232.0,1942,activities/125_260905142842.csv,1,1,0,0
fit:4646790a223ca804ff872615506f25932dc9009c9ddf09dd7973b26339c7531e,2026-09-05T13:05:56+00:00,88,137,158,76,8.424,23.799999999999955,36,fit:4646790a223ca804ff872615506f25932dc9009c9ddf09dd7973b26339c7531e:segment:008,8,2233.0,1943,activities/125_260905142842.csv,1,1,0,0
fit:4646790a223ca804ff872615506f25932dc9009c9ddf09dd7973b26339c7531e,2026-09-05T13:05:57+00:00,89,132,157,76,8.434,23.799999999999955,36,fit:4646790a223ca804ff872615506f25932dc9009c9ddf09dd7973b26339c7531e:segment:008,8,2234.0,1944,activities/125_260905142842.csv,1,1,0,0
fit:4646790a223ca804ff872615506f25932dc9009c9ddf09dd7973b26339c7531e,2026-09-05T13:05:58+00:00,90,108,157,75,8.379,23.799999999999955,36,fit:4646790a223ca804ff872615506f25932dc9009c9ddf09dd7973b26339c7531e:segment:008,8,2235.0,1945,activities/125_260905142842.csv,1,1,0,0
fit:4646790a223ca804ff872615506f25932dc9009c9ddf09dd7973b26339c7531e,2026-09-05T13:05:59+00:00,91,134,156,75,8.392,22.799999999999955,36,fit:4646790a223ca804ff872615506f25932dc9009c9ddf09dd7973b26339c7531e:segment:008,8,2236.0,1946,activities/125_260905142842.csv,1,1,0,0
fit:4646790a223ca804ff872615506f25932dc9009c9ddf09dd7973b26339c7531e,2026-09-05T13:06:00+00:00,92,150,155,74,8.373,23.200000000000045,36,fit:4646790a223ca804ff872615506f25932dc9009c9ddf09dd7973b26339c7531e:segment:008,8,2237.0,1947,activities/125_260905142842.csv,1,1,0,0
fit:4646790a223ca804ff872615506f25932dc9009c9ddf09dd7973b26339c7531e,2026-09-05T13:06:01+00:00,93,148,153,74,8.285,23.200000000000045,36,fit:4646790a223ca804ff872615506f25932dc9009c9ddf09dd7973b26339c7531e:segment:008,8,2238.0,1948,activities/125_260905142842.csv,1,1,0,0
fit:4646790a223ca804ff872615506f25932dc9009c9ddf09dd7973b26339c7531e,2026-09-05T13:06:02+00:00,94,166,153,74,8.287,23.200000000000045,36,fit:4646790a223ca804ff872615506f25932dc9009c9ddf09dd7973b26339c7531e:segment:008,8,2239.0,1949,activities/125_260905142842.csv,1,1,0,0
fit:4646790a223ca804ff872615506f25932dc9009c9ddf09dd7973b26339c7531e,2026-09-05T13:06:03+00:00,95,167,152,74,8.242,23.200000000000045,36,fit:4646790a223ca804ff872615506f25932dc9009c9ddf09dd7973b26339c7531e:segment:008,8,2240.0,1950,activities/125_260905142842.csv,1,1,0,0
fit:4646790a223ca804ff872615506f25932dc9009c9ddf09dd7973b26339c7531e,2026-09-05T13:06:04+00:00,96,152,150,75,8.277,20.399999999999977,36,fit:4646790a223ca804ff872615506f25932dc9009c9ddf09dd7973b26339c7531e:segment:008,8,2241.0,1951,activities/125_260905142842.csv,1,1,0,0
fit:4646790a223ca804ff872615506f25932dc9009c9ddf09dd7973b26339c7531e,2026-09-05T13:06:05+00:00,97,151,149,75,8.267,20.399999999999977,36,fit:4646790a223ca804ff872615506f25932dc9009c9ddf09dd7973b26339c7531e:segment:008,8,2242.0,1952,activities/125_260905142842.csv,1,1,0,0
fit:4646790a223ca804ff872615506f25932dc9009c9ddf09dd7973b26339c7531e,2026-09-05T13:06:06+00:00,98,151,149,75,8.325,20.399999999999977,36,fit:4646790a223ca804ff872615506f25932dc9009c9ddf09dd7973b26339c7531e:segment:008,8,2243.0,1953,activities/125_260905142842.csv,1,1,0,0
fit:4646790a223ca804ff872615506f25932dc9009c9ddf09dd7973b26339c7531e,2026-09-05T13:06:07+00:00,99,92,149,75,8.354,21.399999999999977,36,fit:4646790a223ca804ff872615506f25932dc9009c9ddf09dd7973b26339c7531e:segment:008,8,2244.0,1954,activities/125_260905142842.csv,1,1,0,0
fit:4646790a223ca804ff872615506f25932dc9009c9ddf09dd7973b26339c7531e,2026-09-05T13:06:08+00:00,100,92,149,75,8.312,23.0,36,fit:4646790a223ca804ff872615506f25932dc9009c9ddf09dd7973b26339c7531e:segment:008,8,2245.0,1955,activities/125_260905142842.csv,1,1,0,0
fit:4646790a223ca804ff872615506f25932dc9009c9ddf09dd7973b26339c7531e,2026-09-05T13:06:09+00:00,101,109,149,74,8.179,23.0,36,fit:4646790a223ca804ff872615506f25932dc9009c9ddf09dd7973b26339c7531e:segment:008,8,2246.0,1956,activities/125_260905142842.csv,1,1,0,0
fit:4646790a223ca804ff872615506f25932dc9009c9ddf09dd7973b26339c7531e,2026-09-05T13:06:10+00:00,102,230,149,75,8.235,23.0,36,fit:4646790a223ca804ff872615506f25932dc9009c9ddf09dd7973b26339c7531e:segment:008,8,2247.0,1957,activities/125_260905142842.csv,1,1,0,0
fit:4646790a223ca804ff872615506f25932dc9009c9ddf09dd7973b26339c7531e,2026-09-05T13:06:11+00:00,103,767,148,82,8.253,23.0,36,fit:4646790a223ca804ff872615506f25932dc9009c9ddf09dd7973b26339c7531e:segment:008,8,2248.0,1958,activities/125_260905142842.csv,1,1,0,0
fit:4646790a223ca804ff872615506f25932dc9009c9ddf09dd7973b26339c7531e,2026-09-05T13:06:12+00:00,104,727,148,87,8.671,22.0,36,fit:4646790a223ca804ff872615506f25932dc9009c9ddf09dd7973b26339c7531e:segment:008,8,2249.0,1959,activities/125_260905142842.csv,1,1,0,0
fit:4646790a223ca804ff872615506f25932dc9009c9ddf09dd7973b26339c7531e,2026-09-05T13:06:13+00:00,105,727,148,87,9.053,22.0,36,fit:4646790a223ca804ff872615506f25932dc9009c9ddf09dd7973b26339c7531e:segment:008,8,2250.0,1960,activities/125_260905142842.csv,1,1,0,0
fit:4646790a223ca804ff872615506f25932dc9009c9ddf09dd7973b26339c7531e,2026-09-05T13:06:14+00:00,106,778,147,97,9.579,22.0,36,fit:4646790a223ca804ff872615506f25932dc9009c9ddf09dd7973b26339c7531e:segment:008,8,2251.0,1961,activities/125_260905142842.csv,1,1,0,0
fit:4646790a223ca804ff872615506f25932dc9009c9ddf09dd7973b26339c7531e,2026-09-05T13:06:15+00:00,107,658,147,102,10.054,22.0,36,fit:4646790a223ca804ff872615506f25932dc9009c9ddf09dd7973b26339c7531e:segment:008,8,2252.0,1962,activities/125_260905142842.csv,1,1,0,0
fit:4646790a223ca804ff872615506f25932dc9009c9ddf09dd7973b26339c7531e,2026-09-05T13:06:16+00:00,108,451,147,85,10.578,21.200000000000045,36,fit:4646790a223ca804ff872615506f25932dc9009c9ddf09dd7973b26339c7531e:segment:008,8,2253.0,1963,activities/125_260905142842.csv,1,1,0,0
fit:4646790a223ca804ff872615506f25932dc9009c9ddf09dd7973b26339c7531e,2026-09-05T13:06:17+00:00,109,451,148,85,11.137,21.200000000000045,36,fit:4646790a223ca804ff872615506f25932dc9009c9ddf09dd7973b26339c7531e:segment:008,8,2254.0,1964,activities/125_260905142842.csv,1,1,0,0
fit:4646790a223ca804ff872615506f25932dc9009c9ddf09dd7973b26339c7531e,2026-09-05T13:06:18+00:00,110,488,150,81,11.074,21.200000000000045,36,fit:4646790a223ca804ff872615506f25932dc9009c9ddf09dd7973b26339c7531e:segment:008,8,2255.0,1965,activities/125_260905142842.csv,1,1,0,0
fit:4646790a223ca804ff872615506f25932dc9009c9ddf09dd7973b26339c7531e,2026-09-05T13:06:19+00:00,111,472,152,91,11.22,21.200000000000045,36,fit:4646790a223ca804ff872615506f25932dc9009c9ddf09dd7973b26339c7531e:segment:008,8,2256.0,1966,activities/125_260905142842.csv,1,1,0,0
fit:4646790a223ca804ff872615506f25932dc9009c9ddf09dd7973b26339c7531e,2026-09-05T13:06:20+00:00,112,494,153,94,11.466,21.200000000000045,36,fit:4646790a223ca804ff872615506f25932dc9009c9ddf09dd7973b26339c7531e:segment:008,8,2257.0,1967,activities/125_260905142842.csv,1,1,0,0
fit:4646790a223ca804ff872615506f25932dc9009c9ddf09dd7973b26339c7531e,2026-09-05T13:06:21+00:00,113,527,153,96,11.751,21.200000000000045,36,fit:4646790a223ca804ff872615506f25932dc9009c9ddf09dd7973b26339c7531e:segment:008,8,2258.0,1968,activities/125_260905142842.csv,1,1,0,0
fit:4646790a223ca804ff872615506f25932dc9009c9ddf09dd7973b26339c7531e,2026-09-05T13:06:22+00:00,114,398,155,97,11.765,21.200000000000045,36,fit:4646790a223ca804ff872615506f25932dc9009c9ddf09dd7973b26339c7531e:segment:008,8,2259.0,1969,activities/125_260905142842.csv,1,1,0,0
fit:4646790a223ca804ff872615506f25932dc9009c9ddf09dd7973b26339c7531e,2026-09-05T13:06:23+00:00,115,350,156,98,11.887,21.200000000000045,36,fit:4646790a223ca804ff872615506f25932dc9009c9ddf09dd7973b26339c7531e:segment:008,8,2260.0,1970,activities/125_260905142842.csv,1,1,0,0
fit:4646790a223ca804ff872615506f25932dc9009c9ddf09dd7973b26339c7531e,2026-09-05T13:06:24+00:00,116,413,158,99,12.098,21.799999999999955,36,fit:4646790a223ca804ff872615506f25932dc9009c9ddf09dd7973b26339c7531e:segment:008,8,2261.0,1971,activities/125_260905142842.csv,1,1,0,0
fit:4646790a223ca804ff872615506f25932dc9009c9ddf09dd7973b26339c7531e,2026-09-05T13:06:25+00:00,117,406,159,99,12.222,21.799999999999955,36,fit:4646790a223ca804ff872615506f25932dc9009c9ddf09dd7973b26339c7531e:segment:008,8,2262.0,1972,activities/125_260905142842.csv,1,1,0,0
fit:4646790a223ca804ff872615506f25932dc9009c9ddf09dd7973b26339c7531e,2026-09-05T13:06:26+00:00,118,413,160,100,12.278,21.799999999999955,36,fit:4646790a223ca804ff872615506f25932dc9009c9ddf09dd7973b26339c7531e:segment:008,8,2263.0,1973,activities/125_260905142842.csv,1,1,0,0
fit:4646790a223ca804ff872615506f25932dc9009c9ddf09dd7973b26339c7531e,2026-09-05T13:06:27+00:00,119,453,162,100,12.379,21.799999999999955,36,fit:4646790a223ca804ff872615506f25932dc9009c9ddf09dd7973b26339c7531e:segment:008,8,2264.0,1974,activities/125_260905142842.csv,1,1,0,0
fit:4646790a223ca804ff872615506f25932dc9009c9ddf09dd7973b26339c7531e,2026-09-05T13:06:28+00:00,120,407,163,100,12.472,20.0,36,fit:4646790a223ca804ff872615506f25932dc9009c9ddf09dd7973b26339c7531e:segment:008,8,2265.0,1975,activities/125_260905142842.csv,1,1,0,0
fit:4646790a223ca804ff872615506f25932dc9009c9ddf09dd7973b26339c7531e,2026-09-05T13:06:29+00:00,121,455,164,101,12.42,20.0,36,fit:4646790a223ca804ff872615506f25932dc9009c9ddf09dd7973b26339c7531e:segment:008,8,2266.0,1976,activities/125_260905142842.csv,1,1,0,0
fit:4646790a223ca804ff872615506f25932dc9009c9ddf09dd7973b26339c7531e,2026-09-05T13:06:30+00:00,122,455,166,102,12.571,20.0,36,fit:4646790a223ca804ff872615506f25932dc9009c9ddf09dd7973b26339c7531e:segment:008,8,2267.0,1977,activities/125_260905142842.csv,1,1,0,0
fit:4646790a223ca804ff872615506f25932dc9009c9ddf09dd7973b26339c7531e,2026-09-05T13:06:31+00:00,123,451,166,103,12.572,20.0,36,fit:4646790a223ca804ff872615506f25932dc9009c9ddf09dd7973b26339c7531e:segment:008,8,2268.0,1978,activities/125_260905142842.csv,1,1,0,0
fit:4646790a223ca804ff872615506f25932dc9009c9ddf09dd7973b26339c7531e,2026-09-05T13:06:32+00:00,124,459,169,103,12.767,20.799999999999955,36,fit:4646790a223ca804ff872615506f25932dc9009c9ddf09dd7973b26339c7531e:segment:008,8,2269.0,1979,activities/125_260905142842.csv,1,1,0,0
fit:4646790a223ca804ff872615506f25932dc9009c9ddf09dd7973b26339c7531e,2026-09-05T13:06:33+00:00,125,470,169,103,12.833,20.799999999999955,36,fit:4646790a223ca804ff872615506f25932dc9009c9ddf09dd7973b26339c7531e:segment:008,8,2270.0,1980,activities/125_260905142842.csv,1,1,0,0
fit:4646790a223ca804ff872615506f25932dc9009c9ddf09dd7973b26339c7531e,2026-09-05T13:06:34+00:00,126,470,171,104,12.881,20.799999999999955,36,fit:4646790a223ca804ff872615506f25932dc9009c9ddf09dd7973b26339c7531e:segment:008,8,2271.0,1981,activities/125_260905142842.csv,1,1,0,0
fit:4646790a223ca804ff872615506f25932dc9009c9ddf09dd7973b26339c7531e,2026-09-05T13:06:35+00:00,127,473,171,105,12.884,20.399999999999977,36,fit:4646790a223ca804ff872615506f25932dc9009c9ddf09dd7973b26339c7531e:segment:008,8,2272.0,1982,activities/125_260905142842.csv,1,1,0,0
fit:4646790a223ca804ff872615506f25932dc9009c9ddf09dd7973b26339c7531e,2026-09-05T13:06:36+00:00,128,405,172,106,12.993,19.799999999999955,36,fit:4646790a223ca804ff872615506f25932dc9009c9ddf09dd7973b26339c7531e:segment:008,8,2273.0,1983,activities/125_260905142842.csv,1,1,0,0
fit:4646790a223ca804ff872615506f25932dc9009c9ddf09dd7973b26339c7531e,2026-09-05T13:06:37+00:00,129,432,174,106,13.085,19.799999999999955,36,fit:4646790a223ca804ff872615506f25932dc9009c9ddf09dd7973b26339c7531e:segment:008,8,2274.0,1984,activities/125_260905142842.csv,1,1,0,0
fit:4646790a223ca804ff872615506f25932dc9009c9ddf09dd7973b26339c7531e,2026-09-05T13:06:38+00:00,130,383,175,106,13.067,19.799999999999955,36,fit:4646790a223ca804ff872615506f25932dc9009c9ddf09dd7973b26339c7531e:segment:008,8,2275.0,1985,activities/125_260905142842.csv,1,1,0,0
fit:4646790a223ca804ff872615506f25932dc9009c9ddf09dd7973b26339c7531e,2026-09-05T13:06:39+00:00,131,305,175,106,13.039,20.799999999999955,36,fit:4646790a223ca804ff872615506f25932dc9009c9ddf09dd7973b26339c7531e:segment:008,8,2276.0,1986,activities/125_260905142842.csv,1,1,0,0
fit:4646790a223ca804ff872615506f25932dc9009c9ddf09dd7973b26339c7531e,2026-09-05T13:06:40+00:00,132,391,177,105,13.166,20.799999999999955,36,fit:4646790a223ca804ff872615506f25932dc9009c9ddf09dd7973b26339c7531e:segment:008,8,2277.0,1987,activities/125_260905142842.csv,1,1,0,0
fit:4646790a223ca804ff872615506f25932dc9009c9ddf09dd7973b26339c7531e,2026-09-05T13:06:41+00:00,133,537,177,105,13.054,20.799999999999955,36,fit:4646790a223ca804ff872615506f25932dc9009c9ddf09dd7973b26339c7531e:segment:008,8,2278.0,1988,activities/125_260905142842.csv,1,1,0,0
fit:4646790a223ca804ff872615506f25932dc9009c9ddf09dd7973b26339c7531e,2026-09-05T13:06:42+00:00,134,446,177,105,13.159,20.799999999999955,36,fit:4646790a223ca804ff872615506f25932dc9009c9ddf09dd7973b26339c7531e:segment:008,8,2279.0,1989,activities/125_260905142842.csv,1,1,0,0
fit:4646790a223ca804ff872615506f25932dc9009c9ddf09dd7973b26339c7531e,2026-09-05T13:06:43+00:00,135,363,178,106,13.08,19.799999999999955,36,fit:4646790a223ca804ff872615506f25932dc9009c9ddf09dd7973b26339c7531e:segment:008,8,2280.0,1990,activities/125_260905142842.csv,1,1,0,0
fit:4646790a223ca804ff872615506f25932dc9009c9ddf09dd7973b26339c7531e,2026-09-05T13:06:44+00:00,136,263,179,106,13.252,19.799999999999955,36,fit:4646790a223ca804ff872615506f25932dc9009c9ddf09dd7973b26339c7531e:segment:008,8,2281.0,1991,activities/125_260905142842.csv,1,1,0,0
fit:4646790a223ca804ff872615506f25932dc9009c9ddf09dd7973b26339c7531e,2026-09-05T13:06:45+00:00,137,423,180,106,13.174,19.799999999999955,36,fit:4646790a223ca804ff872615506f25932dc9009c9ddf09dd7973b26339c7531e:segment:008,8,2282.0,1992,activities/125_260905142842.csv,1,1,0,0
fit:4646790a223ca804ff872615506f25932dc9009c9ddf09dd7973b26339c7531e,2026-09-05T13:06:46+00:00,138,400,180,106,13.283,19.799999999999955,36,fit:4646790a223ca804ff872615506f25932dc9009c9ddf09dd7973b26339c7531e:segment:008,8,2283.0,1993,activities/125_260905142842.csv,1,1,0,0
fit:4646790a223ca804ff872615506f25932dc9009c9ddf09dd7973b26339c7531e,2026-09-05T13:06:47+00:00,139,368,180,106,13.241,19.799999999999955,36,fit:4646790a223ca804ff872615506f25932dc9009c9ddf09dd7973b26339c7531e:segment:008,8,2284.0,1994,activities/125_260905142842.csv,1,1,0,0
fit:4646790a223ca804ff872615506f25932dc9009c9ddf09dd7973b26339c7531e,2026-09-05T13:06:48+00:00,140,368,180,106,13.248,19.600000000000023,36,fit:4646790a223ca804ff872615506f25932dc9009c9ddf09dd7973b26339c7531e:segment:008,8,2285.0,1995,activities/125_260905142842.csv,1,1,0,0
fit:4646790a223ca804ff872615506f25932dc9009c9ddf09dd7973b26339c7531e,2026-09-05T13:06:49+00:00,141,372,180,106,13.236,19.600000000000023,36,fit:4646790a223ca804ff872615506f25932dc9009c9ddf09dd7973b26339c7531e:segment:008,8,2286.0,1996,activities/125_260905142842.csv,1,1,0,0
fit:4646790a223ca804ff872615506f25932dc9009c9ddf09dd7973b26339c7531e,2026-09-05T13:06:50+00:00,142,116,180,105,13.098,19.600000000000023,36,fit:4646790a223ca804ff872615506f25932dc9009c9ddf09dd7973b26339c7531e:segment:008,8,2287.0,1997,activities/125_260905142842.csv,1,1,0,0
fit:4646790a223ca804ff872615506f25932dc9009c9ddf09dd7973b26339c7531e,2026-09-05T13:06:51+00:00,143,91,181,102,13.107,19.600000000000023,36,fit:4646790a223ca804ff872615506f25932dc9009c9ddf09dd7973b26339c7531e:segment:008,8,2288.0,1998,activities/125_260905142842.csv,1,1,0,0
fit:4646790a223ca804ff872615506f25932dc9009c9ddf09dd7973b26339c7531e,2026-09-05T13:06:52+00:00,144,80,181,100,12.929,20.399999999999977,36,fit:4646790a223ca804ff872615506f25932dc9009c9ddf09dd7973b26339c7531e:segment:008,8,2289.0,1999,activities/125_260905142842.csv,1,1,0,0
fit:4646790a223ca804ff872615506f25932dc9009c9ddf09dd7973b26339c7531e,2026-09-05T13:06:53+00:00,145,66,181,100,12.694,20.399999999999977,36,fit:4646790a223ca804ff872615506f25932dc9009c9ddf09dd7973b26339c7531e:segment:008,8,2290.0,2000,activities/125_260905142842.csv,1,1,0,0
fit:4646790a223ca804ff872615506f25932dc9009c9ddf09dd7973b26339c7531e,2026-09-05T13:06:54+00:00,146,66,180,98,12.5,20.399999999999977,36,fit:4646790a223ca804ff872615506f25932dc9009c9ddf09dd7973b26339c7531e:segment:008,8,2291.0,2001,activities/125_260905142842.csv,1,1,0,0
fit:4646790a223ca804ff872615506f25932dc9009c9ddf09dd7973b26339c7531e,2026-09-05T13:06:55+00:00,147,66,180,98,12.203,20.399999999999977,36,fit:4646790a223ca804ff872615506f25932dc9009c9ddf09dd7973b26339c7531e:segment:008,8,2292.0,2002,activities/125_260905142842.csv,1,1,0,0
fit:4646790a223ca804ff872615506f25932dc9009c9ddf09dd7973b26339c7531e,2026-09-05T13:06:56+00:00,148,66,180,63,11.846,20.600000000000023,36,fit:4646790a223ca804ff872615506f25932dc9009c9ddf09dd7973b26339c7531e:segment:008,8,2293.0,2003,activities/125_260905142842.csv,1,1,0,0
fit:4646790a223ca804ff872615506f25932dc9009c9ddf09dd7973b26339c7531e,2026-09-05T13:06:57+00:00,149,66,180,63,11.564,20.600000000000023,36,fit:4646790a223ca804ff872615506f25932dc9009c9ddf09dd7973b26339c7531e:segment:008,8,2294.0,2004,activities/125_260905142842.csv,1,1,0,0
fit:4646790a223ca804ff872615506f25932dc9009c9ddf09dd7973b26339c7531e,2026-09-05T13:06:58+00:00,150,66,179,63,11.329,20.600000000000023,36,fit:4646790a223ca804ff872615506f25932dc9009c9ddf09dd7973b26339c7531e:segment:008,8,2295.0,2005,activities/125_260905142842.csv,1,1,0,0
fit:4646790a223ca804ff872615506f25932dc9009c9ddf09dd7973b26339c7531e,2026-09-05T13:06:59+00:00,151,0,179,63,11.116,19.600000000000023,36,fit:4646790a223ca804ff872615506f25932dc9009c9ddf09dd7973b26339c7531e:segment:008,8,2296.0,2006,activities/125_260905142842.csv,1,1,0,0
fit:4646790a223ca804ff872615506f25932dc9009c9ddf09dd7973b26339c7531e,2026-09-05T13:07:00+00:00,152,0,178,0,10.809,19.200000000000045,36,fit:4646790a223ca804ff872615506f25932dc9009c9ddf09dd7973b26339c7531e:segment:008,8,2297.0,2007,activities/125_260905142842.csv,1,1,0,0
fit:4646790a223ca804ff872615506f25932dc9009c9ddf09dd7973b26339c7531e,2026-09-05T13:07:01+00:00,153,0,177,0,10.583,19.200000000000045,36,fit:4646790a223ca804ff872615506f25932dc9009c9ddf09dd7973b26339c7531e:segment:008,8,2298.0,2008,activities/125_260905142842.csv,1,1,0,0
fit:4646790a223ca804ff872615506f25932dc9009c9ddf09dd7973b26339c7531e,2026-09-05T13:07:02+00:00,154,0,176,0,10.274,19.200000000000045,36,fit:4646790a223ca804ff872615506f25932dc9009c9ddf09dd7973b26339c7531e:segment:008,8,2299.0,2009,activities/125_260905142842.csv,1,1,0,0
fit:4646790a223ca804ff872615506f25932dc9009c9ddf09dd7973b26339c7531e,2026-09-05T13:07:03+00:00,155,0,175,0,9.664,20.200000000000045,36,fit:4646790a223ca804ff872615506f25932dc9009c9ddf09dd7973b26339c7531e:segment:008,8,2300.0,2010,activities/125_260905142842.csv,1,1,0,0
fit:4646790a223ca804ff872615506f25932dc9009c9ddf09dd7973b26339c7531e,2026-09-05T13:07:04+00:00,156,0,174,0,9.108,20.600000000000023,36,fit:4646790a223ca804ff872615506f25932dc9009c9ddf09dd7973b26339c7531e:segment:008,8,2301.0,2011,activities/125_260905142842.csv,1,1,0,0
fit:4646790a223ca804ff872615506f25932dc9009c9ddf09dd7973b26339c7531e,2026-09-05T13:07:05+00:00,157,0,173,0,8.67,20.600000000000023,36,fit:4646790a223ca804ff872615506f25932dc9009c9ddf09dd7973b26339c7531e:segment:008,8,2302.0,2012,activities/125_260905142842.csv,1,1,0,0
fit:4646790a223ca804ff872615506f25932dc9009c9ddf09dd7973b26339c7531e,2026-09-05T13:07:06+00:00,158,0,172,0,7.829,20.600000000000023,36,fit:4646790a223ca804ff872615506f25932dc9009c9ddf09dd7973b26339c7531e:segment:008,8,2303.0,2013,activities/125_260905142842.csv,1,1,0,0
fit:4646790a223ca804ff872615506f25932dc9009c9ddf09dd7973b26339c7531e,2026-09-05T13:07:07+00:00,159,0,170,0,6.648,20.799999999999955,36,fit:4646790a223ca804ff872615506f25932dc9009c9ddf09dd7973b26339c7531e:segment:008,8,2304.0,2014,activities/125_260905142842.csv,1,1,0,0
fit:4646790a223ca804ff872615506f25932dc9009c9ddf09dd7973b26339c7531e,2026-09-05T13:07:08+00:00,160,0,169,0,5.388,21.799999999999955,36,fit:4646790a223ca804ff872615506f25932dc9009c9ddf09dd7973b26339c7531e:segment:008,8,2305.0,2015,activities/125_260905142842.csv,1,1,0,0
fit:4646790a223ca804ff872615506f25932dc9009c9ddf09dd7973b26339c7531e,2026-09-05T13:07:09+00:00,161,0,168,0,4.228,21.799999999999955,36,fit:4646790a223ca804ff872615506f25932dc9009c9ddf09dd7973b26339c7531e:segment:008,8,2306.0,2016,activities/125_260905142842.csv,1,1,0,0
fit:4646790a223ca804ff872615506f25932dc9009c9ddf09dd7973b26339c7531e,2026-09-05T13:07:10+00:00,162,0,167,0,3.486,21.799999999999955,36,fit:4646790a223ca804ff872615506f25932dc9009c9ddf09dd7973b26339c7531e:segment:008,8,2307.0,2017,activities/125_260905142842.csv,1,1,0,0
fit:4646790a223ca804ff872615506f25932dc9009c9ddf09dd7973b26339c7531e,2026-09-05T13:07:11+00:00,163,0,165,0,2.964,22.200000000000045,36,fit:4646790a223ca804ff872615506f25932dc9009c9ddf09dd7973b26339c7531e:segment:008,8,2308.0,2018,activities/125_260905142842.csv,1,1,0,0
fit:4646790a223ca804ff872615506f25932dc9009c9ddf09dd7973b26339c7531e,2026-09-05T13:07:12+00:00,164,0,164,0,2.397,21.600000000000023,36,fit:4646790a223ca804ff872615506f25932dc9009c9ddf09dd7973b26339c7531e:segment:008,8,2309.0,2019,activities/125_260905142842.csv,1,1,0,0
fit:4646790a223ca804ff872615506f25932dc9009c9ddf09dd7973b26339c7531e,2026-09-05T13:07:13+00:00,165,17,162,0,2.315,21.600000000000023,36,fit:4646790a223ca804ff872615506f25932dc9009c9ddf09dd7973b26339c7531e:segment:008,8,2310.0,2020,activities/125_260905142842.csv,1,1,0,0
fit:4646790a223ca804ff872615506f25932dc9009c9ddf09dd7973b26339c7531e,2026-09-05T13:07:14+00:00,166,17,162,0,2.301,21.600000000000023,36,fit:4646790a223ca804ff872615506f25932dc9009c9ddf09dd7973b26339c7531e:segment:008,8,2311.0,2021,activities/125_260905142842.csv,1,1,0,0
fit:4646790a223ca804ff872615506f25932dc9009c9ddf09dd7973b26339c7531e,2026-09-05T13:07:15+00:00,167,17,161,0,2.342,21.600000000000023,36,fit:4646790a223ca804ff872615506f25932dc9009c9ddf09dd7973b26339c7531e:segment:008,8,2312.0,2022,activities/125_260905142842.csv,1,1,0,0
fit:4646790a223ca804ff872615506f25932dc9009c9ddf09dd7973b26339c7531e,2026-09-05T13:07:16+00:00,168,125,160,24,2.663,22.600000000000023,36,fit:4646790a223ca804ff872615506f25932dc9009c9ddf09dd7973b26339c7531e:segment:008,8,2313.0,2023,activities/125_260905142842.csv,1,1,0,0
fit:4646790a223ca804ff872615506f25932dc9009c9ddf09dd7973b26339c7531e,2026-09-05T13:07:17+00:00,169,125,159,24,2.991,22.600000000000023,36,fit:4646790a223ca804ff872615506f25932dc9009c9ddf09dd7973b26339c7531e:segment:008,8,2314.0,2024,activities/125_260905142842.csv,1,1,0,0
fit:4646790a223ca804ff872615506f25932dc9009c9ddf09dd7973b26339c7531e,2026-09-05T13:07:18+00:00,170,135,158,24,3.426,22.600000000000023,36,fit:4646790a223ca804ff872615506f25932dc9009c9ddf09dd7973b26339c7531e:segment:008,8,2315.0,2025,activities/125_260905142842.csv,1,1,0,0
fit:4646790a223ca804ff872615506f25932dc9009c9ddf09dd7973b26339c7531e,2026-09-05T13:07:19+00:00,171,136,157,31,3.739,21.600000000000023,36,fit:4646790a223ca804ff872615506f25932dc9009c9ddf09dd7973b26339c7531e:segment:008,8,2316.0,2026,activities/125_260905142842.csv,1,1,0,0
fit:4646790a223ca804ff872615506f25932dc9009c9ddf09dd7973b26339c7531e,2026-09-05T13:07:20+00:00,172,136,157,31,4.066,21.600000000000023,36,fit:4646790a223ca804ff872615506f25932dc9009c9ddf09dd7973b26339c7531e:segment:008,8,2317.0,2027,activities/125_260905142842.csv,1,1,0,0
fit:4646790a223ca804ff872615506f25932dc9009c9ddf09dd7973b26339c7531e,2026-09-05T13:07:21+00:00,173,136,156,31,4.132,21.600000000000023,36,fit:4646790a223ca804ff872615506f25932dc9009c9ddf09dd7973b26339c7531e:segment:008,8,2318.0,2028,activities/125_260905142842.csv,1,1,0,0
fit:4646790a223ca804ff872615506f25932dc9009c9ddf09dd7973b26339c7531e,2026-09-05T13:07:22+00:00,174,125,154,30,4.181,21.600000000000023,36,fit:4646790a223ca804ff872615506f25932dc9009c9ddf09dd7973b26339c7531e:segment:008,8,2319.0,2029,activities/125_260905142842.csv,1,1,0,0
fit:4646790a223ca804ff872615506f25932dc9009c9ddf09dd7973b26339c7531e,2026-09-05T13:07:23+00:00,175,12,153,29,4.156,21.600000000000023,36,fit:4646790a223ca804ff872615506f25932dc9009c9ddf09dd7973b26339c7531e:segment:008,8,2320.0,2030,activities/125_260905142842.csv,1,1,0,0
fit:4646790a223ca804ff872615506f25932dc9009c9ddf09dd7973b26339c7531e,2026-09-05T13:07:24+00:00,176,12,152,0,3.732,22.0,36,fit:4646790a223ca804ff872615506f25932dc9009c9ddf09dd7973b26339c7531e:segment:008,8,2321.0,2031,activities/125_260905142842.csv,1,1,0,0
fit:4646790a223ca804ff872615506f25932dc9009c9ddf09dd7973b26339c7531e,2026-09-05T13:07:25+00:00,177,13,151,0,2.67,22.0,36,fit:4646790a223ca804ff872615506f25932dc9009c9ddf09dd7973b26339c7531e:segment:008,8,2322.0,2032,activities/125_260905142842.csv,1,1,0,0
fit:4646790a223ca804ff872615506f25932dc9009c9ddf09dd7973b26339c7531e,2026-09-05T13:07:26+00:00,178,13,150,0,0.0,22.0,36,fit:4646790a223ca804ff872615506f25932dc9009c9ddf09dd7973b26339c7531e:segment:008,8,2323.0,2033,activities/125_260905142842.csv,1,1,0,0
fit:4646790a223ca804ff872615506f25932dc9009c9ddf09dd7973b26339c7531e,2026-09-05T13:07:27+00:00,179,13,150,0,0.0,22.0,36,fit:4646790a223ca804ff872615506f25932dc9009c9ddf09dd7973b26339c7531e:segment:008,8,2324.0,2034,activities/125_260905142842.csv,1,1,0,0
fit:4646790a223ca804ff872615506f25932dc9009c9ddf09dd7973b26339c7531e,2026-09-05T13:07:37+00:00,189,13,147,0,2.06,22.200000000000045,35,fit:4646790a223ca804ff872615506f25932dc9009c9ddf09dd7973b26339c7531e:segment:008,8,2334.0,2035,activities/125_260905142842.csv,1,1,0,0
fit:4646790a223ca804ff872615506f25932dc9009c9ddf09dd7973b26339c7531e,2026-09-05T13:07:38+00:00,190,0,147,0,2.102,22.200000000000045,35,fit:4646790a223ca804ff872615506f25932dc9009c9ddf09dd7973b26339c7531e:segment:008,8,2335.0,2036,activities/125_260905142842.csv,1,1,0,0
fit:4646790a223ca804ff872615506f25932dc9009c9ddf09dd7973b26339c7531e,2026-09-05T13:07:39+00:00,191,135,147,0,2.367,22.200000000000045,35,fit:4646790a223ca804ff872615506f25932dc9009c9ddf09dd7973b26339c7531e:segment:008,8,2336.0,2037,activities/125_260905142842.csv,1,1,0,0
fit:4646790a223ca804ff872615506f25932dc9009c9ddf09dd7973b26339c7531e,2026-09-05T13:07:40+00:00,192,135,146,0,2.875,22.200000000000045,35,fit:4646790a223ca804ff872615506f25932dc9009c9ddf09dd7973b26339c7531e:segment:008,8,2337.0,2038,activities/125_260905142842.csv,1,1,0,0
fit:4646790a223ca804ff872615506f25932dc9009c9ddf09dd7973b26339c7531e,2026-09-05T13:07:41+00:00,193,204,146,31,3.34,22.200000000000045,35,fit:4646790a223ca804ff872615506f25932dc9009c9ddf09dd7973b26339c7531e:segment:008,8,2338.0,2039,activities/125_260905142842.csv,1,1,0,0
fit:4646790a223ca804ff872615506f25932dc9009c9ddf09dd7973b26339c7531e,2026-09-05T13:07:42+00:00,194,314,146,31,3.724,22.200000000000045,35,fit:4646790a223ca804ff872615506f25932dc9009c9ddf09dd7973b26339c7531e:segment:008,8,2339.0,2040,activities/125_260905142842.csv,1,1,0,0
fit:4646790a223ca804ff872615506f25932dc9009c9ddf09dd7973b26339c7531e,2026-09-05T13:07:43+00:00,195,374,145,37,4.161,22.200000000000045,35,fit:4646790a223ca804ff872615506f25932dc9009c9ddf09dd7973b26339c7531e:segment:008,8,2340.0,2041,activities/125_260905142842.csv,1,1,0,0
fit:4646790a223ca804ff872615506f25932dc9009c9ddf09dd7973b26339c7531e,2026-09-05T13:07:44+00:00,196,374,144,45,4.908,21.799999999999955,35,fit:4646790a223ca804ff872615506f25932dc9009c9ddf09dd7973b26339c7531e:segment:008,8,2341.0,2042,activities/125_260905142842.csv,1,1,0,0
fit:4646790a223ca804ff872615506f25932dc9009c9ddf09dd7973b26339c7531e,2026-09-05T13:07:45+00:00,197,398,144,51,5.354,21.799999999999955,35,fit:4646790a223ca804ff872615506f25932dc9009c9ddf09dd7973b26339c7531e:segment:008,8,2342.0,2043,activities/125_260905142842.csv,1,1,0,0
fit:4646790a223ca804ff872615506f25932dc9009c9ddf09dd7973b26339c7531e,2026-09-05T13:07:46+00:00,198,418,144,55,6.088,21.799999999999955,35,fit:4646790a223ca804ff872615506f25932dc9009c9ddf09dd7973b26339c7531e:segment:008,8,2343.0,2044,activities/125_260905142842.csv,1,1,0,0
fit:4646790a223ca804ff872615506f25932dc9009c9ddf09dd7973b26339c7531e,2026-09-05T13:07:47+00:00,199,418,144,55,6.71,21.799999999999955,35,fit:4646790a223ca804ff872615506f25932dc9009c9ddf09dd7973b26339c7531e:segment:008,8,2344.0,2045,activities/125_260905142842.csv,1,1,0,0
fit:4646790a223ca804ff872615506f25932dc9009c9ddf09dd7973b26339c7531e,2026-09-05T13:07:48+00:00,200,402,145,55,7.175,21.399999999999977,35,fit:4646790a223ca804ff872615506f25932dc9009c9ddf09dd7973b26339c7531e:segment:008,8,2345.0,2046,activities/125_260905142842.csv,1,1,0,0
fit:4646790a223ca804ff872615506f25932dc9009c9ddf09dd7973b26339c7531e,2026-09-05T13:07:49+00:00,201,430,146,61,7.446,21.399999999999977,35,fit:4646790a223ca804ff872615506f25932dc9009c9ddf09dd7973b26339c7531e:segment:008,8,2346.0,2047,activities/125_260905142842.csv,1,1,0,0
fit:4646790a223ca804ff872615506f25932dc9009c9ddf09dd7973b26339c7531e,2026-09-05T13:07:50+00:00,202,430,146,65,7.581,21.399999999999977,35,fit:4646790a223ca804ff872615506f25932dc9009c9ddf09dd7973b26339c7531e:segment:008,8,2347.0,2048,activities/125_260905142842.csv,1,1,0,0
fit:4646790a223ca804ff872615506f25932dc9009c9ddf09dd7973b26339c7531e,2026-09-05T13:07:51+00:00,203,514,147,69,7.659,20.799999999999955,35,fit:4646790a223ca804ff872615506f25932dc9009c9ddf09dd7973b26339c7531e:segment:008,8,2348.0,2049,activities/125_260905142842.csv,1,1,0,0
fit:4646790a223ca804ff872615506f25932dc9009c9ddf09dd7973b26339c7531e,2026-09-05T13:07:52+00:00,204,597,147,74,7.881,21.200000000000045,35,fit:4646790a223ca804ff872615506f25932dc9009c9ddf09dd7973b26339c7531e:segment:008,8,2349.0,2050,activities/125_260905142842.csv,1,1,0,0
fit:4646790a223ca804ff872615506f25932dc9009c9ddf09dd7973b26339c7531e,2026-09-05T13:07:53+00:00,205,552,148,74,8.491,21.200000000000045,35,fit:4646790a223ca804ff872615506f25932dc9009c9ddf09dd7973b26339c7531e:segment:008,8,2350.0,2051,activities/125_260905142842.csv,1,1,0,0
fit:4646790a223ca804ff872615506f25932dc9009c9ddf09dd7973b26339c7531e,2026-09-05T13:07:54+00:00,206,578,149,78,8.98,21.200000000000045,35,fit:4646790a223ca804ff872615506f25932dc9009c9ddf09dd7973b26339c7531e:segment:008,8,2351.0,2052,activities/125_260905142842.csv,1,1,0,0
fit:4646790a223ca804ff872615506f25932dc9009c9ddf09dd7973b26339c7531e,2026-09-05T13:07:55+00:00,207,579,149,80,9.371,21.200000000000045,35,fit:4646790a223ca804ff872615506f25932dc9009c9ddf09dd7973b26339c7531e:segment:008,8,2352.0,2053,activities/125_260905142842.csv,1,1,0,0
fit:4646790a223ca804ff872615506f25932dc9009c9ddf09dd7973b26339c7531e,2026-09-05T13:07:56+00:00,208,582,151,83,9.863,20.200000000000045,35,fit:4646790a223ca804ff872615506f25932dc9009c9ddf09dd7973b26339c7531e:segment:008,8,2353.0,2054,activities/125_260905142842.csv,1,1,0,0
fit:4646790a223ca804ff872615506f25932dc9009c9ddf09dd7973b26339c7531e,2026-09-05T13:07:57+00:00,209,598,152,85,10.228,20.200000000000045,35,fit:4646790a223ca804ff872615506f25932dc9009c9ddf09dd7973b26339c7531e:segment:008,8,2354.0,2055,activities/125_260905142842.csv,1,1,0,0
fit:4646790a223ca804ff872615506f25932dc9009c9ddf09dd7973b26339c7531e,2026-09-05T13:07:58+00:00,210,670,153,87,10.385,20.200000000000045,35,fit:4646790a223ca804ff872615506f25932dc9009c9ddf09dd7973b26339c7531e:segment:008,8,2355.0,2056,activities/125_260905142842.csv,1,1,0,0
fit:4646790a223ca804ff872615506f25932dc9009c9ddf09dd7973b26339c7531e,2026-09-05T13:07:59+00:00,211,670,154,90,10.458,20.200000000000045,35,fit:4646790a223ca804ff872615506f25932dc9009c9ddf09dd7973b26339c7531e:segment:008,8,2356.0,2057,activities/125_260905142842.csv,1,1,0,0
fit:4646790a223ca804ff872615506f25932dc9009c9ddf09dd7973b26339c7531e,2026-09-05T13:08:00+00:00,212,688,155,92,10.665,21.600000000000023,35,fit:4646790a223ca804ff872615506f25932dc9009c9ddf09dd7973b26339c7531e:segment:008,8,2357.0,2058,activities/125_260905142842.csv,1,1,0,0
fit:4646790a223ca804ff872615506f25932dc9009c9ddf09dd7973b26339c7531e,2026-09-05T13:08:01+00:00,213,342,156,60,11.107,21.600000000000023,35,fit:4646790a223ca804ff872615506f25932dc9009c9ddf09dd7973b26339c7531e:segment:008,8,2358.0,2059,activities/125_260905142842.csv,1,1,0,0
fit:4646790a223ca804ff872615506f25932dc9009c9ddf09dd7973b26339c7531e,2026-09-05T13:08:02+00:00,214,342,156,74,11.212,21.600000000000023,35,fit:4646790a223ca804ff872615506f25932dc9009c9ddf09dd7973b26339c7531e:segment:008,8,2359.0,2060,activities/125_260905142842.csv,1,1,0,0
fit:4646790a223ca804ff872615506f25932dc9009c9ddf09dd7973b26339c7531e,2026-09-05T13:08:03+00:00,215,406,157,92,11.337,20.600000000000023,35,fit:4646790a223ca804ff872615506f25932dc9009c9ddf09dd7973b26339c7531e:segment:008,8,2360.0,2061,activities/125_260905142842.csv,1,1,0,0
fit:4646790a223ca804ff872615506f25932dc9009c9ddf09dd7973b26339c7531e,2026-09-05T13:08:04+00:00,216,406,157,93,11.411,20.399999999999977,35,fit:4646790a223ca804ff872615506f25932dc9009c9ddf09dd7973b26339c7531e:segment:008,8,2361.0,2062,activities/125_260905142842.csv,1,1,0,0
fit:4646790a223ca804ff872615506f25932dc9009c9ddf09dd7973b26339c7531e,2026-09-05T13:08:05+00:00,217,440,158,93,11.345,20.399999999999977,35,fit:4646790a223ca804ff872615506f25932dc9009c9ddf09dd7973b26339c7531e:segment:008,8,2362.0,2063,activities/125_260905142842.csv,1,1,0,0
fit:4646790a223ca804ff872615506f25932dc9009c9ddf09dd7973b26339c7531e,2026-09-05T13:08:06+00:00,218,548,159,94,11.481,20.399999999999977,35,fit:4646790a223ca804ff872615506f25932dc9009c9ddf09dd7973b26339c7531e:segment:008,8,2363.0,2064,activities/125_260905142842.csv,1,1,0,0
fit:4646790a223ca804ff872615506f25932dc9009c9ddf09dd7973b26339c7531e,2026-09-05T13:08:07+00:00,219,395,160,96,11.706,20.200000000000045,35,fit:4646790a223ca804ff872615506f25932dc9009c9ddf09dd7973b26339c7531e:segment:008,8,2364.0,2065,activities/125_260905142842.csv,1,1,0,0
fit:4646790a223ca804ff872615506f25932dc9009c9ddf09dd7973b26339c7531e,2026-09-05T13:08:08+00:00,220,489,161,96,11.856,19.799999999999955,35,fit:4646790a223ca804ff872615506f25932dc9009c9ddf09dd7973b26339c7531e:segment:008,8,2365.0,2066,activities/125_260905142842.csv,1,1,0,0
fit:4646790a223ca804ff872615506f25932dc9009c9ddf09dd7973b26339c7531e,2026-09-05T13:08:09+00:00,221,379,163,96,11.811,19.799999999999955,35,fit:4646790a223ca804ff872615506f25932dc9009c9ddf09dd7973b26339c7531e:segment:008,8,2366.0,2067,activities/125_260905142842.csv,1,1,0,0
fit:4646790a223ca804ff872615506f25932dc9009c9ddf09dd7973b26339c7531e,2026-09-05T13:08:10+00:00,222,444,164,96,11.859,19.799999999999955,35,fit:4646790a223ca804ff872615506f25932dc9009c9ddf09dd7973b26339c7531e:segment:008,8,2367.0,2068,activities/125_260905142842.csv,1,1,0,0
fit:4646790a223ca804ff872615506f25932dc9009c9ddf09dd7973b26339c7531e,2026-09-05T13:08:11+00:00,223,478,165,96,11.923,19.799999999999955,35,fit:4646790a223ca804ff872615506f25932dc9009c9ddf09dd7973b26339c7531e:segment:008,8,2368.0,2069,activities/125_260905142842.csv,1,1,0,0
fit:4646790a223ca804ff872615506f25932dc9009c9ddf09dd7973b26339c7531e,2026-09-05T13:08:12+00:00,224,393,167,96,12.016,20.799999999999955,35,fit:4646790a223ca804ff872615506f25932dc9009c9ddf09dd7973b26339c7531e:segment:008,8,2369.0,2070,activities/125_260905142842.csv,1,1,0,0
fit:4646790a223ca804ff872615506f25932dc9009c9ddf09dd7973b26339c7531e,2026-09-05T13:08:13+00:00,225,403,167,97,12.087,20.799999999999955,35,fit:4646790a223ca804ff872615506f25932dc9009c9ddf09dd7973b26339c7531e:segment:008,8,2370.0,2071,activities/125_260905142842.csv,1,1,0,0
fit:4646790a223ca804ff872615506f25932dc9009c9ddf09dd7973b26339c7531e,2026-09-05T13:08:14+00:00,226,481,168,96,11.947,20.799999999999955,35,fit:4646790a223ca804ff872615506f25932dc9009c9ddf09dd7973b26339c7531e:segment:008,8,2371.0,2072,activities/125_260905142842.csv,1,1,0,0
fit:4646790a223ca804ff872615506f25932dc9009c9ddf09dd7973b26339c7531e,2026-09-05T13:08:15+00:00,227,464,170,97,11.997,20.799999999999955,35,fit:4646790a223ca804ff872615506f25932dc9009c9ddf09dd7973b26339c7531e:segment:008,8,2372.0,2073,activities/125_260905142842.csv,1,1,0,0
fit:4646790a223ca804ff872615506f25932dc9009c9ddf09dd7973b26339c7531e,2026-09-05T13:08:16+00:00,228,414,173,97,12.084,19.600000000000023,35,fit:4646790a223ca804ff872615506f25932dc9009c9ddf09dd7973b26339c7531e:segment:008,8,2373.0,2074,activities/125_260905142842.csv,1,1,0,0
fit:4646790a223ca804ff872615506f25932dc9009c9ddf09dd7973b26339c7531e,2026-09-05T13:08:17+00:00,229,414,174,97,12.107,19.600000000000023,35,fit:4646790a223ca804ff872615506f25932dc9009c9ddf09dd7973b26339c7531e:segment:008,8,2374.0,2075,activities/125_260905142842.csv,1,1,0,0
fit:4646790a223ca804ff872615506f25932dc9009c9ddf09dd7973b26339c7531e,2026-09-05T13:08:18+00:00,230,424,175,97,11.983,19.600000000000023,35,fit:4646790a223ca804ff872615506f25932dc9009c9ddf09dd7973b26339c7531e:segment:008,8,2375.0,2076,activities/125_260905142842.csv,1,1,0,0
fit:4646790a223ca804ff872615506f25932dc9009c9ddf09dd7973b26339c7531e,2026-09-05T13:08:19+00:00,231,424,177,97,11.987,20.200000000000045,35,fit:4646790a223ca804ff872615506f25932dc9009c9ddf09dd7973b26339c7531e:segment:008,8,2376.0,2077,activities/125_260905142842.csv,1,1,0,0
fit:4646790a223ca804ff872615506f25932dc9009c9ddf09dd7973b26339c7531e,2026-09-05T13:08:20+00:00,232,477,177,98,12.177,20.0,35,fit:4646790a223ca804ff872615506f25932dc9009c9ddf09dd7973b26339c7531e:segment:008,8,2377.0,2078,activities/125_260905142842.csv,1,1,0,0
fit:4646790a223ca804ff872615506f25932dc9009c9ddf09dd7973b26339c7531e,2026-09-05T13:08:21+00:00,233,443,179,97,12.226,20.0,35,fit:4646790a223ca804ff872615506f25932dc9009c9ddf09dd7973b26339c7531e:segment:008,8,2378.0,2079,activities/125_260905142842.csv,1,1,0,0
fit:4646790a223ca804ff872615506f25932dc9009c9ddf09dd7973b26339c7531e,2026-09-05T13:08:22+00:00,234,494,179,97,12.056,20.0,35,fit:4646790a223ca804ff872615506f25932dc9009c9ddf09dd7973b26339c7531e:segment:008,8,2379.0,2080,activities/125_260905142842.csv,1,1,0,0
fit:4646790a223ca804ff872615506f25932dc9009c9ddf09dd7973b26339c7531e,2026-09-05T13:08:23+00:00,235,456,180,97,12.122,21.0,35,fit:4646790a223ca804ff872615506f25932dc9009c9ddf09dd7973b26339c7531e:segment:008,8,2380.0,2081,activities/125_260905142842.csv,1,1,0,0
fit:4646790a223ca804ff872615506f25932dc9009c9ddf09dd7973b26339c7531e,2026-09-05T13:08:24+00:00,236,541,181,99,12.217,21.0,35,fit:4646790a223ca804ff872615506f25932dc9009c9ddf09dd7973b26339c7531e:segment:008,8,2381.0,2082,activities/125_260905142842.csv,1,1,0,0
fit:4646790a223ca804ff872615506f25932dc9009c9ddf09dd7973b26339c7531e,2026-09-05T13:08:25+00:00,237,540,182,100,12.229,21.0,35,fit:4646790a223ca804ff872615506f25932dc9009c9ddf09dd7973b26339c7531e:segment:008,8,2382.0,2083,activities/125_260905142842.csv,1,1,0,0
fit:4646790a223ca804ff872615506f25932dc9009c9ddf09dd7973b26339c7531e,2026-09-05T13:08:26+00:00,238,464,183,100,12.247,21.0,35,fit:4646790a223ca804ff872615506f25932dc9009c9ddf09dd7973b26339c7531e:segment:008,8,2383.0,2084,activities/125_260905142842.csv,1,1,0,0
fit:4646790a223ca804ff872615506f25932dc9009c9ddf09dd7973b26339c7531e,2026-09-05T13:08:27+00:00,239,464,184,101,12.452,21.0,35,fit:4646790a223ca804ff872615506f25932dc9009c9ddf09dd7973b26339c7531e:segment:008,8,2384.0,2085,activities/125_260905142842.csv,1,1,0,0
fit:4646790a223ca804ff872615506f25932dc9009c9ddf09dd7973b26339c7531e,2026-09-05T13:08:28+00:00,240,464,184,101,12.447,20.799999999999955,35,fit:4646790a223ca804ff872615506f25932dc9009c9ddf09dd7973b26339c7531e:segment:008,8,2385.0,2086,activities/125_260905142842.csv,1,1,0,0
fit:4646790a223ca804ff872615506f25932dc9009c9ddf09dd7973b26339c7531e,2026-09-05T13:08:29+00:00,241,328,184,101,12.516,20.799999999999955,35,fit:4646790a223ca804ff872615506f25932dc9009c9ddf09dd7973b26339c7531e:segment:008,8,2386.0,2087,activities/125_260905142842.csv,1,1,0,0
fit:4646790a223ca804ff872615506f25932dc9009c9ddf09dd7973b26339c7531e,2026-09-05T13:08:30+00:00,242,206,185,100,12.59,20.799999999999955,35,fit:4646790a223ca804ff872615506f25932dc9009c9ddf09dd7973b26339c7531e:segment:008,8,2387.0,2088,activities/125_260905142842.csv,1,1,0,0
fit:4646790a223ca804ff872615506f25932dc9009c9ddf09dd7973b26339c7531e,2026-09-05T13:08:31+00:00,243,157,185,97,12.381,21.399999999999977,35,fit:4646790a223ca804ff872615506f25932dc9009c9ddf09dd7973b26339c7531e:segment:008,8,2388.0,2089,activities/125_260905142842.csv,1,1,0,0
fit:4646790a223ca804ff872615506f25932dc9009c9ddf09dd7973b26339c7531e,2026-09-05T13:08:32+00:00,244,78,185,97,12.295,21.600000000000023,35,fit:4646790a223ca804ff872615506f25932dc9009c9ddf09dd7973b26339c7531e:segment:008,8,2389.0,2090,activities/125_260905142842.csv,1,1,0,0
fit:4646790a223ca804ff872615506f25932dc9009c9ddf09dd7973b26339c7531e,2026-09-05T13:08:33+00:00,245,79,185,94,12.121,21.600000000000023,35,fit:4646790a223ca804ff872615506f25932dc9009c9ddf09dd7973b26339c7531e:segment:008,8,2390.0,2091,activities/125_260905142842.csv,1,1,0,0
fit:4646790a223ca804ff872615506f25932dc9009c9ddf09dd7973b26339c7531e,2026-09-05T13:08:34+00:00,246,79,185,92,11.867,21.600000000000023,35,fit:4646790a223ca804ff872615506f25932dc9009c9ddf09dd7973b26339c7531e:segment:008,8,2391.0,2092,activities/125_260905142842.csv,1,1,0,0
fit:4646790a223ca804ff872615506f25932dc9009c9ddf09dd7973b26339c7531e,2026-09-05T13:08:35+00:00,247,96,185,90,11.63,22.600000000000023,35,fit:4646790a223ca804ff872615506f25932dc9009c9ddf09dd7973b26339c7531e:segment:008,8,2392.0,2093,activities/125_260905142842.csv,1,1,0,0
fit:4646790a223ca804ff872615506f25932dc9009c9ddf09dd7973b26339c7531e,2026-09-05T13:08:36+00:00,248,87,185,88,11.403,22.600000000000023,35,fit:4646790a223ca804ff872615506f25932dc9009c9ddf09dd7973b26339c7531e:segment:008,8,2393.0,2094,activities/125_260905142842.csv,1,1,0,0
fit:4646790a223ca804ff872615506f25932dc9009c9ddf09dd7973b26339c7531e,2026-09-05T13:08:37+00:00,249,87,185,86,11.223,22.600000000000023,35,fit:4646790a223ca804ff872615506f25932dc9009c9ddf09dd7973b26339c7531e:segment:008,8,2394.0,2095,activities/125_260905142842.csv,1,1,0,0
fit:4646790a223ca804ff872615506f25932dc9009c9ddf09dd7973b26339c7531e,2026-09-05T13:08:38+00:00,250,89,185,86,10.974,22.600000000000023,35,fit:4646790a223ca804ff872615506f25932dc9009c9ddf09dd7973b26339c7531e:segment:008,8,2395.0,2096,activities/125_260905142842.csv,1,1,0,0
fit:4646790a223ca804ff872615506f25932dc9009c9ddf09dd7973b26339c7531e,2026-09-05T13:08:39+00:00,251,89,185,85,10.788,22.600000000000023,35,fit:4646790a223ca804ff872615506f25932dc9009c9ddf09dd7973b26339c7531e:segment:008,8,2396.0,2097,activities/125_260905142842.csv,1,1,0,0
fit:4646790a223ca804ff872615506f25932dc9009c9ddf09dd7973b26339c7531e,2026-09-05T13:08:40+00:00,252,55,185,82,10.655,22.399999999999977,35,fit:4646790a223ca804ff872615506f25932dc9009c9ddf09dd7973b26339c7531e:segment:008,8,2397.0,2098,activities/125_260905142842.csv,1,1,0,0
fit:4646790a223ca804ff872615506f25932dc9009c9ddf09dd7973b26339c7531e,2026-09-05T13:08:41+00:00,253,79,185,82,10.426,22.399999999999977,35,fit:4646790a223ca804ff872615506f25932dc9009c9ddf09dd7973b26339c7531e:segment:008,8,2398.0,2099,activities/125_260905142842.csv,1,1,0,0
fit:4646790a223ca804ff872615506f25932dc9009c9ddf09dd7973b26339c7531e,2026-09-05T13:08:42+00:00,254,97,184,81,10.273,22.399999999999977,35,fit:4646790a223ca804ff872615506f25932dc9009c9ddf09dd7973b26339c7531e:segment:008,8,2399.0,2100,activities/125_260905142842.csv,1,1,0,0
fit:4646790a223ca804ff872615506f25932dc9009c9ddf09dd7973b26339c7531e,2026-09-05T13:08:43+00:00,255,122,184,81,10.198,22.600000000000023,35,fit:4646790a223ca804ff872615506f25932dc9009c9ddf09dd7973b26339c7531e:segment:008,8,2400.0,2101,activities/125_260905142842.csv,1,1,0,0
fit:4646790a223ca804ff872615506f25932dc9009c9ddf09dd7973b26339c7531e,2026-09-05T13:08:44+00:00,256,122,184,79,10.119,22.600000000000023,35,fit:4646790a223ca804ff872615506f25932dc9009c9ddf09dd7973b26339c7531e:segment:008,8,2401.0,2102,activities/125_260905142842.csv,1,1,0,0
fit:4646790a223ca804ff872615506f25932dc9009c9ddf09dd7973b26339c7531e,2026-09-05T13:08:45+00:00,257,124,184,78,9.915,22.600000000000023,35,fit:4646790a223ca804ff872615506f25932dc9009c9ddf09dd7973b26339c7531e:segment:008,8,2402.0,2103,activities/125_260905142842.csv,1,1,0,0
fit:4646790a223ca804ff872615506f25932dc9009c9ddf09dd7973b26339c7531e,2026-09-05T13:08:46+00:00,258,102,183,78,9.837,22.600000000000023,35,fit:4646790a223ca804ff872615506f25932dc9009c9ddf09dd7973b26339c7531e:segment:008,8,2403.0,2104,activities/125_260905142842.csv,1,1,0,0
fit:4646790a223ca804ff872615506f25932dc9009c9ddf09dd7973b26339c7531e,2026-09-05T13:08:47+00:00,259,94,183,78,9.825,22.600000000000023,35,fit:4646790a223ca804ff872615506f25932dc9009c9ddf09dd7973b26339c7531e:segment:008,8,2404.0,2105,activities/125_260905142842.csv,1,1,0,0
fit:4646790a223ca804ff872615506f25932dc9009c9ddf09dd7973b26339c7531e,2026-09-05T13:08:48+00:00,260,128,182,77,9.724,23.200000000000045,35,fit:4646790a223ca804ff872615506f25932dc9009c9ddf09dd7973b26339c7531e:segment:008,8,2405.0,2106,activities/125_260905142842.csv,1,1,0,0
fit:4646790a223ca804ff872615506f25932dc9009c9ddf09dd7973b26339c7531e,2026-09-05T13:08:49+00:00,261,134,181,76,9.667,23.200000000000045,35,fit:4646790a223ca804ff872615506f25932dc9009c9ddf09dd7973b26339c7531e:segment:008,8,2406.0,2107,activities/125_260905142842.csv,1,1,0,0
fit:4646790a223ca804ff872615506f25932dc9009c9ddf09dd7973b26339c7531e,2026-09-05T13:08:50+00:00,262,122,181,75,9.534,23.200000000000045,35,fit:4646790a223ca804ff872615506f25932dc9009c9ddf09dd7973b26339c7531e:segment:008,8,2407.0,2108,activities/125_260905142842.csv,1,1,0,0
fit:4646790a223ca804ff872615506f25932dc9009c9ddf09dd7973b26339c7531e,2026-09-05T13:08:51+00:00,263,86,180,78,9.473,22.600000000000023,35,fit:4646790a223ca804ff872615506f25932dc9009c9ddf09dd7973b26339c7531e:segment:008,8,2408.0,2109,activities/125_260905142842.csv,1,1,0,0
fit:4646790a223ca804ff872615506f25932dc9009c9ddf09dd7973b26339c7531e,2026-09-05T13:08:52+00:00,264,58,180,81,9.216,22.600000000000023,35,fit:4646790a223ca804ff872615506f25932dc9009c9ddf09dd7973b26339c7531e:segment:008,8,2409.0,2110,activities/125_260905142842.csv,1,1,0,0
fit:4646790a223ca804ff872615506f25932dc9009c9ddf09dd7973b26339c7531e,2026-09-05T13:08:53+00:00,265,81,177,81,9.107,22.600000000000023,35,fit:4646790a223ca804ff872615506f25932dc9009c9ddf09dd7973b26339c7531e:segment:008,8,2410.0,2111,activities/125_260905142842.csv,1,1,0,0
fit:4646790a223ca804ff872615506f25932dc9009c9ddf09dd7973b26339c7531e,2026-09-05T13:08:54+00:00,266,62,177,89,8.995,22.600000000000023,35,fit:4646790a223ca804ff872615506f25932dc9009c9ddf09dd7973b26339c7531e:segment:008,8,2411.0,2112,activities/125_260905142842.csv,1,1,0,0
fit:4646790a223ca804ff872615506f25932dc9009c9ddf09dd7973b26339c7531e,2026-09-05T13:08:55+00:00,267,113,176,89,8.901,22.600000000000023,35,fit:4646790a223ca804ff872615506f25932dc9009c9ddf09dd7973b26339c7531e:segment:008,8,2412.0,2113,activities/125_260905142842.csv,1,1,0,0
fit:4646790a223ca804ff872615506f25932dc9009c9ddf09dd7973b26339c7531e,2026-09-05T13:08:56+00:00,268,126,174,78,8.714,22.799999999999955,35,fit:4646790a223ca804ff872615506f25932dc9009c9ddf09dd7973b26339c7531e:segment:008,8,2413.0,2114,activities/125_260905142842.csv,1,1,0,0
fit:4646790a223ca804ff872615506f25932dc9009c9ddf09dd7973b26339c7531e,2026-09-05T13:08:57+00:00,269,121,173,77,8.658,22.799999999999955,35,fit:4646790a223ca804ff872615506f25932dc9009c9ddf09dd7973b26339c7531e:segment:008,8,2414.0,2115,activities/125_260905142842.csv,1,1,0,0
fit:4646790a223ca804ff872615506f25932dc9009c9ddf09dd7973b26339c7531e,2026-09-05T13:08:58+00:00,270,122,171,77,8.643,22.799999999999955,35,fit:4646790a223ca804ff872615506f25932dc9009c9ddf09dd7973b26339c7531e:segment:008,8,2415.0,2116,activities/125_260905142842.csv,1,1,0,0
fit:4646790a223ca804ff872615506f25932dc9009c9ddf09dd7973b26339c7531e,2026-09-05T13:08:59+00:00,271,135,170,75,8.491,22.799999999999955,35,fit:4646790a223ca804ff872615506f25932dc9009c9ddf09dd7973b26339c7531e:segment:008,8,2416.0,2117,activities/125_260905142842.csv,1,1,0,0
fit:4646790a223ca804ff872615506f25932dc9009c9ddf09dd7973b26339c7531e,2026-09-05T13:09:00+00:00,272,135,169,75,8.354,23.200000000000045,35,fit:4646790a223ca804ff872615506f25932dc9009c9ddf09dd7973b26339c7531e:segment:008,8,2417.0,2118,activities/125_260905142842.csv,1,1,0,0
fit:4646790a223ca804ff872615506f25932dc9009c9ddf09dd7973b26339c7531e,2026-09-05T13:09:01+00:00,273,58,167,73,8.29,23.200000000000045,35,fit:4646790a223ca804ff872615506f25932dc9009c9ddf09dd7973b26339c7531e:segment:008,8,2418.0,2119,activities/125_260905142842.csv,1,1,0,0
fit:4646790a223ca804ff872615506f25932dc9009c9ddf09dd7973b26339c7531e,2026-09-05T13:09:02+00:00,274,69,166,79,8.151,23.200000000000045,35,fit:4646790a223ca804ff872615506f25932dc9009c9ddf09dd7973b26339c7531e:segment:008,8,2419.0,2120,activities/125_260905142842.csv,1,1,0,0
fit:4646790a223ca804ff872615506f25932dc9009c9ddf09dd7973b26339c7531e,2026-09-05T13:09:03+00:00,275,48,166,81,8.077,23.200000000000045,35,fit:4646790a223ca804ff872615506f25932dc9009c9ddf09dd7973b26339c7531e:segment:008,8,2420.0,2121,activities/125_260905142842.csv,1,1,0,0
fit:4646790a223ca804ff872615506f25932dc9009c9ddf09dd7973b26339c7531e,2026-09-05T13:09:04+00:00,276,65,163,81,8.069,23.799999999999955,35,fit:4646790a223ca804ff872615506f25932dc9009c9ddf09dd7973b26339c7531e:segment:008,8,2421.0,2122,activities/125_260905142842.csv,1,1,0,0
fit:4646790a223ca804ff872615506f25932dc9009c9ddf09dd7973b26339c7531e,2026-09-05T13:09:05+00:00,277,78,161,88,7.999,23.799999999999955,35,fit:4646790a223ca804ff872615506f25932dc9009c9ddf09dd7973b26339c7531e:segment:008,8,2422.0,2123,activities/125_260905142842.csv,1,1,0,0
fit:4646790a223ca804ff872615506f25932dc9009c9ddf09dd7973b26339c7531e,2026-09-05T13:09:06+00:00,278,52,161,81,7.925,23.799999999999955,35,fit:4646790a223ca804ff872615506f25932dc9009c9ddf09dd7973b26339c7531e:segment:008,8,2423.0,2124,activities/125_260905142842.csv,1,1,0,0
fit:4646790a223ca804ff872615506f25932dc9009c9ddf09dd7973b26339c7531e,2026-09-05T13:09:07+00:00,279,84,159,77,7.82,23.799999999999955,35,fit:4646790a223ca804ff872615506f25932dc9009c9ddf09dd7973b26339c7531e:segment:008,8,2424.0,2125,activities/125_260905142842.csv,1,1,0,0
fit:4646790a223ca804ff872615506f25932dc9009c9ddf09dd7973b26339c7531e,2026-09-05T13:09:08+00:00,280,96,157,77,7.735,23.0,35,fit:4646790a223ca804ff872615506f25932dc9009c9ddf09dd7973b26339c7531e:segment:008,8,2425.0,2126,activities/125_260905142842.csv,1,1,0,0
fit:4646790a223ca804ff872615506f25932dc9009c9ddf09dd7973b26339c7531e,2026-09-05T13:09:09+00:00,281,13,156,77,7.61,23.0,35,fit:4646790a223ca804ff872615506f25932dc9009c9ddf09dd7973b26339c7531e:segment:008,8,2426.0,2127,activities/125_260905142842.csv,1,1,0,0
fit:4646790a223ca804ff872615506f25932dc9009c9ddf09dd7973b26339c7531e,2026-09-05T13:09:10+00:00,282,110,156,73,7.565,23.0,35,fit:4646790a223ca804ff872615506f25932dc9009c9ddf09dd7973b26339c7531e:segment:008,8,2427.0,2128,activities/125_260905142842.csv,1,1,0,0
fit:4646790a223ca804ff872615506f25932dc9009c9ddf09dd7973b26339c7531e,2026-09-05T13:09:11+00:00,283,119,153,82,7.369,23.0,35,fit:4646790a223ca804ff872615506f25932dc9009c9ddf09dd7973b26339c7531e:segment:008,8,2428.0,2129,activities/125_260905142842.csv,1,1,0,0
fit:4646790a223ca804ff872615506f25932dc9009c9ddf09dd7973b26339c7531e,2026-09-05T13:09:12+00:00,284,56,153,73,7.339,23.200000000000045,35,fit:4646790a223ca804ff872615506f25932dc9009c9ddf09dd7973b26339c7531e:segment:008,8,2429.0,2130,activities/125_260905142842.csv,1,1,0,0
fit:4646790a223ca804ff872615506f25932dc9009c9ddf09dd7973b26339c7531e,2026-09-05T13:09:13+00:00,285,33,152,54,7.244,23.200000000000045,35,fit:4646790a223ca804ff872615506f25932dc9009c9ddf09dd7973b26339c7531e:segment:008,8,2430.0,2131,activities/125_260905142842.csv,1,1,0,0
fit:4646790a223ca804ff872615506f25932dc9009c9ddf09dd7973b26339c7531e,2026-09-05T13:09:14+00:00,286,52,151,54,7.105,23.200000000000045,35,fit:4646790a223ca804ff872615506f25932dc9009c9ddf09dd7973b26339c7531e:segment:008,8,2431.0,2132,activities/125_260905142842.csv,1,1,0,0
fit:4646790a223ca804ff872615506f25932dc9009c9ddf09dd7973b26339c7531e,2026-09-05T13:09:15+00:00,287,49,151,42,7.049,23.200000000000045,35,fit:4646790a223ca804ff872615506f25932dc9009c9ddf09dd7973b26339c7531e:segment:008,8,2432.0,2133,activities/125_260905142842.csv,1,1,0,0
fit:4646790a223ca804ff872615506f25932dc9009c9ddf09dd7973b26339c7531e,2026-09-05T13:09:16+00:00,288,49,150,47,6.97,22.799999999999955,35,fit:4646790a223ca804ff872615506f25932dc9009c9ddf09dd7973b26339c7531e:segment:008,8,2433.0,2134,activities/125_260905142842.csv,1,1,0,0
fit:4646790a223ca804ff872615506f25932dc9009c9ddf09dd7973b26339c7531e,2026-09-05T13:09:17+00:00,289,42,149,51,6.835,22.799999999999955,35,fit:4646790a223ca804ff872615506f25932dc9009c9ddf09dd7973b26339c7531e:segment:008,8,2434.0,2135,activities/125_260905142842.csv,1,1,0,0
fit:4646790a223ca804ff872615506f25932dc9009c9ddf09dd7973b26339c7531e,2026-09-05T13:09:18+00:00,290,89,149,60,6.785,22.799999999999955,35,fit:4646790a223ca804ff872615506f25932dc9009c9ddf09dd7973b26339c7531e:segment:008,8,2435.0,2136,activities/125_260905142842.csv,1,1,0,0
fit:4646790a223ca804ff872615506f25932dc9009c9ddf09dd7973b26339c7531e,2026-09-05T13:09:19+00:00,291,90,148,61,6.72,23.799999999999955,35,fit:4646790a223ca804ff872615506f25932dc9009c9ddf09dd7973b26339c7531e:segment:008,8,2436.0,2137,activities/125_260905142842.csv,1,1,0,0
fit:4646790a223ca804ff872615506f25932dc9009c9ddf09dd7973b26339c7531e,2026-09-05T13:09:20+00:00,292,74,148,66,6.684,24.399999999999977,35,fit:4646790a223ca804ff872615506f25932dc9009c9ddf09dd7973b26339c7531e:segment:008,8,2437.0,2138,activities/125_260905142842.csv,1,1,0,0
fit:4646790a223ca804ff872615506f25932dc9009c9ddf09dd7973b26339c7531e,2026-09-05T13:09:21+00:00,293,19,146,67,6.682,24.399999999999977,35,fit:4646790a223ca804ff872615506f25932dc9009c9ddf09dd7973b26339c7531e:segment:008,8,2438.0,2139,activities/125_260905142842.csv,1,1,0,0
fit:4646790a223ca804ff872615506f25932dc9009c9ddf09dd7973b26339c7531e,2026-09-05T13:09:22+00:00,294,35,145,70,6.605,24.399999999999977,35,fit:4646790a223ca804ff872615506f25932dc9009c9ddf09dd7973b26339c7531e:segment:008,8,2439.0,2140,activities/125_260905142842.csv,1,1,0,0
fit:4646790a223ca804ff872615506f25932dc9009c9ddf09dd7973b26339c7531e,2026-09-05T13:09:23+00:00,295,56,145,75,6.581,23.399999999999977,35,fit:4646790a223ca804ff872615506f25932dc9009c9ddf09dd7973b26339c7531e:segment:008,8,2440.0,2141,activities/125_260905142842.csv,1,1,0,0
fit:4646790a223ca804ff872615506f25932dc9009c9ddf09dd7973b26339c7531e,2026-09-05T13:09:24+00:00,296,28,144,85,6.446,23.600000000000023,35,fit:4646790a223ca804ff872615506f25932dc9009c9ddf09dd7973b26339c7531e:segment:008,8,2441.0,2142,activities/125_260905142842.csv,1,1,0,0
fit:4646790a223ca804ff872615506f25932dc9009c9ddf09dd7973b26339c7531e,2026-09-05T13:09:25+00:00,297,14,143,85,6.418,23.600000000000023,35,fit:4646790a223ca804ff872615506f25932dc9009c9ddf09dd7973b26339c7531e:segment:008,8,2442.0,2143,activities/125_260905142842.csv,1,1,0,0
fit:4646790a223ca804ff872615506f25932dc9009c9ddf09dd7973b26339c7531e,2026-09-05T13:09:26+00:00,298,14,142,53,6.434,23.600000000000023,35,fit:4646790a223ca804ff872615506f25932dc9009c9ddf09dd7973b26339c7531e:segment:008,8,2443.0,2144,activities/125_260905142842.csv,1,1,0,0
fit:4646790a223ca804ff872615506f25932dc9009c9ddf09dd7973b26339c7531e,2026-09-05T13:09:27+00:00,299,14,142,53,6.379,23.600000000000023,35,fit:4646790a223ca804ff872615506f25932dc9009c9ddf09dd7973b26339c7531e:segment:008,8,2444.0,2145,activities/125_260905142842.csv,1,1,0,0
fit:4646790a223ca804ff872615506f25932dc9009c9ddf09dd7973b26339c7531e,2026-09-05T13:09:28+00:00,300,14,142,53,6.293,23.600000000000023,35,fit:4646790a223ca804ff872615506f25932dc9009c9ddf09dd7973b26339c7531e:segment:008,8,2445.0,2146,activities/125_260905142842.csv,1,1,0,0
fit:4646790a223ca804ff872615506f25932dc9009c9ddf09dd7973b26339c7531e,2026-09-05T13:09:29+00:00,301,14,142,53,6.06,23.600000000000023,35,fit:4646790a223ca804ff872615506f25932dc9009c9ddf09dd7973b26339c7531e:segment:008,8,2446.0,2147,activities/125_260905142842.csv,1,1,0,0
fit:4646790a223ca804ff872615506f25932dc9009c9ddf09dd7973b26339c7531e,2026-09-05T13:09:30+00:00,302,13,143,53,5.673,23.600000000000023,35,fit:4646790a223ca804ff872615506f25932dc9009c9ddf09dd7973b26339c7531e:segment:008,8,2447.0,2148,activities/125_260905142842.csv,1,1,0,0
fit:4646790a223ca804ff872615506f25932dc9009c9ddf09dd7973b26339c7531e,2026-09-05T13:09:31+00:00,303,12,143,50,4.923,24.399999999999977,35,fit:4646790a223ca804ff872615506f25932dc9009c9ddf09dd7973b26339c7531e:segment:008,8,2448.0,2149,activities/125_260905142842.csv,1,1,0,0
fit:4646790a223ca804ff872615506f25932dc9009c9ddf09dd7973b26339c7531e,2026-09-05T13:09:32+00:00,304,0,143,48,3.644,24.600000000000023,35,fit:4646790a223ca804ff872615506f25932dc9009c9ddf09dd7973b26339c7531e:segment:008,8,2449.0,2150,activities/125_260905142842.csv,1,1,0,0
fit:4646790a223ca804ff872615506f25932dc9009c9ddf09dd7973b26339c7531e,2026-09-05T13:09:33+00:00,305,0,143,0,2.378,24.600000000000023,35,fit:4646790a223ca804ff872615506f25932dc9009c9ddf09dd7973b26339c7531e:segment:008,8,2450.0,2151,activities/125_260905142842.csv,1,1,0,0
fit:4646790a223ca804ff872615506f25932dc9009c9ddf09dd7973b26339c7531e,2026-09-05T13:09:34+00:00,306,0,143,0,0.0,24.600000000000023,35,fit:4646790a223ca804ff872615506f25932dc9009c9ddf09dd7973b26339c7531e:segment:008,8,2451.0,2152,activities/125_260905142842.csv,1,1,0,0
