activity_id,timestamp,elapsed_seconds,power_w,heart_rate_bpm,cadence_rpm,speed_m_s,altitude_m,temperature_c,segment_id,segment_number,source_elapsed_seconds,source_row_index,source_file,activity_split,segment_selected_from_activity,power_missing,hr_missing
fit:04f01143c9c76334dc1f7df426f77ac3e8992091d4090e6b06142aee6f9de488,2026-01-10T09:04:42+00:00,0,0,98,0,1.694,39.799999999999955,0,fit:04f01143c9c76334dc1f7df426f77ac3e8992091d4090e6b06142aee6f9de488:segment:006,6,5819.0,5664,activities/055_260110082743.csv,1,1,0,0
fit:04f01143c9c76334dc1f7df426f77ac3e8992091d4090e6b06142aee6f9de488,2026-01-10T09:04:43+00:00,1,93,98,0,1.664,39.799999999999955,0,fit:04f01143c9c76334dc1f7df426f77ac3e8992091d4090e6b06142aee6f9de488:segment:006,6,5820.0,5665,activities/055_260110082743.csv,1,1,0,0
fit:04f01143c9c76334dc1f7df426f77ac3e8992091d4090e6b06142aee6f9de488,2026-01-10T09:04:44+00:00,2,93,99,0,1.905,39.799999999999955,0,fit:04f01143c9c76334dc1f7df426f77ac3e8992091d4090e6b06142aee6f9de488:segment:006,6,5821.0,5666,activities/055_260110082743.csv,1,1,0,0
fit:04f01143c9c76334dc1f7df426f77ac3e8992091d4090e6b06142aee6f9de488,2026-01-10T09:04:45+00:00,3,151,100,0,2.121,39.799999999999955,0,fit:04f01143c9c76334dc1f7df426f77ac3e8992091d4090e6b06142aee6f9de488:segment:006,6,5822.0,5667,activities/055_260110082743.csv,1,1,0,0
fit:04f01143c9c76334dc1f7df426f77ac3e8992091d4090e6b06142aee6f9de488,2026-01-10T09:04:46+00:00,4,152,101,31,2.483,39.799999999999955,0,fit:04f01143c9c76334dc1f7df426f77ac3e8992091d4090e6b06142aee6f9de488:segment:006,6,5823.0,5668,activities/055_260110082743.csv,1,1,0,0
fit:04f01143c9c76334dc1f7df426f77ac3e8992091d4090e6b06142aee6f9de488,2026-01-10T09:04:47+00:00,5,187,100,38,2.832,40.0,0,fit:04f01143c9c76334dc1f7df426f77ac3e8992091d4090e6b06142aee6f9de488:segment:006,6,5824.0,5669,activities/055_260110082743.csv,1,1,0,0
fit:04f01143c9c76334dc1f7df426f77ac3e8992091d4090e6b06142aee6f9de488,2026-01-10T09:04:48+00:00,6,174,99,38,3.148,40.0,0,fit:04f01143c9c76334dc1f7df426f77ac3e8992091d4090e6b06142aee6f9de488:segment:006,6,5825.0,5670,activities/055_260110082743.csv,1,1,0,0
fit:04f01143c9c76334dc1f7df426f77ac3e8992091d4090e6b06142aee6f9de488,2026-01-10T09:04:49+00:00,7,169,99,41,3.331,40.0,0,fit:04f01143c9c76334dc1f7df426f77ac3e8992091d4090e6b06142aee6f9de488:segment:006,6,5826.0,5671,activities/055_260110082743.csv,1,1,0,0
fit:04f01143c9c76334dc1f7df426f77ac3e8992091d4090e6b06142aee6f9de488,2026-01-10T09:04:50+00:00,8,169,98,44,3.598,40.0,0,fit:04f01143c9c76334dc1f7df426f77ac3e8992091d4090e6b06142aee6f9de488:segment:006,6,5827.0,5672,activities/055_260110082743.csv,1,1,0,0
fit:04f01143c9c76334dc1f7df426f77ac3e8992091d4090e6b06142aee6f9de488,2026-01-10T09:04:51+00:00,9,253,98,48,3.838,40.0,0,fit:04f01143c9c76334dc1f7df426f77ac3e8992091d4090e6b06142aee6f9de488:segment:006,6,5828.0,5673,activities/055_260110082743.csv,1,1,0,0
fit:04f01143c9c76334dc1f7df426f77ac3e8992091d4090e6b06142aee6f9de488,2026-01-10T09:04:52+00:00,10,253,98,48,4.16,40.0,0,fit:04f01143c9c76334dc1f7df426f77ac3e8992091d4090e6b06142aee6f9de488:segment:006,6,5829.0,5674,activities/055_260110082743.csv,1,1,0,0
fit:04f01143c9c76334dc1f7df426f77ac3e8992091d4090e6b06142aee6f9de488,2026-01-10T09:04:53+00:00,11,258,98,48,4.478,40.0,0,fit:04f01143c9c76334dc1f7df426f77ac3e8992091d4090e6b06142aee6f9de488:segment:006,6,5830.0,5675,activities/055_260110082743.csv,1,1,0,0
fit:04f01143c9c76334dc1f7df426f77ac3e8992091d4090e6b06142aee6f9de488,2026-01-10T09:04:54+00:00,12,264,98,56,4.659,40.0,0,fit:04f01143c9c76334dc1f7df426f77ac3e8992091d4090e6b06142aee6f9de488:segment:006,6,5831.0,5676,activities/055_260110082743.csv,1,1,0,0
fit:04f01143c9c76334dc1f7df426f77ac3e8992091d4090e6b06142aee6f9de488,2026-01-10T09:04:55+00:00,13,269,98,58,4.904,40.200000000000045,0,fit:04f01143c9c76334dc1f7df426f77ac3e8992091d4090e6b06142aee6f9de488:segment:006,6,5832.0,5677,activities/055_260110082743.csv,1,1,0,0
fit:04f01143c9c76334dc1f7df426f77ac3e8992091d4090e6b06142aee6f9de488,2026-01-10T09:04:56+00:00,14,284,99,60,5.137,40.200000000000045,0,fit:04f01143c9c76334dc1f7df426f77ac3e8992091d4090e6b06142aee6f9de488:segment:006,6,5833.0,5678,activities/055_260110082743.csv,1,1,0,0
fit:04f01143c9c76334dc1f7df426f77ac3e8992091d4090e6b06142aee6f9de488,2026-01-10T09:04:57+00:00,15,365,101,66,5.14,40.200000000000045,0,fit:04f01143c9c76334dc1f7df426f77ac3e8992091d4090e6b06142aee6f9de488:segment:006,6,5834.0,5679,activities/055_260110082743.csv,1,1,0,0
fit:04f01143c9c76334dc1f7df426f77ac3e8992091d4090e6b06142aee6f9de488,2026-01-10T09:04:58+00:00,16,369,103,66,5.49,40.200000000000045,0,fit:04f01143c9c76334dc1f7df426f77ac3e8992091d4090e6b06142aee6f9de488:segment:006,6,5835.0,5680,activities/055_260110082743.csv,1,1,0,0
fit:04f01143c9c76334dc1f7df426f77ac3e8992091d4090e6b06142aee6f9de488,2026-01-10T09:04:59+00:00,17,295,105,70,5.872,40.799999999999955,0,fit:04f01143c9c76334dc1f7df426f77ac3e8992091d4090e6b06142aee6f9de488:segment:006,6,5836.0,5681,activities/055_260110082743.csv,1,1,0,0
fit:04f01143c9c76334dc1f7df426f77ac3e8992091d4090e6b06142aee6f9de488,2026-01-10T09:05:00+00:00,18,233,107,73,6.178,40.799999999999955,0,fit:04f01143c9c76334dc1f7df426f77ac3e8992091d4090e6b06142aee6f9de488:segment:006,6,5837.0,5682,activities/055_260110082743.csv,1,1,0,0
fit:04f01143c9c76334dc1f7df426f77ac3e8992091d4090e6b06142aee6f9de488,2026-01-10T09:05:01+00:00,19,295,108,73,6.427,40.799999999999955,0,fit:04f01143c9c76334dc1f7df426f77ac3e8992091d4090e6b06142aee6f9de488:segment:006,6,5838.0,5683,activities/055_260110082743.csv,1,1,0,0
fit:04f01143c9c76334dc1f7df426f77ac3e8992091d4090e6b06142aee6f9de488,2026-01-10T09:05:02+00:00,20,302,110,75,6.525,40.799999999999955,0,fit:04f01143c9c76334dc1f7df426f77ac3e8992091d4090e6b06142aee6f9de488:segment:006,6,5839.0,5684,activities/055_260110082743.csv,1,1,0,0
fit:04f01143c9c76334dc1f7df426f77ac3e8992091d4090e6b06142aee6f9de488,2026-01-10T09:05:03+00:00,21,318,110,75,6.668,40.799999999999955,0,fit:04f01143c9c76334dc1f7df426f77ac3e8992091d4090e6b06142aee6f9de488:segment:006,6,5840.0,5685,activities/055_260110082743.csv,1,1,0,0
fit:04f01143c9c76334dc1f7df426f77ac3e8992091d4090e6b06142aee6f9de488,2026-01-10T09:05:04+00:00,22,264,112,78,6.756,40.799999999999955,0,fit:04f01143c9c76334dc1f7df426f77ac3e8992091d4090e6b06142aee6f9de488:segment:006,6,5841.0,5686,activities/055_260110082743.csv,1,1,0,0
fit:04f01143c9c76334dc1f7df426f77ac3e8992091d4090e6b06142aee6f9de488,2026-01-10T09:05:05+00:00,23,289,113,80,6.961,40.799999999999955,0,fit:04f01143c9c76334dc1f7df426f77ac3e8992091d4090e6b06142aee6f9de488:segment:006,6,5842.0,5687,activities/055_260110082743.csv,1,1,0,0
fit:04f01143c9c76334dc1f7df426f77ac3e8992091d4090e6b06142aee6f9de488,2026-01-10T09:05:06+00:00,24,290,116,81,7.051,40.799999999999955,0,fit:04f01143c9c76334dc1f7df426f77ac3e8992091d4090e6b06142aee6f9de488:segment:006,6,5843.0,5688,activities/055_260110082743.csv,1,1,0,0
fit:04f01143c9c76334dc1f7df426f77ac3e8992091d4090e6b06142aee6f9de488,2026-01-10T09:05:07+00:00,25,261,118,82,7.119,42.60000000000002,0,fit:04f01143c9c76334dc1f7df426f77ac3e8992091d4090e6b06142aee6f9de488:segment:006,6,5844.0,5689,activities/055_260110082743.csv,1,1,0,0
fit:04f01143c9c76334dc1f7df426f77ac3e8992091d4090e6b06142aee6f9de488,2026-01-10T09:05:08+00:00,26,262,118,82,7.21,42.60000000000002,0,fit:04f01143c9c76334dc1f7df426f77ac3e8992091d4090e6b06142aee6f9de488:segment:006,6,5845.0,5690,activities/055_260110082743.csv,1,1,0,0
fit:04f01143c9c76334dc1f7df426f77ac3e8992091d4090e6b06142aee6f9de488,2026-01-10T09:05:09+00:00,27,172,120,82,7.245,42.60000000000002,0,fit:04f01143c9c76334dc1f7df426f77ac3e8992091d4090e6b06142aee6f9de488:segment:006,6,5846.0,5691,activities/055_260110082743.csv,1,1,0,0
fit:04f01143c9c76334dc1f7df426f77ac3e8992091d4090e6b06142aee6f9de488,2026-01-10T09:05:10+00:00,28,152,123,83,7.325,42.60000000000002,0,fit:04f01143c9c76334dc1f7df426f77ac3e8992091d4090e6b06142aee6f9de488:segment:006,6,5847.0,5692,activities/055_260110082743.csv,1,1,0,0
fit:04f01143c9c76334dc1f7df426f77ac3e8992091d4090e6b06142aee6f9de488,2026-01-10T09:05:11+00:00,29,234,125,82,7.325,43.0,0,fit:04f01143c9c76334dc1f7df426f77ac3e8992091d4090e6b06142aee6f9de488:segment:006,6,5848.0,5693,activities/055_260110082743.csv,1,1,0,0
fit:04f01143c9c76334dc1f7df426f77ac3e8992091d4090e6b06142aee6f9de488,2026-01-10T09:05:12+00:00,30,234,125,81,7.336,43.0,0,fit:04f01143c9c76334dc1f7df426f77ac3e8992091d4090e6b06142aee6f9de488:segment:006,6,5849.0,5694,activities/055_260110082743.csv,1,1,0,0
fit:04f01143c9c76334dc1f7df426f77ac3e8992091d4090e6b06142aee6f9de488,2026-01-10T09:05:13+00:00,31,261,127,81,7.301,43.0,0,fit:04f01143c9c76334dc1f7df426f77ac3e8992091d4090e6b06142aee6f9de488:segment:006,6,5850.0,5695,activities/055_260110082743.csv,1,1,0,0
fit:04f01143c9c76334dc1f7df426f77ac3e8992091d4090e6b06142aee6f9de488,2026-01-10T09:05:14+00:00,32,221,127,82,7.243,44.0,0,fit:04f01143c9c76334dc1f7df426f77ac3e8992091d4090e6b06142aee6f9de488:segment:006,6,5851.0,5696,activities/055_260110082743.csv,1,1,0,0
fit:04f01143c9c76334dc1f7df426f77ac3e8992091d4090e6b06142aee6f9de488,2026-01-10T09:05:15+00:00,33,187,132,83,7.313,44.200000000000045,0,fit:04f01143c9c76334dc1f7df426f77ac3e8992091d4090e6b06142aee6f9de488:segment:006,6,5852.0,5697,activities/055_260110082743.csv,1,1,0,0
fit:04f01143c9c76334dc1f7df426f77ac3e8992091d4090e6b06142aee6f9de488,2026-01-10T09:05:16+00:00,34,217,132,86,7.391,44.200000000000045,0,fit:04f01143c9c76334dc1f7df426f77ac3e8992091d4090e6b06142aee6f9de488:segment:006,6,5853.0,5698,activities/055_260110082743.csv,1,1,0,0
fit:04f01143c9c76334dc1f7df426f77ac3e8992091d4090e6b06142aee6f9de488,2026-01-10T09:05:17+00:00,35,156,135,87,7.581,44.200000000000045,0,fit:04f01143c9c76334dc1f7df426f77ac3e8992091d4090e6b06142aee6f9de488:segment:006,6,5854.0,5699,activities/055_260110082743.csv,1,1,0,0
fit:04f01143c9c76334dc1f7df426f77ac3e8992091d4090e6b06142aee6f9de488,2026-01-10T09:05:18+00:00,36,157,137,90,7.789,44.0,0,fit:04f01143c9c76334dc1f7df426f77ac3e8992091d4090e6b06142aee6f9de488:segment:006,6,5855.0,5700,activities/055_260110082743.csv,1,1,0,0
fit:04f01143c9c76334dc1f7df426f77ac3e8992091d4090e6b06142aee6f9de488,2026-01-10T09:05:19+00:00,37,144,137,90,7.95,43.60000000000002,0,fit:04f01143c9c76334dc1f7df426f77ac3e8992091d4090e6b06142aee6f9de488:segment:006,6,5856.0,5701,activities/055_260110082743.csv,1,1,0,0
fit:04f01143c9c76334dc1f7df426f77ac3e8992091d4090e6b06142aee6f9de488,2026-01-10T09:05:20+00:00,38,216,141,93,8.139,43.60000000000002,0,fit:04f01143c9c76334dc1f7df426f77ac3e8992091d4090e6b06142aee6f9de488:segment:006,6,5857.0,5702,activities/055_260110082743.csv,1,1,0,0
fit:04f01143c9c76334dc1f7df426f77ac3e8992091d4090e6b06142aee6f9de488,2026-01-10T09:05:21+00:00,39,133,141,93,8.232,43.60000000000002,0,fit:04f01143c9c76334dc1f7df426f77ac3e8992091d4090e6b06142aee6f9de488:segment:006,6,5858.0,5703,activities/055_260110082743.csv,1,1,0,0
fit:04f01143c9c76334dc1f7df426f77ac3e8992091d4090e6b06142aee6f9de488,2026-01-10T09:05:22+00:00,40,133,143,93,8.294,42.799999999999955,0,fit:04f01143c9c76334dc1f7df426f77ac3e8992091d4090e6b06142aee6f9de488:segment:006,6,5859.0,5704,activities/055_260110082743.csv,1,1,0,0
fit:04f01143c9c76334dc1f7df426f77ac3e8992091d4090e6b06142aee6f9de488,2026-01-10T09:05:23+00:00,41,142,144,93,8.243,42.60000000000002,0,fit:04f01143c9c76334dc1f7df426f77ac3e8992091d4090e6b06142aee6f9de488:segment:006,6,5860.0,5705,activities/055_260110082743.csv,1,1,0,0
fit:04f01143c9c76334dc1f7df426f77ac3e8992091d4090e6b06142aee6f9de488,2026-01-10T09:05:24+00:00,42,156,145,93,8.288,42.60000000000002,0,fit:04f01143c9c76334dc1f7df426f77ac3e8992091d4090e6b06142aee6f9de488:segment:006,6,5861.0,5706,activities/055_260110082743.csv,1,1,0,0
fit:04f01143c9c76334dc1f7df426f77ac3e8992091d4090e6b06142aee6f9de488,2026-01-10T09:05:25+00:00,43,120,146,95,8.308,42.60000000000002,0,fit:04f01143c9c76334dc1f7df426f77ac3e8992091d4090e6b06142aee6f9de488:segment:006,6,5862.0,5707,activities/055_260110082743.csv,1,1,0,0
fit:04f01143c9c76334dc1f7df426f77ac3e8992091d4090e6b06142aee6f9de488,2026-01-10T09:05:26+00:00,44,132,146,96,8.294,42.60000000000002,0,fit:04f01143c9c76334dc1f7df426f77ac3e8992091d4090e6b06142aee6f9de488:segment:006,6,5863.0,5708,activities/055_260110082743.csv,1,1,0,0
fit:04f01143c9c76334dc1f7df426f77ac3e8992091d4090e6b06142aee6f9de488,2026-01-10T09:05:27+00:00,45,173,147,96,8.432,41.60000000000002,0,fit:04f01143c9c76334dc1f7df426f77ac3e8992091d4090e6b06142aee6f9de488:segment:006,6,5864.0,5709,activities/055_260110082743.csv,1,1,0,0
fit:04f01143c9c76334dc1f7df426f77ac3e8992091d4090e6b06142aee6f9de488,2026-01-10T09:05:28+00:00,46,165,148,96,8.562,41.60000000000002,0,fit:04f01143c9c76334dc1f7df426f77ac3e8992091d4090e6b06142aee6f9de488:segment:006,6,5865.0,5710,activities/055_260110082743.csv,1,1,0,0
fit:04f01143c9c76334dc1f7df426f77ac3e8992091d4090e6b06142aee6f9de488,2026-01-10T09:05:29+00:00,47,362,148,96,8.557,41.60000000000002,0,fit:04f01143c9c76334dc1f7df426f77ac3e8992091d4090e6b06142aee6f9de488:segment:006,6,5866.0,5711,activities/055_260110082743.csv,1,1,0,0
fit:04f01143c9c76334dc1f7df426f77ac3e8992091d4090e6b06142aee6f9de488,2026-01-10T09:05:30+00:00,48,458,148,97,8.488,41.60000000000002,0,fit:04f01143c9c76334dc1f7df426f77ac3e8992091d4090e6b06142aee6f9de488:segment:006,6,5867.0,5712,activities/055_260110082743.csv,1,1,0,0
fit:04f01143c9c76334dc1f7df426f77ac3e8992091d4090e6b06142aee6f9de488,2026-01-10T09:05:31+00:00,49,459,148,100,8.623,41.39999999999998,0,fit:04f01143c9c76334dc1f7df426f77ac3e8992091d4090e6b06142aee6f9de488:segment:006,6,5868.0,5713,activities/055_260110082743.csv,1,1,0,0
fit:04f01143c9c76334dc1f7df426f77ac3e8992091d4090e6b06142aee6f9de488,2026-01-10T09:05:32+00:00,50,459,148,100,8.77,41.39999999999998,0,fit:04f01143c9c76334dc1f7df426f77ac3e8992091d4090e6b06142aee6f9de488:segment:006,6,5869.0,5714,activities/055_260110082743.csv,1,1,0,0
fit:04f01143c9c76334dc1f7df426f77ac3e8992091d4090e6b06142aee6f9de488,2026-01-10T09:05:33+00:00,51,204,148,100,8.804,41.39999999999998,0,fit:04f01143c9c76334dc1f7df426f77ac3e8992091d4090e6b06142aee6f9de488:segment:006,6,5870.0,5715,activities/055_260110082743.csv,1,1,0,0
fit:04f01143c9c76334dc1f7df426f77ac3e8992091d4090e6b06142aee6f9de488,2026-01-10T09:05:34+00:00,52,178,147,97,8.803,41.39999999999998,0,fit:04f01143c9c76334dc1f7df426f77ac3e8992091d4090e6b06142aee6f9de488:segment:006,6,5871.0,5716,activities/055_260110082743.csv,1,1,0,0
fit:04f01143c9c76334dc1f7df426f77ac3e8992091d4090e6b06142aee6f9de488,2026-01-10T09:05:35+00:00,53,306,146,96,8.736,41.39999999999998,0,fit:04f01143c9c76334dc1f7df426f77ac3e8992091d4090e6b06142aee6f9de488:segment:006,6,5872.0,5717,activities/055_260110082743.csv,1,1,0,0
fit:04f01143c9c76334dc1f7df426f77ac3e8992091d4090e6b06142aee6f9de488,2026-01-10T09:05:36+00:00,54,306,145,98,8.643,41.39999999999998,0,fit:04f01143c9c76334dc1f7df426f77ac3e8992091d4090e6b06142aee6f9de488:segment:006,6,5873.0,5718,activities/055_260110082743.csv,1,1,0,0
fit:04f01143c9c76334dc1f7df426f77ac3e8992091d4090e6b06142aee6f9de488,2026-01-10T09:05:37+00:00,55,49,145,98,8.682,41.39999999999998,0,fit:04f01143c9c76334dc1f7df426f77ac3e8992091d4090e6b06142aee6f9de488:segment:006,6,5874.0,5719,activities/055_260110082743.csv,1,1,0,0
fit:04f01143c9c76334dc1f7df426f77ac3e8992091d4090e6b06142aee6f9de488,2026-01-10T09:05:38+00:00,56,49,145,46,8.716,41.60000000000002,0,fit:04f01143c9c76334dc1f7df426f77ac3e8992091d4090e6b06142aee6f9de488:segment:006,6,5875.0,5720,activities/055_260110082743.csv,1,1,0,0
fit:04f01143c9c76334dc1f7df426f77ac3e8992091d4090e6b06142aee6f9de488,2026-01-10T09:05:39+00:00,57,245,144,46,8.481,41.39999999999998,0,fit:04f01143c9c76334dc1f7df426f77ac3e8992091d4090e6b06142aee6f9de488:segment:006,6,5876.0,5721,activities/055_260110082743.csv,1,1,0,0
fit:04f01143c9c76334dc1f7df426f77ac3e8992091d4090e6b06142aee6f9de488,2026-01-10T09:05:40+00:00,58,264,144,92,8.311,41.39999999999998,0,fit:04f01143c9c76334dc1f7df426f77ac3e8992091d4090e6b06142aee6f9de488:segment:006,6,5877.0,5722,activities/055_260110082743.csv,1,1,0,0
fit:04f01143c9c76334dc1f7df426f77ac3e8992091d4090e6b06142aee6f9de488,2026-01-10T09:05:41+00:00,59,421,143,92,8.319,41.39999999999998,0,fit:04f01143c9c76334dc1f7df426f77ac3e8992091d4090e6b06142aee6f9de488:segment:006,6,5878.0,5723,activities/055_260110082743.csv,1,1,0,0
fit:04f01143c9c76334dc1f7df426f77ac3e8992091d4090e6b06142aee6f9de488,2026-01-10T09:05:42+00:00,60,327,143,95,8.355,41.60000000000002,0,fit:04f01143c9c76334dc1f7df426f77ac3e8992091d4090e6b06142aee6f9de488:segment:006,6,5879.0,5724,activities/055_260110082743.csv,1,1,0,0
fit:04f01143c9c76334dc1f7df426f77ac3e8992091d4090e6b06142aee6f9de488,2026-01-10T09:05:43+00:00,61,213,143,97,8.45,42.200000000000045,0,fit:04f01143c9c76334dc1f7df426f77ac3e8992091d4090e6b06142aee6f9de488:segment:006,6,5880.0,5725,activities/055_260110082743.csv,1,1,0,0
fit:04f01143c9c76334dc1f7df426f77ac3e8992091d4090e6b06142aee6f9de488,2026-01-10T09:05:44+00:00,62,133,143,98,8.62,42.200000000000045,0,fit:04f01143c9c76334dc1f7df426f77ac3e8992091d4090e6b06142aee6f9de488:segment:006,6,5881.0,5726,activities/055_260110082743.csv,1,1,0,0
fit:04f01143c9c76334dc1f7df426f77ac3e8992091d4090e6b06142aee6f9de488,2026-01-10T09:05:45+00:00,63,148,143,98,8.677,42.200000000000045,0,fit:04f01143c9c76334dc1f7df426f77ac3e8992091d4090e6b06142aee6f9de488:segment:006,6,5882.0,5727,activities/055_260110082743.csv,1,1,0,0
fit:04f01143c9c76334dc1f7df426f77ac3e8992091d4090e6b06142aee6f9de488,2026-01-10T09:05:46+00:00,64,147,143,98,8.783,42.799999999999955,0,fit:04f01143c9c76334dc1f7df426f77ac3e8992091d4090e6b06142aee6f9de488:segment:006,6,5883.0,5728,activities/055_260110082743.csv,1,1,0,0
fit:04f01143c9c76334dc1f7df426f77ac3e8992091d4090e6b06142aee6f9de488,2026-01-10T09:05:47+00:00,65,166,143,98,8.801,43.39999999999998,0,fit:04f01143c9c76334dc1f7df426f77ac3e8992091d4090e6b06142aee6f9de488:segment:006,6,5884.0,5729,activities/055_260110082743.csv,1,1,0,0
fit:04f01143c9c76334dc1f7df426f77ac3e8992091d4090e6b06142aee6f9de488,2026-01-10T09:05:48+00:00,66,138,143,98,8.798,43.39999999999998,0,fit:04f01143c9c76334dc1f7df426f77ac3e8992091d4090e6b06142aee6f9de488:segment:006,6,5885.0,5730,activities/055_260110082743.csv,1,1,0,0
fit:04f01143c9c76334dc1f7df426f77ac3e8992091d4090e6b06142aee6f9de488,2026-01-10T09:05:49+00:00,67,67,144,98,8.763,43.39999999999998,0,fit:04f01143c9c76334dc1f7df426f77ac3e8992091d4090e6b06142aee6f9de488:segment:006,6,5886.0,5731,activities/055_260110082743.csv,1,1,0,0
fit:04f01143c9c76334dc1f7df426f77ac3e8992091d4090e6b06142aee6f9de488,2026-01-10T09:05:50+00:00,68,146,145,97,8.764,43.39999999999998,0,fit:04f01143c9c76334dc1f7df426f77ac3e8992091d4090e6b06142aee6f9de488:segment:006,6,5887.0,5732,activities/055_260110082743.csv,1,1,0,0
fit:04f01143c9c76334dc1f7df426f77ac3e8992091d4090e6b06142aee6f9de488,2026-01-10T09:05:51+00:00,69,140,145,97,8.635,43.60000000000002,0,fit:04f01143c9c76334dc1f7df426f77ac3e8992091d4090e6b06142aee6f9de488:segment:006,6,5888.0,5733,activities/055_260110082743.csv,1,1,0,0
fit:04f01143c9c76334dc1f7df426f77ac3e8992091d4090e6b06142aee6f9de488,2026-01-10T09:05:52+00:00,70,232,145,96,8.702,43.60000000000002,0,fit:04f01143c9c76334dc1f7df426f77ac3e8992091d4090e6b06142aee6f9de488:segment:006,6,5889.0,5734,activities/055_260110082743.csv,1,1,0,0
fit:04f01143c9c76334dc1f7df426f77ac3e8992091d4090e6b06142aee6f9de488,2026-01-10T09:05:53+00:00,71,248,146,98,8.666,43.60000000000002,0,fit:04f01143c9c76334dc1f7df426f77ac3e8992091d4090e6b06142aee6f9de488:segment:006,6,5890.0,5735,activities/055_260110082743.csv,1,1,0,0
fit:04f01143c9c76334dc1f7df426f77ac3e8992091d4090e6b06142aee6f9de488,2026-01-10T09:05:54+00:00,72,140,146,98,8.607,44.39999999999998,0,fit:04f01143c9c76334dc1f7df426f77ac3e8992091d4090e6b06142aee6f9de488:segment:006,6,5891.0,5736,activities/055_260110082743.csv,1,1,0,0
fit:04f01143c9c76334dc1f7df426f77ac3e8992091d4090e6b06142aee6f9de488,2026-01-10T09:05:55+00:00,73,135,146,98,8.659,44.200000000000045,0,fit:04f01143c9c76334dc1f7df426f77ac3e8992091d4090e6b06142aee6f9de488:segment:006,6,5892.0,5737,activities/055_260110082743.csv,1,1,0,0
fit:04f01143c9c76334dc1f7df426f77ac3e8992091d4090e6b06142aee6f9de488,2026-01-10T09:05:56+00:00,74,168,146,97,8.792,44.200000000000045,0,fit:04f01143c9c76334dc1f7df426f77ac3e8992091d4090e6b06142aee6f9de488:segment:006,6,5893.0,5738,activities/055_260110082743.csv,1,1,0,0
fit:04f01143c9c76334dc1f7df426f77ac3e8992091d4090e6b06142aee6f9de488,2026-01-10T09:05:57+00:00,75,188,146,97,8.684,44.200000000000045,0,fit:04f01143c9c76334dc1f7df426f77ac3e8992091d4090e6b06142aee6f9de488:segment:006,6,5894.0,5739,activities/055_260110082743.csv,1,1,0,0
fit:04f01143c9c76334dc1f7df426f77ac3e8992091d4090e6b06142aee6f9de488,2026-01-10T09:05:58+00:00,76,203,146,97,8.595,44.200000000000045,0,fit:04f01143c9c76334dc1f7df426f77ac3e8992091d4090e6b06142aee6f9de488:segment:006,6,5895.0,5740,activities/055_260110082743.csv,1,1,0,0
fit:04f01143c9c76334dc1f7df426f77ac3e8992091d4090e6b06142aee6f9de488,2026-01-10T09:05:59+00:00,77,190,146,97,8.596,44.799999999999955,0,fit:04f01143c9c76334dc1f7df426f77ac3e8992091d4090e6b06142aee6f9de488:segment:006,6,5896.0,5741,activities/055_260110082743.csv,1,1,0,0
fit:04f01143c9c76334dc1f7df426f77ac3e8992091d4090e6b06142aee6f9de488,2026-01-10T09:06:00+00:00,78,168,146,98,8.645,44.799999999999955,0,fit:04f01143c9c76334dc1f7df426f77ac3e8992091d4090e6b06142aee6f9de488:segment:006,6,5897.0,5742,activities/055_260110082743.csv,1,1,0,0
fit:04f01143c9c76334dc1f7df426f77ac3e8992091d4090e6b06142aee6f9de488,2026-01-10T09:06:01+00:00,79,189,146,98,8.713,44.799999999999955,0,fit:04f01143c9c76334dc1f7df426f77ac3e8992091d4090e6b06142aee6f9de488:segment:006,6,5898.0,5743,activities/055_260110082743.csv,1,1,0,0
fit:04f01143c9c76334dc1f7df426f77ac3e8992091d4090e6b06142aee6f9de488,2026-01-10T09:06:02+00:00,80,189,146,98,8.657,43.799999999999955,0,fit:04f01143c9c76334dc1f7df426f77ac3e8992091d4090e6b06142aee6f9de488:segment:006,6,5899.0,5744,activities/055_260110082743.csv,1,1,0,0
fit:04f01143c9c76334dc1f7df426f77ac3e8992091d4090e6b06142aee6f9de488,2026-01-10T09:06:03+00:00,81,193,146,99,8.691,44.0,0,fit:04f01143c9c76334dc1f7df426f77ac3e8992091d4090e6b06142aee6f9de488:segment:006,6,5900.0,5745,activities/055_260110082743.csv,1,1,0,0
fit:04f01143c9c76334dc1f7df426f77ac3e8992091d4090e6b06142aee6f9de488,2026-01-10T09:06:04+00:00,82,153,146,99,8.807,44.0,0,fit:04f01143c9c76334dc1f7df426f77ac3e8992091d4090e6b06142aee6f9de488:segment:006,6,5901.0,5746,activities/055_260110082743.csv,1,1,0,0
fit:04f01143c9c76334dc1f7df426f77ac3e8992091d4090e6b06142aee6f9de488,2026-01-10T09:06:05+00:00,83,126,147,99,8.775,44.0,0,fit:04f01143c9c76334dc1f7df426f77ac3e8992091d4090e6b06142aee6f9de488:segment:006,6,5902.0,5747,activities/055_260110082743.csv,1,1,0,0
fit:04f01143c9c76334dc1f7df426f77ac3e8992091d4090e6b06142aee6f9de488,2026-01-10T09:06:06+00:00,84,140,147,98,8.739,44.0,0,fit:04f01143c9c76334dc1f7df426f77ac3e8992091d4090e6b06142aee6f9de488:segment:006,6,5903.0,5748,activities/055_260110082743.csv,1,1,0,0
fit:04f01143c9c76334dc1f7df426f77ac3e8992091d4090e6b06142aee6f9de488,2026-01-10T09:06:07+00:00,85,139,147,98,8.708,44.0,0,fit:04f01143c9c76334dc1f7df426f77ac3e8992091d4090e6b06142aee6f9de488:segment:006,6,5904.0,5749,activities/055_260110082743.csv,1,1,0,0
fit:04f01143c9c76334dc1f7df426f77ac3e8992091d4090e6b06142aee6f9de488,2026-01-10T09:06:08+00:00,86,122,147,98,8.654,44.0,0,fit:04f01143c9c76334dc1f7df426f77ac3e8992091d4090e6b06142aee6f9de488:segment:006,6,5905.0,5750,activities/055_260110082743.csv,1,1,0,0
fit:04f01143c9c76334dc1f7df426f77ac3e8992091d4090e6b06142aee6f9de488,2026-01-10T09:06:09+00:00,87,93,146,98,8.623,44.0,0,fit:04f01143c9c76334dc1f7df426f77ac3e8992091d4090e6b06142aee6f9de488:segment:006,6,5906.0,5751,activities/055_260110082743.csv,1,1,0,0
fit:04f01143c9c76334dc1f7df426f77ac3e8992091d4090e6b06142aee6f9de488,2026-01-10T09:06:10+00:00,88,165,146,97,8.728,44.39999999999998,0,fit:04f01143c9c76334dc1f7df426f77ac3e8992091d4090e6b06142aee6f9de488:segment:006,6,5907.0,5752,activities/055_260110082743.csv,1,1,0,0
fit:04f01143c9c76334dc1f7df426f77ac3e8992091d4090e6b06142aee6f9de488,2026-01-10T09:06:11+00:00,89,159,145,97,8.781,44.799999999999955,0,fit:04f01143c9c76334dc1f7df426f77ac3e8992091d4090e6b06142aee6f9de488:segment:006,6,5908.0,5753,activities/055_260110082743.csv,1,1,0,0
fit:04f01143c9c76334dc1f7df426f77ac3e8992091d4090e6b06142aee6f9de488,2026-01-10T09:06:12+00:00,90,160,145,96,8.664,44.799999999999955,0,fit:04f01143c9c76334dc1f7df426f77ac3e8992091d4090e6b06142aee6f9de488:segment:006,6,5909.0,5754,activities/055_260110082743.csv,1,1,0,0
fit:04f01143c9c76334dc1f7df426f77ac3e8992091d4090e6b06142aee6f9de488,2026-01-10T09:06:13+00:00,91,246,145,97,8.653,44.799999999999955,0,fit:04f01143c9c76334dc1f7df426f77ac3e8992091d4090e6b06142aee6f9de488:segment:006,6,5910.0,5755,activities/055_260110082743.csv,1,1,0,0
fit:04f01143c9c76334dc1f7df426f77ac3e8992091d4090e6b06142aee6f9de488,2026-01-10T09:06:14+00:00,92,296,144,97,8.624,44.799999999999955,0,fit:04f01143c9c76334dc1f7df426f77ac3e8992091d4090e6b06142aee6f9de488:segment:006,6,5911.0,5756,activities/055_260110082743.csv,1,1,0,0
fit:04f01143c9c76334dc1f7df426f77ac3e8992091d4090e6b06142aee6f9de488,2026-01-10T09:06:15+00:00,93,296,144,98,8.701,45.200000000000045,0,fit:04f01143c9c76334dc1f7df426f77ac3e8992091d4090e6b06142aee6f9de488:segment:006,6,5912.0,5757,activities/055_260110082743.csv,1,1,0,0
fit:04f01143c9c76334dc1f7df426f77ac3e8992091d4090e6b06142aee6f9de488,2026-01-10T09:06:16+00:00,94,146,144,97,8.648,45.200000000000045,0,fit:04f01143c9c76334dc1f7df426f77ac3e8992091d4090e6b06142aee6f9de488:segment:006,6,5913.0,5758,activities/055_260110082743.csv,1,1,0,0
fit:04f01143c9c76334dc1f7df426f77ac3e8992091d4090e6b06142aee6f9de488,2026-01-10T09:06:17+00:00,95,242,143,96,8.587,45.200000000000045,0,fit:04f01143c9c76334dc1f7df426f77ac3e8992091d4090e6b06142aee6f9de488:segment:006,6,5914.0,5759,activities/055_260110082743.csv,1,1,0,0
fit:04f01143c9c76334dc1f7df426f77ac3e8992091d4090e6b06142aee6f9de488,2026-01-10T09:06:18+00:00,96,242,143,96,8.56,45.200000000000045,0,fit:04f01143c9c76334dc1f7df426f77ac3e8992091d4090e6b06142aee6f9de488:segment:006,6,5915.0,5760,activities/055_260110082743.csv,1,1,0,0
fit:04f01143c9c76334dc1f7df426f77ac3e8992091d4090e6b06142aee6f9de488,2026-01-10T09:06:19+00:00,97,166,143,96,8.628,45.0,0,fit:04f01143c9c76334dc1f7df426f77ac3e8992091d4090e6b06142aee6f9de488:segment:006,6,5916.0,5761,activities/055_260110082743.csv,1,1,0,0
fit:04f01143c9c76334dc1f7df426f77ac3e8992091d4090e6b06142aee6f9de488,2026-01-10T09:06:20+00:00,98,196,143,95,8.575,45.0,0,fit:04f01143c9c76334dc1f7df426f77ac3e8992091d4090e6b06142aee6f9de488:segment:006,6,5917.0,5762,activities/055_260110082743.csv,1,1,0,0
fit:04f01143c9c76334dc1f7df426f77ac3e8992091d4090e6b06142aee6f9de488,2026-01-10T09:06:21+00:00,99,196,143,96,8.491,45.0,0,fit:04f01143c9c76334dc1f7df426f77ac3e8992091d4090e6b06142aee6f9de488:segment:006,6,5918.0,5763,activities/055_260110082743.csv,1,1,0,0
fit:04f01143c9c76334dc1f7df426f77ac3e8992091d4090e6b06142aee6f9de488,2026-01-10T09:06:22+00:00,100,155,142,96,8.53,44.60000000000002,0,fit:04f01143c9c76334dc1f7df426f77ac3e8992091d4090e6b06142aee6f9de488:segment:006,6,5919.0,5764,activities/055_260110082743.csv,1,1,0,0
fit:04f01143c9c76334dc1f7df426f77ac3e8992091d4090e6b06142aee6f9de488,2026-01-10T09:06:23+00:00,101,195,141,95,8.519,45.39999999999998,0,fit:04f01143c9c76334dc1f7df426f77ac3e8992091d4090e6b06142aee6f9de488:segment:006,6,5920.0,5765,activities/055_260110082743.csv,1,1,0,0
fit:04f01143c9c76334dc1f7df426f77ac3e8992091d4090e6b06142aee6f9de488,2026-01-10T09:06:24+00:00,102,180,141,95,8.536,45.39999999999998,0,fit:04f01143c9c76334dc1f7df426f77ac3e8992091d4090e6b06142aee6f9de488:segment:006,6,5921.0,5766,activities/055_260110082743.csv,1,1,0,0
fit:04f01143c9c76334dc1f7df426f77ac3e8992091d4090e6b06142aee6f9de488,2026-01-10T09:06:25+00:00,103,226,141,95,8.464,45.39999999999998,0,fit:04f01143c9c76334dc1f7df426f77ac3e8992091d4090e6b06142aee6f9de488:segment:006,6,5922.0,5767,activities/055_260110082743.csv,1,1,0,0
fit:04f01143c9c76334dc1f7df426f77ac3e8992091d4090e6b06142aee6f9de488,2026-01-10T09:06:26+00:00,104,145,141,95,8.396,45.60000000000002,0,fit:04f01143c9c76334dc1f7df426f77ac3e8992091d4090e6b06142aee6f9de488:segment:006,6,5923.0,5768,activities/055_260110082743.csv,1,1,0,0
fit:04f01143c9c76334dc1f7df426f77ac3e8992091d4090e6b06142aee6f9de488,2026-01-10T09:06:27+00:00,105,123,140,94,8.437,46.200000000000045,0,fit:04f01143c9c76334dc1f7df426f77ac3e8992091d4090e6b06142aee6f9de488:segment:006,6,5924.0,5769,activities/055_260110082743.csv,1,1,0,0
fit:04f01143c9c76334dc1f7df426f77ac3e8992091d4090e6b06142aee6f9de488,2026-01-10T09:06:28+00:00,106,180,140,94,8.346,46.200000000000045,0,fit:04f01143c9c76334dc1f7df426f77ac3e8992091d4090e6b06142aee6f9de488:segment:006,6,5925.0,5770,activities/055_260110082743.csv,1,1,0,0
fit:04f01143c9c76334dc1f7df426f77ac3e8992091d4090e6b06142aee6f9de488,2026-01-10T09:06:29+00:00,107,194,140,94,8.355,46.200000000000045,0,fit:04f01143c9c76334dc1f7df426f77ac3e8992091d4090e6b06142aee6f9de488:segment:006,6,5926.0,5771,activities/055_260110082743.csv,1,1,0,0
fit:04f01143c9c76334dc1f7df426f77ac3e8992091d4090e6b06142aee6f9de488,2026-01-10T09:06:30+00:00,108,203,140,94,8.341,46.200000000000045,0,fit:04f01143c9c76334dc1f7df426f77ac3e8992091d4090e6b06142aee6f9de488:segment:006,6,5927.0,5772,activities/055_260110082743.csv,1,1,0,0
fit:04f01143c9c76334dc1f7df426f77ac3e8992091d4090e6b06142aee6f9de488,2026-01-10T09:06:31+00:00,109,161,140,95,8.341,47.0,0,fit:04f01143c9c76334dc1f7df426f77ac3e8992091d4090e6b06142aee6f9de488:segment:006,6,5928.0,5773,activities/055_260110082743.csv,1,1,0,0
fit:04f01143c9c76334dc1f7df426f77ac3e8992091d4090e6b06142aee6f9de488,2026-01-10T09:06:32+00:00,110,151,139,96,8.356,47.0,0,fit:04f01143c9c76334dc1f7df426f77ac3e8992091d4090e6b06142aee6f9de488:segment:006,6,5929.0,5774,activities/055_260110082743.csv,1,1,0,0
fit:04f01143c9c76334dc1f7df426f77ac3e8992091d4090e6b06142aee6f9de488,2026-01-10T09:06:33+00:00,111,161,138,96,8.478,47.0,0,fit:04f01143c9c76334dc1f7df426f77ac3e8992091d4090e6b06142aee6f9de488:segment:006,6,5930.0,5775,activities/055_260110082743.csv,1,1,0,0
fit:04f01143c9c76334dc1f7df426f77ac3e8992091d4090e6b06142aee6f9de488,2026-01-10T09:06:34+00:00,112,210,137,97,8.65,46.0,0,fit:04f01143c9c76334dc1f7df426f77ac3e8992091d4090e6b06142aee6f9de488:segment:006,6,5931.0,5776,activities/055_260110082743.csv,1,1,0,0
fit:04f01143c9c76334dc1f7df426f77ac3e8992091d4090e6b06142aee6f9de488,2026-01-10T09:06:35+00:00,113,198,137,98,8.687,45.799999999999955,0,fit:04f01143c9c76334dc1f7df426f77ac3e8992091d4090e6b06142aee6f9de488:segment:006,6,5932.0,5777,activities/055_260110082743.csv,1,1,0,0
fit:04f01143c9c76334dc1f7df426f77ac3e8992091d4090e6b06142aee6f9de488,2026-01-10T09:06:36+00:00,114,170,137,99,8.638,45.799999999999955,0,fit:04f01143c9c76334dc1f7df426f77ac3e8992091d4090e6b06142aee6f9de488:segment:006,6,5933.0,5778,activities/055_260110082743.csv,1,1,0,0
fit:04f01143c9c76334dc1f7df426f77ac3e8992091d4090e6b06142aee6f9de488,2026-01-10T09:06:37+00:00,115,170,137,99,8.716,45.799999999999955,0,fit:04f01143c9c76334dc1f7df426f77ac3e8992091d4090e6b06142aee6f9de488:segment:006,6,5934.0,5779,activities/055_260110082743.csv,1,1,0,0
fit:04f01143c9c76334dc1f7df426f77ac3e8992091d4090e6b06142aee6f9de488,2026-01-10T09:06:38+00:00,116,196,137,99,8.81,45.799999999999955,0,fit:04f01143c9c76334dc1f7df426f77ac3e8992091d4090e6b06142aee6f9de488:segment:006,6,5935.0,5780,activities/055_260110082743.csv,1,1,0,0
fit:04f01143c9c76334dc1f7df426f77ac3e8992091d4090e6b06142aee6f9de488,2026-01-10T09:06:39+00:00,117,155,137,99,8.788,46.60000000000002,0,fit:04f01143c9c76334dc1f7df426f77ac3e8992091d4090e6b06142aee6f9de488:segment:006,6,5936.0,5781,activities/055_260110082743.csv,1,1,0,0
fit:04f01143c9c76334dc1f7df426f77ac3e8992091d4090e6b06142aee6f9de488,2026-01-10T09:06:40+00:00,118,173,137,100,8.85,46.60000000000002,0,fit:04f01143c9c76334dc1f7df426f77ac3e8992091d4090e6b06142aee6f9de488:segment:006,6,5937.0,5782,activities/055_260110082743.csv,1,1,0,0
fit:04f01143c9c76334dc1f7df426f77ac3e8992091d4090e6b06142aee6f9de488,2026-01-10T09:06:41+00:00,119,133,137,99,8.919,46.60000000000002,0,fit:04f01143c9c76334dc1f7df426f77ac3e8992091d4090e6b06142aee6f9de488:segment:006,6,5938.0,5783,activities/055_260110082743.csv,1,1,0,0
fit:04f01143c9c76334dc1f7df426f77ac3e8992091d4090e6b06142aee6f9de488,2026-01-10T09:06:42+00:00,120,184,137,99,8.823,46.60000000000002,0,fit:04f01143c9c76334dc1f7df426f77ac3e8992091d4090e6b06142aee6f9de488:segment:006,6,5939.0,5784,activities/055_260110082743.csv,1,1,0,0
fit:04f01143c9c76334dc1f7df426f77ac3e8992091d4090e6b06142aee6f9de488,2026-01-10T09:06:43+00:00,121,184,138,99,8.865,46.0,0,fit:04f01143c9c76334dc1f7df426f77ac3e8992091d4090e6b06142aee6f9de488:segment:006,6,5940.0,5785,activities/055_260110082743.csv,1,1,0,0
fit:04f01143c9c76334dc1f7df426f77ac3e8992091d4090e6b06142aee6f9de488,2026-01-10T09:06:44+00:00,122,208,138,100,8.86,46.0,0,fit:04f01143c9c76334dc1f7df426f77ac3e8992091d4090e6b06142aee6f9de488:segment:006,6,5941.0,5786,activities/055_260110082743.csv,1,1,0,0
fit:04f01143c9c76334dc1f7df426f77ac3e8992091d4090e6b06142aee6f9de488,2026-01-10T09:06:45+00:00,123,168,139,100,8.842,46.0,0,fit:04f01143c9c76334dc1f7df426f77ac3e8992091d4090e6b06142aee6f9de488:segment:006,6,5942.0,5787,activities/055_260110082743.csv,1,1,0,0
fit:04f01143c9c76334dc1f7df426f77ac3e8992091d4090e6b06142aee6f9de488,2026-01-10T09:06:46+00:00,124,132,139,100,8.884,45.39999999999998,0,fit:04f01143c9c76334dc1f7df426f77ac3e8992091d4090e6b06142aee6f9de488:segment:006,6,5943.0,5788,activities/055_260110082743.csv,1,1,0,0
fit:04f01143c9c76334dc1f7df426f77ac3e8992091d4090e6b06142aee6f9de488,2026-01-10T09:06:47+00:00,125,145,139,101,8.935,46.0,0,fit:04f01143c9c76334dc1f7df426f77ac3e8992091d4090e6b06142aee6f9de488:segment:006,6,5944.0,5789,activities/055_260110082743.csv,1,1,0,0
fit:04f01143c9c76334dc1f7df426f77ac3e8992091d4090e6b06142aee6f9de488,2026-01-10T09:06:48+00:00,126,108,139,101,8.912,46.0,0,fit:04f01143c9c76334dc1f7df426f77ac3e8992091d4090e6b06142aee6f9de488:segment:006,6,5945.0,5790,activities/055_260110082743.csv,1,1,0,0
fit:04f01143c9c76334dc1f7df426f77ac3e8992091d4090e6b06142aee6f9de488,2026-01-10T09:06:49+00:00,127,30,139,100,8.999,46.0,0,fit:04f01143c9c76334dc1f7df426f77ac3e8992091d4090e6b06142aee6f9de488:segment:006,6,5946.0,5791,activities/055_260110082743.csv,1,1,0,0
fit:04f01143c9c76334dc1f7df426f77ac3e8992091d4090e6b06142aee6f9de488,2026-01-10T09:06:50+00:00,128,101,140,45,8.864,46.0,0,fit:04f01143c9c76334dc1f7df426f77ac3e8992091d4090e6b06142aee6f9de488:segment:006,6,5947.0,5792,activities/055_260110082743.csv,1,1,0,0
fit:04f01143c9c76334dc1f7df426f77ac3e8992091d4090e6b06142aee6f9de488,2026-01-10T09:06:51+00:00,129,125,140,97,8.828,44.799999999999955,0,fit:04f01143c9c76334dc1f7df426f77ac3e8992091d4090e6b06142aee6f9de488:segment:006,6,5948.0,5793,activities/055_260110082743.csv,1,1,0,0
fit:04f01143c9c76334dc1f7df426f77ac3e8992091d4090e6b06142aee6f9de488,2026-01-10T09:06:52+00:00,130,122,140,96,8.699,44.799999999999955,0,fit:04f01143c9c76334dc1f7df426f77ac3e8992091d4090e6b06142aee6f9de488:segment:006,6,5949.0,5794,activities/055_260110082743.csv,1,1,0,0
fit:04f01143c9c76334dc1f7df426f77ac3e8992091d4090e6b06142aee6f9de488,2026-01-10T09:06:53+00:00,131,122,140,96,8.663,44.799999999999955,0,fit:04f01143c9c76334dc1f7df426f77ac3e8992091d4090e6b06142aee6f9de488:segment:006,6,5950.0,5795,activities/055_260110082743.csv,1,1,0,0
fit:04f01143c9c76334dc1f7df426f77ac3e8992091d4090e6b06142aee6f9de488,2026-01-10T09:06:54+00:00,132,102,140,96,8.602,44.799999999999955,0,fit:04f01143c9c76334dc1f7df426f77ac3e8992091d4090e6b06142aee6f9de488:segment:006,6,5951.0,5796,activities/055_260110082743.csv,1,1,0,0
fit:04f01143c9c76334dc1f7df426f77ac3e8992091d4090e6b06142aee6f9de488,2026-01-10T09:06:55+00:00,133,227,140,94,8.555,44.60000000000002,0,fit:04f01143c9c76334dc1f7df426f77ac3e8992091d4090e6b06142aee6f9de488:segment:006,6,5952.0,5797,activities/055_260110082743.csv,1,1,0,0
fit:04f01143c9c76334dc1f7df426f77ac3e8992091d4090e6b06142aee6f9de488,2026-01-10T09:06:56+00:00,134,136,140,86,8.505,44.60000000000002,0,fit:04f01143c9c76334dc1f7df426f77ac3e8992091d4090e6b06142aee6f9de488:segment:006,6,5953.0,5798,activities/055_260110082743.csv,1,1,0,0
fit:04f01143c9c76334dc1f7df426f77ac3e8992091d4090e6b06142aee6f9de488,2026-01-10T09:06:57+00:00,135,227,140,85,8.461,44.60000000000002,0,fit:04f01143c9c76334dc1f7df426f77ac3e8992091d4090e6b06142aee6f9de488:segment:006,6,5954.0,5799,activities/055_260110082743.csv,1,1,0,0
fit:04f01143c9c76334dc1f7df426f77ac3e8992091d4090e6b06142aee6f9de488,2026-01-10T09:06:58+00:00,136,228,139,85,8.451,45.60000000000002,0,fit:04f01143c9c76334dc1f7df426f77ac3e8992091d4090e6b06142aee6f9de488:segment:006,6,5955.0,5800,activities/055_260110082743.csv,1,1,0,0
fit:04f01143c9c76334dc1f7df426f77ac3e8992091d4090e6b06142aee6f9de488,2026-01-10T09:06:59+00:00,137,186,138,85,8.428,45.60000000000002,0,fit:04f01143c9c76334dc1f7df426f77ac3e8992091d4090e6b06142aee6f9de488:segment:006,6,5956.0,5801,activities/055_260110082743.csv,1,1,0,0
fit:04f01143c9c76334dc1f7df426f77ac3e8992091d4090e6b06142aee6f9de488,2026-01-10T09:07:00+00:00,138,186,138,86,8.534,45.60000000000002,0,fit:04f01143c9c76334dc1f7df426f77ac3e8992091d4090e6b06142aee6f9de488:segment:006,6,5957.0,5802,activities/055_260110082743.csv,1,1,0,0
fit:04f01143c9c76334dc1f7df426f77ac3e8992091d4090e6b06142aee6f9de488,2026-01-10T09:07:01+00:00,139,169,136,86,8.49,45.60000000000002,0,fit:04f01143c9c76334dc1f7df426f77ac3e8992091d4090e6b06142aee6f9de488:segment:006,6,5958.0,5803,activities/055_260110082743.csv,1,1,0,0
fit:04f01143c9c76334dc1f7df426f77ac3e8992091d4090e6b06142aee6f9de488,2026-01-10T09:07:02+00:00,140,164,136,86,8.431,46.39999999999998,0,fit:04f01143c9c76334dc1f7df426f77ac3e8992091d4090e6b06142aee6f9de488:segment:006,6,5959.0,5804,activities/055_260110082743.csv,1,1,0,0
fit:04f01143c9c76334dc1f7df426f77ac3e8992091d4090e6b06142aee6f9de488,2026-01-10T09:07:03+00:00,141,163,135,85,8.444,46.0,0,fit:04f01143c9c76334dc1f7df426f77ac3e8992091d4090e6b06142aee6f9de488:segment:006,6,5960.0,5805,activities/055_260110082743.csv,1,1,0,0
fit:04f01143c9c76334dc1f7df426f77ac3e8992091d4090e6b06142aee6f9de488,2026-01-10T09:07:04+00:00,142,107,135,85,8.44,46.0,0,fit:04f01143c9c76334dc1f7df426f77ac3e8992091d4090e6b06142aee6f9de488:segment:006,6,5961.0,5806,activities/055_260110082743.csv,1,1,0,0
fit:04f01143c9c76334dc1f7df426f77ac3e8992091d4090e6b06142aee6f9de488,2026-01-10T09:07:05+00:00,143,235,134,84,8.407,46.0,0,fit:04f01143c9c76334dc1f7df426f77ac3e8992091d4090e6b06142aee6f9de488:segment:006,6,5962.0,5807,activities/055_260110082743.csv,1,1,0,0
fit:04f01143c9c76334dc1f7df426f77ac3e8992091d4090e6b06142aee6f9de488,2026-01-10T09:07:06+00:00,144,240,134,84,8.321,47.0,0,fit:04f01143c9c76334dc1f7df426f77ac3e8992091d4090e6b06142aee6f9de488:segment:006,6,5963.0,5808,activities/055_260110082743.csv,1,1,0,0
fit:04f01143c9c76334dc1f7df426f77ac3e8992091d4090e6b06142aee6f9de488,2026-01-10T09:07:07+00:00,145,206,133,85,8.366,47.0,0,fit:04f01143c9c76334dc1f7df426f77ac3e8992091d4090e6b06142aee6f9de488:segment:006,6,5964.0,5809,activities/055_260110082743.csv,1,1,0,0
fit:04f01143c9c76334dc1f7df426f77ac3e8992091d4090e6b06142aee6f9de488,2026-01-10T09:07:08+00:00,146,177,133,85,8.473,47.0,0,fit:04f01143c9c76334dc1f7df426f77ac3e8992091d4090e6b06142aee6f9de488:segment:006,6,5965.0,5810,activities/055_260110082743.csv,1,1,0,0
fit:04f01143c9c76334dc1f7df426f77ac3e8992091d4090e6b06142aee6f9de488,2026-01-10T09:07:09+00:00,147,190,133,84,8.411,47.0,0,fit:04f01143c9c76334dc1f7df426f77ac3e8992091d4090e6b06142aee6f9de488:segment:006,6,5966.0,5811,activities/055_260110082743.csv,1,1,0,0
fit:04f01143c9c76334dc1f7df426f77ac3e8992091d4090e6b06142aee6f9de488,2026-01-10T09:07:10+00:00,148,221,133,84,8.345,47.0,0,fit:04f01143c9c76334dc1f7df426f77ac3e8992091d4090e6b06142aee6f9de488:segment:006,6,5967.0,5812,activities/055_260110082743.csv,1,1,0,0
fit:04f01143c9c76334dc1f7df426f77ac3e8992091d4090e6b06142aee6f9de488,2026-01-10T09:07:11+00:00,149,205,133,84,8.318,48.200000000000045,0,fit:04f01143c9c76334dc1f7df426f77ac3e8992091d4090e6b06142aee6f9de488:segment:006,6,5968.0,5813,activities/055_260110082743.csv,1,1,0,0
fit:04f01143c9c76334dc1f7df426f77ac3e8992091d4090e6b06142aee6f9de488,2026-01-10T09:07:12+00:00,150,223,133,83,8.296,48.200000000000045,0,fit:04f01143c9c76334dc1f7df426f77ac3e8992091d4090e6b06142aee6f9de488:segment:006,6,5969.0,5814,activities/055_260110082743.csv,1,1,0,0
fit:04f01143c9c76334dc1f7df426f77ac3e8992091d4090e6b06142aee6f9de488,2026-01-10T09:07:13+00:00,151,170,133,83,8.264,48.200000000000045,0,fit:04f01143c9c76334dc1f7df426f77ac3e8992091d4090e6b06142aee6f9de488:segment:006,6,5970.0,5815,activities/055_260110082743.csv,1,1,0,0
fit:04f01143c9c76334dc1f7df426f77ac3e8992091d4090e6b06142aee6f9de488,2026-01-10T09:07:14+00:00,152,128,132,83,8.203,48.200000000000045,0,fit:04f01143c9c76334dc1f7df426f77ac3e8992091d4090e6b06142aee6f9de488:segment:006,6,5971.0,5816,activities/055_260110082743.csv,1,1,0,0
fit:04f01143c9c76334dc1f7df426f77ac3e8992091d4090e6b06142aee6f9de488,2026-01-10T09:07:15+00:00,153,100,132,82,8.201,48.60000000000002,0,fit:04f01143c9c76334dc1f7df426f77ac3e8992091d4090e6b06142aee6f9de488:segment:006,6,5972.0,5817,activities/055_260110082743.csv,1,1,0,0
fit:04f01143c9c76334dc1f7df426f77ac3e8992091d4090e6b06142aee6f9de488,2026-01-10T09:07:16+00:00,154,181,132,81,8.142,48.60000000000002,0,fit:04f01143c9c76334dc1f7df426f77ac3e8992091d4090e6b06142aee6f9de488:segment:006,6,5973.0,5818,activities/055_260110082743.csv,1,1,0,0
fit:04f01143c9c76334dc1f7df426f77ac3e8992091d4090e6b06142aee6f9de488,2026-01-10T09:07:17+00:00,155,181,132,78,8.017,48.60000000000002,0,fit:04f01143c9c76334dc1f7df426f77ac3e8992091d4090e6b06142aee6f9de488:segment:006,6,5974.0,5819,activities/055_260110082743.csv,1,1,0,0
fit:04f01143c9c76334dc1f7df426f77ac3e8992091d4090e6b06142aee6f9de488,2026-01-10T09:07:18+00:00,156,223,132,78,7.863,48.60000000000002,0,fit:04f01143c9c76334dc1f7df426f77ac3e8992091d4090e6b06142aee6f9de488:segment:006,6,5975.0,5820,activities/055_260110082743.csv,1,1,0,0
fit:04f01143c9c76334dc1f7df426f77ac3e8992091d4090e6b06142aee6f9de488,2026-01-10T09:07:19+00:00,157,307,131,77,7.766,49.200000000000045,0,fit:04f01143c9c76334dc1f7df426f77ac3e8992091d4090e6b06142aee6f9de488:segment:006,6,5976.0,5821,activities/055_260110082743.csv,1,1,0,0
fit:04f01143c9c76334dc1f7df426f77ac3e8992091d4090e6b06142aee6f9de488,2026-01-10T09:07:20+00:00,158,345,131,78,7.739,49.200000000000045,0,fit:04f01143c9c76334dc1f7df426f77ac3e8992091d4090e6b06142aee6f9de488:segment:006,6,5977.0,5822,activities/055_260110082743.csv,1,1,0,0
fit:04f01143c9c76334dc1f7df426f77ac3e8992091d4090e6b06142aee6f9de488,2026-01-10T09:07:21+00:00,159,273,131,80,7.764,49.200000000000045,0,fit:04f01143c9c76334dc1f7df426f77ac3e8992091d4090e6b06142aee6f9de488:segment:006,6,5978.0,5823,activities/055_260110082743.csv,1,1,0,0
fit:04f01143c9c76334dc1f7df426f77ac3e8992091d4090e6b06142aee6f9de488,2026-01-10T09:07:22+00:00,160,274,131,81,7.883,49.200000000000045,0,fit:04f01143c9c76334dc1f7df426f77ac3e8992091d4090e6b06142aee6f9de488:segment:006,6,5979.0,5824,activities/055_260110082743.csv,1,1,0,0
fit:04f01143c9c76334dc1f7df426f77ac3e8992091d4090e6b06142aee6f9de488,2026-01-10T09:07:23+00:00,161,165,132,82,8.03,49.0,0,fit:04f01143c9c76334dc1f7df426f77ac3e8992091d4090e6b06142aee6f9de488:segment:006,6,5980.0,5825,activities/055_260110082743.csv,1,1,0,0
fit:04f01143c9c76334dc1f7df426f77ac3e8992091d4090e6b06142aee6f9de488,2026-01-10T09:07:24+00:00,162,165,132,82,8.067,49.0,0,fit:04f01143c9c76334dc1f7df426f77ac3e8992091d4090e6b06142aee6f9de488:segment:006,6,5981.0,5826,activities/055_260110082743.csv,1,1,0,0
fit:04f01143c9c76334dc1f7df426f77ac3e8992091d4090e6b06142aee6f9de488,2026-01-10T09:07:25+00:00,163,214,132,80,8.011,49.0,0,fit:04f01143c9c76334dc1f7df426f77ac3e8992091d4090e6b06142aee6f9de488:segment:006,6,5982.0,5827,activities/055_260110082743.csv,1,1,0,0
fit:04f01143c9c76334dc1f7df426f77ac3e8992091d4090e6b06142aee6f9de488,2026-01-10T09:07:26+00:00,164,198,133,80,7.952,49.799999999999955,0,fit:04f01143c9c76334dc1f7df426f77ac3e8992091d4090e6b06142aee6f9de488:segment:006,6,5983.0,5828,activities/055_260110082743.csv,1,1,0,0
fit:04f01143c9c76334dc1f7df426f77ac3e8992091d4090e6b06142aee6f9de488,2026-01-10T09:07:27+00:00,165,214,133,80,7.898,49.799999999999955,0,fit:04f01143c9c76334dc1f7df426f77ac3e8992091d4090e6b06142aee6f9de488:segment:006,6,5984.0,5829,activities/055_260110082743.csv,1,1,0,0
fit:04f01143c9c76334dc1f7df426f77ac3e8992091d4090e6b06142aee6f9de488,2026-01-10T09:07:28+00:00,166,205,134,80,7.891,49.799999999999955,0,fit:04f01143c9c76334dc1f7df426f77ac3e8992091d4090e6b06142aee6f9de488:segment:006,6,5985.0,5830,activities/055_260110082743.csv,1,1,0,0
fit:04f01143c9c76334dc1f7df426f77ac3e8992091d4090e6b06142aee6f9de488,2026-01-10T09:07:29+00:00,167,362,134,80,7.924,49.799999999999955,0,fit:04f01143c9c76334dc1f7df426f77ac3e8992091d4090e6b06142aee6f9de488:segment:006,6,5986.0,5831,activities/055_260110082743.csv,1,1,0,0
fit:04f01143c9c76334dc1f7df426f77ac3e8992091d4090e6b06142aee6f9de488,2026-01-10T09:07:30+00:00,168,316,135,82,7.921,49.799999999999955,0,fit:04f01143c9c76334dc1f7df426f77ac3e8992091d4090e6b06142aee6f9de488:segment:006,6,5987.0,5832,activities/055_260110082743.csv,1,1,0,0
fit:04f01143c9c76334dc1f7df426f77ac3e8992091d4090e6b06142aee6f9de488,2026-01-10T09:07:31+00:00,169,257,137,84,8.061,49.39999999999998,0,fit:04f01143c9c76334dc1f7df426f77ac3e8992091d4090e6b06142aee6f9de488:segment:006,6,5988.0,5833,activities/055_260110082743.csv,1,1,0,0
fit:04f01143c9c76334dc1f7df426f77ac3e8992091d4090e6b06142aee6f9de488,2026-01-10T09:07:32+00:00,170,258,137,86,8.157,49.39999999999998,0,fit:04f01143c9c76334dc1f7df426f77ac3e8992091d4090e6b06142aee6f9de488:segment:006,6,5989.0,5834,activities/055_260110082743.csv,1,1,0,0
fit:04f01143c9c76334dc1f7df426f77ac3e8992091d4090e6b06142aee6f9de488,2026-01-10T09:07:33+00:00,171,249,137,88,8.288,49.39999999999998,0,fit:04f01143c9c76334dc1f7df426f77ac3e8992091d4090e6b06142aee6f9de488:segment:006,6,5990.0,5835,activities/055_260110082743.csv,1,1,0,0
fit:04f01143c9c76334dc1f7df426f77ac3e8992091d4090e6b06142aee6f9de488,2026-01-10T09:07:34+00:00,172,221,138,88,8.545,49.39999999999998,0,fit:04f01143c9c76334dc1f7df426f77ac3e8992091d4090e6b06142aee6f9de488:segment:006,6,5991.0,5836,activities/055_260110082743.csv,1,1,0,0
fit:04f01143c9c76334dc1f7df426f77ac3e8992091d4090e6b06142aee6f9de488,2026-01-10T09:07:35+00:00,173,218,139,89,8.707,49.799999999999955,0,fit:04f01143c9c76334dc1f7df426f77ac3e8992091d4090e6b06142aee6f9de488:segment:006,6,5992.0,5837,activities/055_260110082743.csv,1,1,0,0
fit:04f01143c9c76334dc1f7df426f77ac3e8992091d4090e6b06142aee6f9de488,2026-01-10T09:07:36+00:00,174,169,139,90,8.841,49.799999999999955,0,fit:04f01143c9c76334dc1f7df426f77ac3e8992091d4090e6b06142aee6f9de488:segment:006,6,5993.0,5838,activities/055_260110082743.csv,1,1,0,0
fit:04f01143c9c76334dc1f7df426f77ac3e8992091d4090e6b06142aee6f9de488,2026-01-10T09:07:37+00:00,175,96,139,90,8.924,49.799999999999955,0,fit:04f01143c9c76334dc1f7df426f77ac3e8992091d4090e6b06142aee6f9de488:segment:006,6,5994.0,5839,activities/055_260110082743.csv,1,1,0,0
fit:04f01143c9c76334dc1f7df426f77ac3e8992091d4090e6b06142aee6f9de488,2026-01-10T09:07:38+00:00,176,97,140,89,8.913,49.799999999999955,0,fit:04f01143c9c76334dc1f7df426f77ac3e8992091d4090e6b06142aee6f9de488:segment:006,6,5995.0,5840,activities/055_260110082743.csv,1,1,0,0
fit:04f01143c9c76334dc1f7df426f77ac3e8992091d4090e6b06142aee6f9de488,2026-01-10T09:07:39+00:00,177,84,141,87,8.84,50.0,0,fit:04f01143c9c76334dc1f7df426f77ac3e8992091d4090e6b06142aee6f9de488:segment:006,6,5996.0,5841,activities/055_260110082743.csv,1,1,0,0
fit:04f01143c9c76334dc1f7df426f77ac3e8992091d4090e6b06142aee6f9de488,2026-01-10T09:07:40+00:00,178,75,141,86,8.777,50.0,0,fit:04f01143c9c76334dc1f7df426f77ac3e8992091d4090e6b06142aee6f9de488:segment:006,6,5997.0,5842,activities/055_260110082743.csv,1,1,0,0
fit:04f01143c9c76334dc1f7df426f77ac3e8992091d4090e6b06142aee6f9de488,2026-01-10T09:07:41+00:00,179,94,141,85,8.626,50.0,0,fit:04f01143c9c76334dc1f7df426f77ac3e8992091d4090e6b06142aee6f9de488:segment:006,6,5998.0,5843,activities/055_260110082743.csv,1,1,0,0
fit:04f01143c9c76334dc1f7df426f77ac3e8992091d4090e6b06142aee6f9de488,2026-01-10T09:07:42+00:00,180,173,141,83,8.429,50.0,0,fit:04f01143c9c76334dc1f7df426f77ac3e8992091d4090e6b06142aee6f9de488:segment:006,6,5999.0,5844,activities/055_260110082743.csv,1,1,0,0
fit:04f01143c9c76334dc1f7df426f77ac3e8992091d4090e6b06142aee6f9de488,2026-01-10T09:07:43+00:00,181,173,140,83,8.353,50.39999999999998,0,fit:04f01143c9c76334dc1f7df426f77ac3e8992091d4090e6b06142aee6f9de488:segment:006,6,6000.0,5845,activities/055_260110082743.csv,1,1,0,0
fit:04f01143c9c76334dc1f7df426f77ac3e8992091d4090e6b06142aee6f9de488,2026-01-10T09:07:44+00:00,182,164,140,83,8.273,50.39999999999998,0,fit:04f01143c9c76334dc1f7df426f77ac3e8992091d4090e6b06142aee6f9de488:segment:006,6,6001.0,5846,activities/055_260110082743.csv,1,1,0,0
fit:04f01143c9c76334dc1f7df426f77ac3e8992091d4090e6b06142aee6f9de488,2026-01-10T09:07:45+00:00,183,233,139,83,8.263,50.39999999999998,0,fit:04f01143c9c76334dc1f7df426f77ac3e8992091d4090e6b06142aee6f9de488:segment:006,6,6002.0,5847,activities/055_260110082743.csv,1,1,0,0
fit:04f01143c9c76334dc1f7df426f77ac3e8992091d4090e6b06142aee6f9de488,2026-01-10T09:07:46+00:00,184,159,138,84,8.233,50.39999999999998,0,fit:04f01143c9c76334dc1f7df426f77ac3e8992091d4090e6b06142aee6f9de488:segment:006,6,6003.0,5848,activities/055_260110082743.csv,1,1,0,0
fit:04f01143c9c76334dc1f7df426f77ac3e8992091d4090e6b06142aee6f9de488,2026-01-10T09:07:47+00:00,185,161,138,84,8.218,50.39999999999998,0,fit:04f01143c9c76334dc1f7df426f77ac3e8992091d4090e6b06142aee6f9de488:segment:006,6,6004.0,5849,activities/055_260110082743.csv,1,1,0,0
fit:04f01143c9c76334dc1f7df426f77ac3e8992091d4090e6b06142aee6f9de488,2026-01-10T09:07:48+00:00,186,161,137,85,8.249,50.39999999999998,0,fit:04f01143c9c76334dc1f7df426f77ac3e8992091d4090e6b06142aee6f9de488:segment:006,6,6005.0,5850,activities/055_260110082743.csv,1,1,0,0
fit:04f01143c9c76334dc1f7df426f77ac3e8992091d4090e6b06142aee6f9de488,2026-01-10T09:07:49+00:00,187,157,136,85,8.27,50.39999999999998,0,fit:04f01143c9c76334dc1f7df426f77ac3e8992091d4090e6b06142aee6f9de488:segment:006,6,6006.0,5851,activities/055_260110082743.csv,1,1,0,0
fit:04f01143c9c76334dc1f7df426f77ac3e8992091d4090e6b06142aee6f9de488,2026-01-10T09:07:50+00:00,188,226,136,85,8.289,50.799999999999955,0,fit:04f01143c9c76334dc1f7df426f77ac3e8992091d4090e6b06142aee6f9de488:segment:006,6,6007.0,5852,activities/055_260110082743.csv,1,1,0,0
fit:04f01143c9c76334dc1f7df426f77ac3e8992091d4090e6b06142aee6f9de488,2026-01-10T09:07:51+00:00,189,227,135,86,8.367,50.39999999999998,0,fit:04f01143c9c76334dc1f7df426f77ac3e8992091d4090e6b06142aee6f9de488:segment:006,6,6008.0,5853,activities/055_260110082743.csv,1,1,0,0
fit:04f01143c9c76334dc1f7df426f77ac3e8992091d4090e6b06142aee6f9de488,2026-01-10T09:07:52+00:00,190,191,133,87,8.511,50.39999999999998,0,fit:04f01143c9c76334dc1f7df426f77ac3e8992091d4090e6b06142aee6f9de488:segment:006,6,6009.0,5854,activities/055_260110082743.csv,1,1,0,0
fit:04f01143c9c76334dc1f7df426f77ac3e8992091d4090e6b06142aee6f9de488,2026-01-10T09:07:53+00:00,191,192,132,87,8.527,50.39999999999998,0,fit:04f01143c9c76334dc1f7df426f77ac3e8992091d4090e6b06142aee6f9de488:segment:006,6,6010.0,5855,activities/055_260110082743.csv,1,1,0,0
fit:04f01143c9c76334dc1f7df426f77ac3e8992091d4090e6b06142aee6f9de488,2026-01-10T09:07:54+00:00,192,243,132,87,8.543,50.200000000000045,0,fit:04f01143c9c76334dc1f7df426f77ac3e8992091d4090e6b06142aee6f9de488:segment:006,6,6011.0,5856,activities/055_260110082743.csv,1,1,0,0
fit:04f01143c9c76334dc1f7df426f77ac3e8992091d4090e6b06142aee6f9de488,2026-01-10T09:07:55+00:00,193,242,131,88,8.616,50.200000000000045,0,fit:04f01143c9c76334dc1f7df426f77ac3e8992091d4090e6b06142aee6f9de488:segment:006,6,6012.0,5857,activities/055_260110082743.csv,1,1,0,0
fit:04f01143c9c76334dc1f7df426f77ac3e8992091d4090e6b06142aee6f9de488,2026-01-10T09:07:56+00:00,194,203,130,90,8.66,50.200000000000045,0,fit:04f01143c9c76334dc1f7df426f77ac3e8992091d4090e6b06142aee6f9de488:segment:006,6,6013.0,5858,activities/055_260110082743.csv,1,1,0,0
fit:04f01143c9c76334dc1f7df426f77ac3e8992091d4090e6b06142aee6f9de488,2026-01-10T09:07:57+00:00,195,232,130,91,8.747,50.200000000000045,0,fit:04f01143c9c76334dc1f7df426f77ac3e8992091d4090e6b06142aee6f9de488:segment:006,6,6014.0,5859,activities/055_260110082743.csv,1,1,0,0
fit:04f01143c9c76334dc1f7df426f77ac3e8992091d4090e6b06142aee6f9de488,2026-01-10T09:07:58+00:00,196,195,129,92,8.866,50.200000000000045,0,fit:04f01143c9c76334dc1f7df426f77ac3e8992091d4090e6b06142aee6f9de488:segment:006,6,6015.0,5860,activities/055_260110082743.csv,1,1,0,0
fit:04f01143c9c76334dc1f7df426f77ac3e8992091d4090e6b06142aee6f9de488,2026-01-10T09:07:59+00:00,197,198,129,91,8.948,50.60000000000002,0,fit:04f01143c9c76334dc1f7df426f77ac3e8992091d4090e6b06142aee6f9de488:segment:006,6,6016.0,5861,activities/055_260110082743.csv,1,1,0,0
fit:04f01143c9c76334dc1f7df426f77ac3e8992091d4090e6b06142aee6f9de488,2026-01-10T09:08:00+00:00,198,185,129,92,9.015,50.60000000000002,0,fit:04f01143c9c76334dc1f7df426f77ac3e8992091d4090e6b06142aee6f9de488:segment:006,6,6017.0,5862,activities/055_260110082743.csv,1,1,0,0
fit:04f01143c9c76334dc1f7df426f77ac3e8992091d4090e6b06142aee6f9de488,2026-01-10T09:08:01+00:00,199,216,129,91,9.048,50.60000000000002,0,fit:04f01143c9c76334dc1f7df426f77ac3e8992091d4090e6b06142aee6f9de488:segment:006,6,6018.0,5863,activities/055_260110082743.csv,1,1,0,0
fit:04f01143c9c76334dc1f7df426f77ac3e8992091d4090e6b06142aee6f9de488,2026-01-10T09:08:02+00:00,200,218,130,91,8.993,50.60000000000002,0,fit:04f01143c9c76334dc1f7df426f77ac3e8992091d4090e6b06142aee6f9de488:segment:006,6,6019.0,5864,activities/055_260110082743.csv,1,1,0,0
fit:04f01143c9c76334dc1f7df426f77ac3e8992091d4090e6b06142aee6f9de488,2026-01-10T09:08:03+00:00,201,219,131,91,9.015,49.200000000000045,0,fit:04f01143c9c76334dc1f7df426f77ac3e8992091d4090e6b06142aee6f9de488:segment:006,6,6020.0,5865,activities/055_260110082743.csv,1,1,0,0
fit:04f01143c9c76334dc1f7df426f77ac3e8992091d4090e6b06142aee6f9de488,2026-01-10T09:08:04+00:00,202,195,131,91,9.066,49.200000000000045,0,fit:04f01143c9c76334dc1f7df426f77ac3e8992091d4090e6b06142aee6f9de488:segment:006,6,6021.0,5866,activities/055_260110082743.csv,1,1,0,0
fit:04f01143c9c76334dc1f7df426f77ac3e8992091d4090e6b06142aee6f9de488,2026-01-10T09:08:05+00:00,203,226,132,91,9.068,49.200000000000045,0,fit:04f01143c9c76334dc1f7df426f77ac3e8992091d4090e6b06142aee6f9de488:segment:006,6,6022.0,5867,activities/055_260110082743.csv,1,1,0,0
fit:04f01143c9c76334dc1f7df426f77ac3e8992091d4090e6b06142aee6f9de488,2026-01-10T09:08:06+00:00,204,200,133,92,9.098,50.200000000000045,0,fit:04f01143c9c76334dc1f7df426f77ac3e8992091d4090e6b06142aee6f9de488:segment:006,6,6023.0,5868,activities/055_260110082743.csv,1,1,0,0
fit:04f01143c9c76334dc1f7df426f77ac3e8992091d4090e6b06142aee6f9de488,2026-01-10T09:08:07+00:00,205,200,134,92,9.09,50.39999999999998,0,fit:04f01143c9c76334dc1f7df426f77ac3e8992091d4090e6b06142aee6f9de488:segment:006,6,6024.0,5869,activities/055_260110082743.csv,1,1,0,0
fit:04f01143c9c76334dc1f7df426f77ac3e8992091d4090e6b06142aee6f9de488,2026-01-10T09:08:08+00:00,206,221,135,93,9.065,50.39999999999998,0,fit:04f01143c9c76334dc1f7df426f77ac3e8992091d4090e6b06142aee6f9de488:segment:006,6,6025.0,5870,activities/055_260110082743.csv,1,1,0,0
fit:04f01143c9c76334dc1f7df426f77ac3e8992091d4090e6b06142aee6f9de488,2026-01-10T09:08:09+00:00,207,203,135,92,9.024,50.39999999999998,0,fit:04f01143c9c76334dc1f7df426f77ac3e8992091d4090e6b06142aee6f9de488:segment:006,6,6026.0,5871,activities/055_260110082743.csv,1,1,0,0
fit:04f01143c9c76334dc1f7df426f77ac3e8992091d4090e6b06142aee6f9de488,2026-01-10T09:08:10+00:00,208,230,136,92,9.037,50.39999999999998,0,fit:04f01143c9c76334dc1f7df426f77ac3e8992091d4090e6b06142aee6f9de488:segment:006,6,6027.0,5872,activities/055_260110082743.csv,1,1,0,0
fit:04f01143c9c76334dc1f7df426f77ac3e8992091d4090e6b06142aee6f9de488,2026-01-10T09:08:11+00:00,209,213,136,92,9.041,50.60000000000002,0,fit:04f01143c9c76334dc1f7df426f77ac3e8992091d4090e6b06142aee6f9de488:segment:006,6,6028.0,5873,activities/055_260110082743.csv,1,1,0,0
fit:04f01143c9c76334dc1f7df426f77ac3e8992091d4090e6b06142aee6f9de488,2026-01-10T09:08:12+00:00,210,213,137,93,9.112,50.60000000000002,0,fit:04f01143c9c76334dc1f7df426f77ac3e8992091d4090e6b06142aee6f9de488:segment:006,6,6029.0,5874,activities/055_260110082743.csv,1,1,0,0
fit:04f01143c9c76334dc1f7df426f77ac3e8992091d4090e6b06142aee6f9de488,2026-01-10T09:08:13+00:00,211,194,137,93,9.188,50.60000000000002,0,fit:04f01143c9c76334dc1f7df426f77ac3e8992091d4090e6b06142aee6f9de488:segment:006,6,6030.0,5875,activities/055_260110082743.csv,1,1,0,0
fit:04f01143c9c76334dc1f7df426f77ac3e8992091d4090e6b06142aee6f9de488,2026-01-10T09:08:14+00:00,212,168,138,93,9.18,50.60000000000002,0,fit:04f01143c9c76334dc1f7df426f77ac3e8992091d4090e6b06142aee6f9de488:segment:006,6,6031.0,5876,activities/055_260110082743.csv,1,1,0,0
fit:04f01143c9c76334dc1f7df426f77ac3e8992091d4090e6b06142aee6f9de488,2026-01-10T09:08:15+00:00,213,168,138,92,9.165,51.200000000000045,0,fit:04f01143c9c76334dc1f7df426f77ac3e8992091d4090e6b06142aee6f9de488:segment:006,6,6032.0,5877,activities/055_260110082743.csv,1,1,0,0
fit:04f01143c9c76334dc1f7df426f77ac3e8992091d4090e6b06142aee6f9de488,2026-01-10T09:08:16+00:00,214,158,139,91,9.071,51.200000000000045,0,fit:04f01143c9c76334dc1f7df426f77ac3e8992091d4090e6b06142aee6f9de488:segment:006,6,6033.0,5878,activities/055_260110082743.csv,1,1,0,0
fit:04f01143c9c76334dc1f7df426f77ac3e8992091d4090e6b06142aee6f9de488,2026-01-10T09:08:17+00:00,215,137,139,91,9.012,51.200000000000045,0,fit:04f01143c9c76334dc1f7df426f77ac3e8992091d4090e6b06142aee6f9de488:segment:006,6,6034.0,5879,activities/055_260110082743.csv,1,1,0,0
fit:04f01143c9c76334dc1f7df426f77ac3e8992091d4090e6b06142aee6f9de488,2026-01-10T09:08:18+00:00,216,137,139,90,8.952,51.799999999999955,0,fit:04f01143c9c76334dc1f7df426f77ac3e8992091d4090e6b06142aee6f9de488:segment:006,6,6035.0,5880,activities/055_260110082743.csv,1,1,0,0
fit:04f01143c9c76334dc1f7df426f77ac3e8992091d4090e6b06142aee6f9de488,2026-01-10T09:08:19+00:00,217,184,139,89,8.829,52.200000000000045,0,fit:04f01143c9c76334dc1f7df426f77ac3e8992091d4090e6b06142aee6f9de488:segment:006,6,6036.0,5881,activities/055_260110082743.csv,1,1,0,0
fit:04f01143c9c76334dc1f7df426f77ac3e8992091d4090e6b06142aee6f9de488,2026-01-10T09:08:20+00:00,218,134,139,89,8.754,52.200000000000045,0,fit:04f01143c9c76334dc1f7df426f77ac3e8992091d4090e6b06142aee6f9de488:segment:006,6,6037.0,5882,activities/055_260110082743.csv,1,1,0,0
fit:04f01143c9c76334dc1f7df426f77ac3e8992091d4090e6b06142aee6f9de488,2026-01-10T09:08:21+00:00,219,154,139,88,8.693,52.200000000000045,0,fit:04f01143c9c76334dc1f7df426f77ac3e8992091d4090e6b06142aee6f9de488:segment:006,6,6038.0,5883,activities/055_260110082743.csv,1,1,0,0
fit:04f01143c9c76334dc1f7df426f77ac3e8992091d4090e6b06142aee6f9de488,2026-01-10T09:08:22+00:00,220,155,139,87,8.653,52.200000000000045,0,fit:04f01143c9c76334dc1f7df426f77ac3e8992091d4090e6b06142aee6f9de488:segment:006,6,6039.0,5884,activities/055_260110082743.csv,1,1,0,0
fit:04f01143c9c76334dc1f7df426f77ac3e8992091d4090e6b06142aee6f9de488,2026-01-10T09:08:23+00:00,221,64,139,55,8.539,51.39999999999998,0,fit:04f01143c9c76334dc1f7df426f77ac3e8992091d4090e6b06142aee6f9de488:segment:006,6,6040.0,5885,activities/055_260110082743.csv,1,1,0,0
fit:04f01143c9c76334dc1f7df426f77ac3e8992091d4090e6b06142aee6f9de488,2026-01-10T09:08:24+00:00,222,104,139,86,8.524,51.39999999999998,0,fit:04f01143c9c76334dc1f7df426f77ac3e8992091d4090e6b06142aee6f9de488:segment:006,6,6041.0,5886,activities/055_260110082743.csv,1,1,0,0
fit:04f01143c9c76334dc1f7df426f77ac3e8992091d4090e6b06142aee6f9de488,2026-01-10T09:08:25+00:00,223,182,138,85,8.477,51.39999999999998,0,fit:04f01143c9c76334dc1f7df426f77ac3e8992091d4090e6b06142aee6f9de488:segment:006,6,6042.0,5887,activities/055_260110082743.csv,1,1,0,0
fit:04f01143c9c76334dc1f7df426f77ac3e8992091d4090e6b06142aee6f9de488,2026-01-10T09:08:26+00:00,224,168,138,85,8.398,52.39999999999998,0,fit:04f01143c9c76334dc1f7df426f77ac3e8992091d4090e6b06142aee6f9de488:segment:006,6,6043.0,5888,activities/055_260110082743.csv,1,1,0,0
fit:04f01143c9c76334dc1f7df426f77ac3e8992091d4090e6b06142aee6f9de488,2026-01-10T09:08:27+00:00,225,168,138,85,8.382,50.0,0,fit:04f01143c9c76334dc1f7df426f77ac3e8992091d4090e6b06142aee6f9de488:segment:006,6,6044.0,5889,activities/055_260110082743.csv,1,1,0,0
fit:04f01143c9c76334dc1f7df426f77ac3e8992091d4090e6b06142aee6f9de488,2026-01-10T09:08:28+00:00,226,179,137,86,8.413,50.0,0,fit:04f01143c9c76334dc1f7df426f77ac3e8992091d4090e6b06142aee6f9de488:segment:006,6,6045.0,5890,activities/055_260110082743.csv,1,1,0,0
fit:04f01143c9c76334dc1f7df426f77ac3e8992091d4090e6b06142aee6f9de488,2026-01-10T09:08:29+00:00,227,94,136,85,8.372,50.0,0,fit:04f01143c9c76334dc1f7df426f77ac3e8992091d4090e6b06142aee6f9de488:segment:006,6,6046.0,5891,activities/055_260110082743.csv,1,1,0,0
fit:04f01143c9c76334dc1f7df426f77ac3e8992091d4090e6b06142aee6f9de488,2026-01-10T09:08:30+00:00,228,94,136,85,8.388,51.0,0,fit:04f01143c9c76334dc1f7df426f77ac3e8992091d4090e6b06142aee6f9de488:segment:006,6,6047.0,5892,activities/055_260110082743.csv,1,1,0,0
fit:04f01143c9c76334dc1f7df426f77ac3e8992091d4090e6b06142aee6f9de488,2026-01-10T09:08:31+00:00,229,40,135,85,8.312,51.200000000000045,0,fit:04f01143c9c76334dc1f7df426f77ac3e8992091d4090e6b06142aee6f9de488:segment:006,6,6048.0,5893,activities/055_260110082743.csv,1,1,0,0
fit:04f01143c9c76334dc1f7df426f77ac3e8992091d4090e6b06142aee6f9de488,2026-01-10T09:08:32+00:00,230,164,134,38,8.223,51.200000000000045,0,fit:04f01143c9c76334dc1f7df426f77ac3e8992091d4090e6b06142aee6f9de488:segment:006,6,6049.0,5894,activities/055_260110082743.csv,1,1,0,0
fit:04f01143c9c76334dc1f7df426f77ac3e8992091d4090e6b06142aee6f9de488,2026-01-10T09:08:33+00:00,231,143,134,82,8.133,51.200000000000045,0,fit:04f01143c9c76334dc1f7df426f77ac3e8992091d4090e6b06142aee6f9de488:segment:006,6,6050.0,5895,activities/055_260110082743.csv,1,1,0,0
fit:04f01143c9c76334dc1f7df426f77ac3e8992091d4090e6b06142aee6f9de488,2026-01-10T09:08:34+00:00,232,120,133,82,8.152,52.200000000000045,0,fit:04f01143c9c76334dc1f7df426f77ac3e8992091d4090e6b06142aee6f9de488:segment:006,6,6051.0,5896,activities/055_260110082743.csv,1,1,0,0
fit:04f01143c9c76334dc1f7df426f77ac3e8992091d4090e6b06142aee6f9de488,2026-01-10T09:08:35+00:00,233,109,133,82,8.136,52.60000000000002,0,fit:04f01143c9c76334dc1f7df426f77ac3e8992091d4090e6b06142aee6f9de488:segment:006,6,6052.0,5897,activities/055_260110082743.csv,1,1,0,0
fit:04f01143c9c76334dc1f7df426f77ac3e8992091d4090e6b06142aee6f9de488,2026-01-10T09:08:36+00:00,234,144,132,82,8.125,52.60000000000002,0,fit:04f01143c9c76334dc1f7df426f77ac3e8992091d4090e6b06142aee6f9de488:segment:006,6,6053.0,5898,activities/055_260110082743.csv,1,1,0,0
fit:04f01143c9c76334dc1f7df426f77ac3e8992091d4090e6b06142aee6f9de488,2026-01-10T09:08:37+00:00,235,133,131,81,8.109,52.60000000000002,0,fit:04f01143c9c76334dc1f7df426f77ac3e8992091d4090e6b06142aee6f9de488:segment:006,6,6054.0,5899,activities/055_260110082743.csv,1,1,0,0
fit:04f01143c9c76334dc1f7df426f77ac3e8992091d4090e6b06142aee6f9de488,2026-01-10T09:08:38+00:00,236,127,131,81,8.088,52.0,0,fit:04f01143c9c76334dc1f7df426f77ac3e8992091d4090e6b06142aee6f9de488:segment:006,6,6055.0,5900,activities/055_260110082743.csv,1,1,0,0
fit:04f01143c9c76334dc1f7df426f77ac3e8992091d4090e6b06142aee6f9de488,2026-01-10T09:08:39+00:00,237,127,131,80,7.993,52.200000000000045,0,fit:04f01143c9c76334dc1f7df426f77ac3e8992091d4090e6b06142aee6f9de488:segment:006,6,6056.0,5901,activities/055_260110082743.csv,1,1,0,0
fit:04f01143c9c76334dc1f7df426f77ac3e8992091d4090e6b06142aee6f9de488,2026-01-10T09:08:40+00:00,238,127,130,80,7.911,52.200000000000045,0,fit:04f01143c9c76334dc1f7df426f77ac3e8992091d4090e6b06142aee6f9de488:segment:006,6,6057.0,5902,activities/055_260110082743.csv,1,1,0,0
fit:04f01143c9c76334dc1f7df426f77ac3e8992091d4090e6b06142aee6f9de488,2026-01-10T09:08:41+00:00,239,281,130,80,7.71,52.200000000000045,0,fit:04f01143c9c76334dc1f7df426f77ac3e8992091d4090e6b06142aee6f9de488:segment:006,6,6058.0,5903,activities/055_260110082743.csv,1,1,0,0
fit:04f01143c9c76334dc1f7df426f77ac3e8992091d4090e6b06142aee6f9de488,2026-01-10T09:08:42+00:00,240,244,129,76,7.564,52.200000000000045,0,fit:04f01143c9c76334dc1f7df426f77ac3e8992091d4090e6b06142aee6f9de488:segment:006,6,6059.0,5904,activities/055_260110082743.csv,1,1,0,0
fit:04f01143c9c76334dc1f7df426f77ac3e8992091d4090e6b06142aee6f9de488,2026-01-10T09:08:43+00:00,241,221,129,77,7.558,52.0,0,fit:04f01143c9c76334dc1f7df426f77ac3e8992091d4090e6b06142aee6f9de488:segment:006,6,6060.0,5905,activities/055_260110082743.csv,1,1,0,0
fit:04f01143c9c76334dc1f7df426f77ac3e8992091d4090e6b06142aee6f9de488,2026-01-10T09:08:44+00:00,242,215,129,79,7.582,52.0,0,fit:04f01143c9c76334dc1f7df426f77ac3e8992091d4090e6b06142aee6f9de488:segment:006,6,6061.0,5906,activities/055_260110082743.csv,1,1,0,0
fit:04f01143c9c76334dc1f7df426f77ac3e8992091d4090e6b06142aee6f9de488,2026-01-10T09:08:45+00:00,243,241,128,79,7.688,52.0,0,fit:04f01143c9c76334dc1f7df426f77ac3e8992091d4090e6b06142aee6f9de488:segment:006,6,6062.0,5907,activities/055_260110082743.csv,1,1,0,0
fit:04f01143c9c76334dc1f7df426f77ac3e8992091d4090e6b06142aee6f9de488,2026-01-10T09:08:46+00:00,244,217,128,81,7.823,52.0,0,fit:04f01143c9c76334dc1f7df426f77ac3e8992091d4090e6b06142aee6f9de488:segment:006,6,6063.0,5908,activities/055_260110082743.csv,1,1,0,0
fit:04f01143c9c76334dc1f7df426f77ac3e8992091d4090e6b06142aee6f9de488,2026-01-10T09:08:47+00:00,245,171,128,81,7.919,52.39999999999998,0,fit:04f01143c9c76334dc1f7df426f77ac3e8992091d4090e6b06142aee6f9de488:segment:006,6,6064.0,5909,activities/055_260110082743.csv,1,1,0,0
fit:04f01143c9c76334dc1f7df426f77ac3e8992091d4090e6b06142aee6f9de488,2026-01-10T09:08:48+00:00,246,141,128,82,8.058,52.39999999999998,0,fit:04f01143c9c76334dc1f7df426f77ac3e8992091d4090e6b06142aee6f9de488:segment:006,6,6065.0,5910,activities/055_260110082743.csv,1,1,0,0
fit:04f01143c9c76334dc1f7df426f77ac3e8992091d4090e6b06142aee6f9de488,2026-01-10T09:08:49+00:00,247,141,127,83,8.085,52.39999999999998,0,fit:04f01143c9c76334dc1f7df426f77ac3e8992091d4090e6b06142aee6f9de488:segment:006,6,6066.0,5911,activities/055_260110082743.csv,1,1,0,0
fit:04f01143c9c76334dc1f7df426f77ac3e8992091d4090e6b06142aee6f9de488,2026-01-10T09:08:50+00:00,248,181,128,83,8.144,52.39999999999998,0,fit:04f01143c9c76334dc1f7df426f77ac3e8992091d4090e6b06142aee6f9de488:segment:006,6,6067.0,5912,activities/055_260110082743.csv,1,1,0,0
fit:04f01143c9c76334dc1f7df426f77ac3e8992091d4090e6b06142aee6f9de488,2026-01-10T09:08:51+00:00,249,181,128,83,8.132,52.200000000000045,0,fit:04f01143c9c76334dc1f7df426f77ac3e8992091d4090e6b06142aee6f9de488:segment:006,6,6068.0,5913,activities/055_260110082743.csv,1,1,0,0
fit:04f01143c9c76334dc1f7df426f77ac3e8992091d4090e6b06142aee6f9de488,2026-01-10T09:08:52+00:00,250,181,128,83,8.161,52.200000000000045,0,fit:04f01143c9c76334dc1f7df426f77ac3e8992091d4090e6b06142aee6f9de488:segment:006,6,6069.0,5914,activities/055_260110082743.csv,1,1,0,0
fit:04f01143c9c76334dc1f7df426f77ac3e8992091d4090e6b06142aee6f9de488,2026-01-10T09:08:53+00:00,251,57,129,83,7.952,52.200000000000045,0,fit:04f01143c9c76334dc1f7df426f77ac3e8992091d4090e6b06142aee6f9de488:segment:006,6,6070.0,5915,activities/055_260110082743.csv,1,1,0,0
fit:04f01143c9c76334dc1f7df426f77ac3e8992091d4090e6b06142aee6f9de488,2026-01-10T09:08:54+00:00,252,276,129,79,7.764,52.200000000000045,0,fit:04f01143c9c76334dc1f7df426f77ac3e8992091d4090e6b06142aee6f9de488:segment:006,6,6071.0,5916,activities/055_260110082743.csv,1,1,0,0
fit:04f01143c9c76334dc1f7df426f77ac3e8992091d4090e6b06142aee6f9de488,2026-01-10T09:08:55+00:00,253,261,128,80,7.702,52.200000000000045,0,fit:04f01143c9c76334dc1f7df426f77ac3e8992091d4090e6b06142aee6f9de488:segment:006,6,6072.0,5917,activities/055_260110082743.csv,1,1,0,0
fit:04f01143c9c76334dc1f7df426f77ac3e8992091d4090e6b06142aee6f9de488,2026-01-10T09:08:56+00:00,254,251,128,83,7.786,52.200000000000045,0,fit:04f01143c9c76334dc1f7df426f77ac3e8992091d4090e6b06142aee6f9de488:segment:006,6,6073.0,5918,activities/055_260110082743.csv,1,1,0,0
fit:04f01143c9c76334dc1f7df426f77ac3e8992091d4090e6b06142aee6f9de488,2026-01-10T09:08:57+00:00,255,219,127,84,7.946,52.200000000000045,0,fit:04f01143c9c76334dc1f7df426f77ac3e8992091d4090e6b06142aee6f9de488:segment:006,6,6074.0,5919,activities/055_260110082743.csv,1,1,0,0
fit:04f01143c9c76334dc1f7df426f77ac3e8992091d4090e6b06142aee6f9de488,2026-01-10T09:08:58+00:00,256,265,127,86,8.11,52.200000000000045,0,fit:04f01143c9c76334dc1f7df426f77ac3e8992091d4090e6b06142aee6f9de488:segment:006,6,6075.0,5920,activities/055_260110082743.csv,1,1,0,0
fit:04f01143c9c76334dc1f7df426f77ac3e8992091d4090e6b06142aee6f9de488,2026-01-10T09:08:59+00:00,257,264,127,86,8.282,53.39999999999998,0,fit:04f01143c9c76334dc1f7df426f77ac3e8992091d4090e6b06142aee6f9de488:segment:006,6,6076.0,5921,activities/055_260110082743.csv,1,1,0,0
fit:04f01143c9c76334dc1f7df426f77ac3e8992091d4090e6b06142aee6f9de488,2026-01-10T09:09:00+00:00,258,283,126,88,8.476,53.39999999999998,0,fit:04f01143c9c76334dc1f7df426f77ac3e8992091d4090e6b06142aee6f9de488:segment:006,6,6077.0,5922,activities/055_260110082743.csv,1,1,0,0
fit:04f01143c9c76334dc1f7df426f77ac3e8992091d4090e6b06142aee6f9de488,2026-01-10T09:09:01+00:00,259,230,126,89,8.592,53.39999999999998,0,fit:04f01143c9c76334dc1f7df426f77ac3e8992091d4090e6b06142aee6f9de488:segment:006,6,6078.0,5923,activities/055_260110082743.csv,1,1,0,0
fit:04f01143c9c76334dc1f7df426f77ac3e8992091d4090e6b06142aee6f9de488,2026-01-10T09:09:02+00:00,260,177,127,89,8.702,52.60000000000002,0,fit:04f01143c9c76334dc1f7df426f77ac3e8992091d4090e6b06142aee6f9de488:segment:006,6,6079.0,5924,activities/055_260110082743.csv,1,1,0,0
fit:04f01143c9c76334dc1f7df426f77ac3e8992091d4090e6b06142aee6f9de488,2026-01-10T09:09:03+00:00,261,155,128,89,8.817,53.39999999999998,0,fit:04f01143c9c76334dc1f7df426f77ac3e8992091d4090e6b06142aee6f9de488:segment:006,6,6080.0,5925,activities/055_260110082743.csv,1,1,0,0
fit:04f01143c9c76334dc1f7df426f77ac3e8992091d4090e6b06142aee6f9de488,2026-01-10T09:09:04+00:00,262,123,129,89,8.827,53.39999999999998,0,fit:04f01143c9c76334dc1f7df426f77ac3e8992091d4090e6b06142aee6f9de488:segment:006,6,6081.0,5926,activities/055_260110082743.csv,1,1,0,0
fit:04f01143c9c76334dc1f7df426f77ac3e8992091d4090e6b06142aee6f9de488,2026-01-10T09:09:05+00:00,263,123,129,88,8.807,53.39999999999998,0,fit:04f01143c9c76334dc1f7df426f77ac3e8992091d4090e6b06142aee6f9de488:segment:006,6,6082.0,5927,activities/055_260110082743.csv,1,1,0,0
fit:04f01143c9c76334dc1f7df426f77ac3e8992091d4090e6b06142aee6f9de488,2026-01-10T09:09:06+00:00,264,94,130,88,8.633,53.39999999999998,0,fit:04f01143c9c76334dc1f7df426f77ac3e8992091d4090e6b06142aee6f9de488:segment:006,6,6083.0,5928,activities/055_260110082743.csv,1,1,0,0
fit:04f01143c9c76334dc1f7df426f77ac3e8992091d4090e6b06142aee6f9de488,2026-01-10T09:09:07+00:00,265,233,130,85,8.455,53.60000000000002,0,fit:04f01143c9c76334dc1f7df426f77ac3e8992091d4090e6b06142aee6f9de488:segment:006,6,6084.0,5929,activities/055_260110082743.csv,1,1,0,0
fit:04f01143c9c76334dc1f7df426f77ac3e8992091d4090e6b06142aee6f9de488,2026-01-10T09:09:08+00:00,266,233,130,87,8.458,53.60000000000002,0,fit:04f01143c9c76334dc1f7df426f77ac3e8992091d4090e6b06142aee6f9de488:segment:006,6,6085.0,5930,activities/055_260110082743.csv,1,1,0,0
fit:04f01143c9c76334dc1f7df426f77ac3e8992091d4090e6b06142aee6f9de488,2026-01-10T09:09:09+00:00,267,106,130,88,8.528,53.60000000000002,0,fit:04f01143c9c76334dc1f7df426f77ac3e8992091d4090e6b06142aee6f9de488:segment:006,6,6086.0,5931,activities/055_260110082743.csv,1,1,0,0
fit:04f01143c9c76334dc1f7df426f77ac3e8992091d4090e6b06142aee6f9de488,2026-01-10T09:09:10+00:00,268,105,130,87,8.595,53.60000000000002,0,fit:04f01143c9c76334dc1f7df426f77ac3e8992091d4090e6b06142aee6f9de488:segment:006,6,6087.0,5932,activities/055_260110082743.csv,1,1,0,0
fit:04f01143c9c76334dc1f7df426f77ac3e8992091d4090e6b06142aee6f9de488,2026-01-10T09:09:11+00:00,269,35,129,87,8.586,54.60000000000002,0,fit:04f01143c9c76334dc1f7df426f77ac3e8992091d4090e6b06142aee6f9de488:segment:006,6,6088.0,5933,activities/055_260110082743.csv,1,1,0,0
fit:04f01143c9c76334dc1f7df426f77ac3e8992091d4090e6b06142aee6f9de488,2026-01-10T09:09:12+00:00,270,187,129,28,8.482,54.60000000000002,0,fit:04f01143c9c76334dc1f7df426f77ac3e8992091d4090e6b06142aee6f9de488:segment:006,6,6089.0,5934,activities/055_260110082743.csv,1,1,0,0
fit:04f01143c9c76334dc1f7df426f77ac3e8992091d4090e6b06142aee6f9de488,2026-01-10T09:09:13+00:00,271,187,129,85,8.442,54.60000000000002,0,fit:04f01143c9c76334dc1f7df426f77ac3e8992091d4090e6b06142aee6f9de488:segment:006,6,6090.0,5935,activities/055_260110082743.csv,1,1,0,0
fit:04f01143c9c76334dc1f7df426f77ac3e8992091d4090e6b06142aee6f9de488,2026-01-10T09:09:14+00:00,272,156,128,85,8.423,53.60000000000002,0,fit:04f01143c9c76334dc1f7df426f77ac3e8992091d4090e6b06142aee6f9de488:segment:006,6,6091.0,5936,activities/055_260110082743.csv,1,1,0,0
fit:04f01143c9c76334dc1f7df426f77ac3e8992091d4090e6b06142aee6f9de488,2026-01-10T09:09:15+00:00,273,181,128,86,8.503,53.60000000000002,0,fit:04f01143c9c76334dc1f7df426f77ac3e8992091d4090e6b06142aee6f9de488:segment:006,6,6092.0,5937,activities/055_260110082743.csv,1,1,0,0
fit:04f01143c9c76334dc1f7df426f77ac3e8992091d4090e6b06142aee6f9de488,2026-01-10T09:09:16+00:00,274,161,128,86,8.482,53.60000000000002,0,fit:04f01143c9c76334dc1f7df426f77ac3e8992091d4090e6b06142aee6f9de488:segment:006,6,6093.0,5938,activities/055_260110082743.csv,1,1,0,0
fit:04f01143c9c76334dc1f7df426f77ac3e8992091d4090e6b06142aee6f9de488,2026-01-10T09:09:17+00:00,275,143,128,86,8.498,53.60000000000002,0,fit:04f01143c9c76334dc1f7df426f77ac3e8992091d4090e6b06142aee6f9de488:segment:006,6,6094.0,5939,activities/055_260110082743.csv,1,1,0,0
fit:04f01143c9c76334dc1f7df426f77ac3e8992091d4090e6b06142aee6f9de488,2026-01-10T09:09:18+00:00,276,161,129,86,8.466,53.60000000000002,0,fit:04f01143c9c76334dc1f7df426f77ac3e8992091d4090e6b06142aee6f9de488:segment:006,6,6095.0,5940,activities/055_260110082743.csv,1,1,0,0
fit:04f01143c9c76334dc1f7df426f77ac3e8992091d4090e6b06142aee6f9de488,2026-01-10T09:09:19+00:00,277,177,129,86,8.51,52.60000000000002,0,fit:04f01143c9c76334dc1f7df426f77ac3e8992091d4090e6b06142aee6f9de488:segment:006,6,6096.0,5941,activities/055_260110082743.csv,1,1,0,0
fit:04f01143c9c76334dc1f7df426f77ac3e8992091d4090e6b06142aee6f9de488,2026-01-10T09:09:20+00:00,278,112,129,86,8.467,52.60000000000002,0,fit:04f01143c9c76334dc1f7df426f77ac3e8992091d4090e6b06142aee6f9de488:segment:006,6,6097.0,5942,activities/055_260110082743.csv,1,1,0,0
fit:04f01143c9c76334dc1f7df426f77ac3e8992091d4090e6b06142aee6f9de488,2026-01-10T09:09:21+00:00,279,116,130,87,8.576,52.60000000000002,0,fit:04f01143c9c76334dc1f7df426f77ac3e8992091d4090e6b06142aee6f9de488:segment:006,6,6098.0,5943,activities/055_260110082743.csv,1,1,0,0
fit:04f01143c9c76334dc1f7df426f77ac3e8992091d4090e6b06142aee6f9de488,2026-01-10T09:09:22+00:00,280,86,130,86,8.616,53.0,0,fit:04f01143c9c76334dc1f7df426f77ac3e8992091d4090e6b06142aee6f9de488:segment:006,6,6099.0,5944,activities/055_260110082743.csv,1,1,0,0
fit:04f01143c9c76334dc1f7df426f77ac3e8992091d4090e6b06142aee6f9de488,2026-01-10T09:09:23+00:00,281,86,130,86,8.602,52.799999999999955,0,fit:04f01143c9c76334dc1f7df426f77ac3e8992091d4090e6b06142aee6f9de488:segment:006,6,6100.0,5945,activities/055_260110082743.csv,1,1,0,0
fit:04f01143c9c76334dc1f7df426f77ac3e8992091d4090e6b06142aee6f9de488,2026-01-10T09:09:24+00:00,282,69,131,84,8.467,52.799999999999955,0,fit:04f01143c9c76334dc1f7df426f77ac3e8992091d4090e6b06142aee6f9de488:segment:006,6,6101.0,5946,activities/055_260110082743.csv,1,1,0,0
fit:04f01143c9c76334dc1f7df426f77ac3e8992091d4090e6b06142aee6f9de488,2026-01-10T09:09:25+00:00,283,126,131,83,8.34,52.799999999999955,0,fit:04f01143c9c76334dc1f7df426f77ac3e8992091d4090e6b06142aee6f9de488:segment:006,6,6102.0,5947,activities/055_260110082743.csv,1,1,0,0
fit:04f01143c9c76334dc1f7df426f77ac3e8992091d4090e6b06142aee6f9de488,2026-01-10T09:09:26+00:00,284,126,131,83,8.379,52.799999999999955,0,fit:04f01143c9c76334dc1f7df426f77ac3e8992091d4090e6b06142aee6f9de488:segment:006,6,6103.0,5948,activities/055_260110082743.csv,1,1,0,0
fit:04f01143c9c76334dc1f7df426f77ac3e8992091d4090e6b06142aee6f9de488,2026-01-10T09:09:27+00:00,285,126,131,83,8.196,53.0,0,fit:04f01143c9c76334dc1f7df426f77ac3e8992091d4090e6b06142aee6f9de488:segment:006,6,6104.0,5949,activities/055_260110082743.csv,1,1,0,0
fit:04f01143c9c76334dc1f7df426f77ac3e8992091d4090e6b06142aee6f9de488,2026-01-10T09:09:28+00:00,286,0,131,83,8.053,53.0,0,fit:04f01143c9c76334dc1f7df426f77ac3e8992091d4090e6b06142aee6f9de488:segment:006,6,6105.0,5950,activities/055_260110082743.csv,1,1,0,0
fit:04f01143c9c76334dc1f7df426f77ac3e8992091d4090e6b06142aee6f9de488,2026-01-10T09:09:29+00:00,287,126,131,0,7.848,53.0,0,fit:04f01143c9c76334dc1f7df426f77ac3e8992091d4090e6b06142aee6f9de488:segment:006,6,6106.0,5951,activities/055_260110082743.csv,1,1,0,0
fit:04f01143c9c76334dc1f7df426f77ac3e8992091d4090e6b06142aee6f9de488,2026-01-10T09:09:30+00:00,288,126,131,83,7.603,52.39999999999998,0,fit:04f01143c9c76334dc1f7df426f77ac3e8992091d4090e6b06142aee6f9de488:segment:006,6,6107.0,5952,activities/055_260110082743.csv,1,1,0,0
fit:04f01143c9c76334dc1f7df426f77ac3e8992091d4090e6b06142aee6f9de488,2026-01-10T09:09:31+00:00,289,126,130,83,7.382,53.0,0,fit:04f01143c9c76334dc1f7df426f77ac3e8992091d4090e6b06142aee6f9de488:segment:006,6,6108.0,5953,activities/055_260110082743.csv,1,1,0,0
fit:04f01143c9c76334dc1f7df426f77ac3e8992091d4090e6b06142aee6f9de488,2026-01-10T09:09:32+00:00,290,126,128,83,7.072,53.0,0,fit:04f01143c9c76334dc1f7df426f77ac3e8992091d4090e6b06142aee6f9de488:segment:006,6,6109.0,5954,activities/055_260110082743.csv,1,1,0,0
fit:04f01143c9c76334dc1f7df426f77ac3e8992091d4090e6b06142aee6f9de488,2026-01-10T09:09:33+00:00,291,126,128,83,6.707,53.0,0,fit:04f01143c9c76334dc1f7df426f77ac3e8992091d4090e6b06142aee6f9de488:segment:006,6,6110.0,5955,activities/055_260110082743.csv,1,1,0,0
fit:04f01143c9c76334dc1f7df426f77ac3e8992091d4090e6b06142aee6f9de488,2026-01-10T09:09:34+00:00,292,0,126,0,6.344,53.0,0,fit:04f01143c9c76334dc1f7df426f77ac3e8992091d4090e6b06142aee6f9de488:segment:006,6,6111.0,5956,activities/055_260110082743.csv,1,1,0,0
fit:04f01143c9c76334dc1f7df426f77ac3e8992091d4090e6b06142aee6f9de488,2026-01-10T09:09:35+00:00,293,0,124,0,6.15,53.60000000000002,0,fit:04f01143c9c76334dc1f7df426f77ac3e8992091d4090e6b06142aee6f9de488:segment:006,6,6112.0,5957,activities/055_260110082743.csv,1,1,0,0
fit:04f01143c9c76334dc1f7df426f77ac3e8992091d4090e6b06142aee6f9de488,2026-01-10T09:09:36+00:00,294,0,124,0,5.726,53.60000000000002,0,fit:04f01143c9c76334dc1f7df426f77ac3e8992091d4090e6b06142aee6f9de488:segment:006,6,6113.0,5958,activities/055_260110082743.csv,1,1,0,0
fit:04f01143c9c76334dc1f7df426f77ac3e8992091d4090e6b06142aee6f9de488,2026-01-10T09:09:37+00:00,295,0,123,0,5.191,53.60000000000002,0,fit:04f01143c9c76334dc1f7df426f77ac3e8992091d4090e6b06142aee6f9de488:segment:006,6,6114.0,5959,activities/055_260110082743.csv,1,1,0,0
fit:04f01143c9c76334dc1f7df426f77ac3e8992091d4090e6b06142aee6f9de488,2026-01-10T09:09:38+00:00,296,0,122,0,4.7,53.799999999999955,0,fit:04f01143c9c76334dc1f7df426f77ac3e8992091d4090e6b06142aee6f9de488:segment:006,6,6115.0,5960,activities/055_260110082743.csv,1,1,0,0
fit:04f01143c9c76334dc1f7df426f77ac3e8992091d4090e6b06142aee6f9de488,2026-01-10T09:09:39+00:00,297,0,120,0,4.007,54.0,0,fit:04f01143c9c76334dc1f7df426f77ac3e8992091d4090e6b06142aee6f9de488:segment:006,6,6116.0,5961,activities/055_260110082743.csv,1,1,0,0
fit:04f01143c9c76334dc1f7df426f77ac3e8992091d4090e6b06142aee6f9de488,2026-01-10T09:09:40+00:00,298,0,120,0,3.31,54.0,0,fit:04f01143c9c76334dc1f7df426f77ac3e8992091d4090e6b06142aee6f9de488:segment:006,6,6117.0,5962,activities/055_260110082743.csv,1,1,0,0
fit:04f01143c9c76334dc1f7df426f77ac3e8992091d4090e6b06142aee6f9de488,2026-01-10T09:09:41+00:00,299,0,118,0,2.624,54.0,0,fit:04f01143c9c76334dc1f7df426f77ac3e8992091d4090e6b06142aee6f9de488:segment:006,6,6118.0,5963,activities/055_260110082743.csv,1,1,0,0
fit:04f01143c9c76334dc1f7df426f77ac3e8992091d4090e6b06142aee6f9de488,2026-01-10T09:09:42+00:00,300,0,115,0,1.769,54.0,0,fit:04f01143c9c76334dc1f7df426f77ac3e8992091d4090e6b06142aee6f9de488:segment:006,6,6119.0,5964,activities/055_260110082743.csv,1,1,0,0
fit:04f01143c9c76334dc1f7df426f77ac3e8992091d4090e6b06142aee6f9de488,2026-01-10T09:09:43+00:00,301,0,112,0,0.0,53.799999999999955,0,fit:04f01143c9c76334dc1f7df426f77ac3e8992091d4090e6b06142aee6f9de488:segment:006,6,6120.0,5965,activities/055_260110082743.csv,1,1,0,0
