activity_id,timestamp,elapsed_seconds,power_w,heart_rate_bpm,cadence_rpm,speed_m_s,altitude_m,temperature_c
fit:55e9390b04a7247293e6139cf8eca88ecff59c08b3817945465d652eded9c8bb,2025-08-31T10:31:25+00:00,0.0,0,122,0,0.0,-3.6000000000000227,29
fit:55e9390b04a7247293e6139cf8eca88ecff59c08b3817945465d652eded9c8bb,2025-08-31T10:31:26+00:00,1.0,0,122,0,0.0,-3.6000000000000227,29
fit:55e9390b04a7247293e6139cf8eca88ecff59c08b3817945465d652eded9c8bb,2025-08-31T10:31:27+00:00,2.0,170,122,76,4.298,-3.6000000000000227,29
fit:55e9390b04a7247293e6139cf8eca88ecff59c08b3817945465d652eded9c8bb,2025-08-31T10:31:28+00:00,3.0,105,122,79,4.476,-3.6000000000000227,29
fit:55e9390b04a7247293e6139cf8eca88ecff59c08b3817945465d652eded9c8bb,2025-08-31T10:31:29+00:00,4.0,88,122,80,4.687,-4.199999999999989,29
fit:55e9390b04a7247293e6139cf8eca88ecff59c08b3817945465d652eded9c8bb,2025-08-31T10:31:30+00:00,5.0,33,122,78,4.822,-4.199999999999989,29
fit:55e9390b04a7247293e6139cf8eca88ecff59c08b3817945465d652eded9c8bb,2025-08-31T10:31:31+00:00,6.0,69,122,81,4.82,-4.199999999999989,29
fit:55e9390b04a7247293e6139cf8eca88ecff59c08b3817945465d652eded9c8bb,2025-08-31T10:31:32+00:00,7.0,67,122,80,4.82,-3.6000000000000227,29
fit:55e9390b04a7247293e6139cf8eca88ecff59c08b3817945465d652eded9c8bb,2025-08-31T10:31:33+00:00,8.0,61,122,81,4.863,-4.0,29
fit:55e9390b04a7247293e6139cf8eca88ecff59c08b3817945465d652eded9c8bb,2025-08-31T10:31:34+00:00,9.0,58,123,81,4.979,-4.0,29
fit:55e9390b04a7247293e6139cf8eca88ecff59c08b3817945465d652eded9c8bb,2025-08-31T10:31:35+00:00,10.0,21,123,61,4.764,-4.0,29
fit:55e9390b04a7247293e6139cf8eca88ecff59c08b3817945465d652eded9c8bb,2025-08-31T10:31:36+00:00,11.0,155,123,78,4.739,-3.3999999999999773,29
fit:55e9390b04a7247293e6139cf8eca88ecff59c08b3817945465d652eded9c8bb,2025-08-31T10:31:37+00:00,12.0,80,123,79,4.829,-3.6000000000000227,29
fit:55e9390b04a7247293e6139cf8eca88ecff59c08b3817945465d652eded9c8bb,2025-08-31T10:31:38+00:00,13.0,47,123,73,4.771,-3.6000000000000227,29
fit:55e9390b04a7247293e6139cf8eca88ecff59c08b3817945465d652eded9c8bb,2025-08-31T10:31:39+00:00,14.0,47,123,73,4.791,-3.6000000000000227,29
fit:55e9390b04a7247293e6139cf8eca88ecff59c08b3817945465d652eded9c8bb,2025-08-31T10:31:40+00:00,15.0,47,122,73,4.61,-3.3999999999999773,29
fit:55e9390b04a7247293e6139cf8eca88ecff59c08b3817945465d652eded9c8bb,2025-08-31T10:31:41+00:00,16.0,47,122,73,4.528,-3.8000000000000114,29
fit:55e9390b04a7247293e6139cf8eca88ecff59c08b3817945465d652eded9c8bb,2025-08-31T10:31:42+00:00,17.0,0,121,0,4.528,-3.8000000000000114,29
fit:55e9390b04a7247293e6139cf8eca88ecff59c08b3817945465d652eded9c8bb,2025-08-31T10:31:43+00:00,18.0,0,121,0,3.954,-3.8000000000000114,29
fit:55e9390b04a7247293e6139cf8eca88ecff59c08b3817945465d652eded9c8bb,2025-08-31T10:31:44+00:00,19.0,0,120,0,3.762,-3.8000000000000114,29
fit:55e9390b04a7247293e6139cf8eca88ecff59c08b3817945465d652eded9c8bb,2025-08-31T10:31:45+00:00,20.0,0,120,0,3.593,-3.3999999999999773,29
fit:55e9390b04a7247293e6139cf8eca88ecff59c08b3817945465d652eded9c8bb,2025-08-31T10:31:46+00:00,21.0,0,119,0,3.593,-3.3999999999999773,29
fit:55e9390b04a7247293e6139cf8eca88ecff59c08b3817945465d652eded9c8bb,2025-08-31T10:31:47+00:00,22.0,0,117,0,3.494,-3.3999999999999773,29
fit:55e9390b04a7247293e6139cf8eca88ecff59c08b3817945465d652eded9c8bb,2025-08-31T10:31:48+00:00,23.0,68,115,62,3.461,-3.6000000000000227,29
fit:55e9390b04a7247293e6139cf8eca88ecff59c08b3817945465d652eded9c8bb,2025-08-31T10:31:49+00:00,24.0,152,115,65,3.661,-4.0,29
fit:55e9390b04a7247293e6139cf8eca88ecff59c08b3817945465d652eded9c8bb,2025-08-31T10:31:50+00:00,25.0,159,112,67,3.827,-4.0,29
fit:55e9390b04a7247293e6139cf8eca88ecff59c08b3817945465d652eded9c8bb,2025-08-31T10:31:51+00:00,26.0,131,112,69,3.827,-4.0,29
fit:55e9390b04a7247293e6139cf8eca88ecff59c08b3817945465d652eded9c8bb,2025-08-31T10:31:52+00:00,27.0,133,113,72,4.206,-3.6000000000000227,29
fit:55e9390b04a7247293e6139cf8eca88ecff59c08b3817945465d652eded9c8bb,2025-08-31T10:31:53+00:00,28.0,103,113,74,4.426,-3.6000000000000227,29
fit:55e9390b04a7247293e6139cf8eca88ecff59c08b3817945465d652eded9c8bb,2025-08-31T10:31:54+00:00,29.0,51,115,76,4.426,-3.6000000000000227,29
fit:55e9390b04a7247293e6139cf8eca88ecff59c08b3817945465d652eded9c8bb,2025-08-31T10:31:55+00:00,30.0,51,115,76,4.474,-3.6000000000000227,29
fit:55e9390b04a7247293e6139cf8eca88ecff59c08b3817945465d652eded9c8bb,2025-08-31T10:31:56+00:00,31.0,51,116,76,4.479,-3.6000000000000227,29
fit:55e9390b04a7247293e6139cf8eca88ecff59c08b3817945465d652eded9c8bb,2025-08-31T10:31:57+00:00,32.0,0,117,76,4.502,-3.3999999999999773,29
fit:55e9390b04a7247293e6139cf8eca88ecff59c08b3817945465d652eded9c8bb,2025-08-31T10:31:58+00:00,33.0,41,118,0,4.491,-3.3999999999999773,29
fit:55e9390b04a7247293e6139cf8eca88ecff59c08b3817945465d652eded9c8bb,2025-08-31T10:31:59+00:00,34.0,41,118,76,4.511,-3.3999999999999773,29
fit:55e9390b04a7247293e6139cf8eca88ecff59c08b3817945465d652eded9c8bb,2025-08-31T10:32:00+00:00,35.0,7,117,76,4.463,-3.3999999999999773,29
fit:55e9390b04a7247293e6139cf8eca88ecff59c08b3817945465d652eded9c8bb,2025-08-31T10:32:01+00:00,36.0,64,117,74,4.463,-3.8000000000000114,29
fit:55e9390b04a7247293e6139cf8eca88ecff59c08b3817945465d652eded9c8bb,2025-08-31T10:32:02+00:00,37.0,64,117,74,4.366,-3.8000000000000114,29
fit:55e9390b04a7247293e6139cf8eca88ecff59c08b3817945465d652eded9c8bb,2025-08-31T10:32:03+00:00,38.0,64,117,74,4.297,-3.8000000000000114,29
fit:55e9390b04a7247293e6139cf8eca88ecff59c08b3817945465d652eded9c8bb,2025-08-31T10:32:04+00:00,39.0,168,116,70,4.272,-3.8000000000000114,29
fit:55e9390b04a7247293e6139cf8eca88ecff59c08b3817945465d652eded9c8bb,2025-08-31T10:32:05+00:00,40.0,122,116,70,4.272,-3.8000000000000114,29
fit:55e9390b04a7247293e6139cf8eca88ecff59c08b3817945465d652eded9c8bb,2025-08-31T10:32:06+00:00,41.0,107,116,77,4.389,-3.8000000000000114,29
fit:55e9390b04a7247293e6139cf8eca88ecff59c08b3817945465d652eded9c8bb,2025-08-31T10:32:07+00:00,42.0,94,116,79,4.629,-3.8000000000000114,29
fit:55e9390b04a7247293e6139cf8eca88ecff59c08b3817945465d652eded9c8bb,2025-08-31T10:32:08+00:00,43.0,74,117,80,4.732,-3.8000000000000114,29
fit:55e9390b04a7247293e6139cf8eca88ecff59c08b3817945465d652eded9c8bb,2025-08-31T10:32:09+00:00,44.0,71,117,80,4.717,-4.199999999999989,29
fit:55e9390b04a7247293e6139cf8eca88ecff59c08b3817945465d652eded9c8bb,2025-08-31T10:32:10+00:00,45.0,70,117,80,4.808,-4.199999999999989,29
fit:55e9390b04a7247293e6139cf8eca88ecff59c08b3817945465d652eded9c8bb,2025-08-31T10:32:11+00:00,46.0,70,119,80,4.926,-4.199999999999989,29
fit:55e9390b04a7247293e6139cf8eca88ecff59c08b3817945465d652eded9c8bb,2025-08-31T10:32:12+00:00,47.0,70,120,80,4.88,-4.199999999999989,29
fit:55e9390b04a7247293e6139cf8eca88ecff59c08b3817945465d652eded9c8bb,2025-08-31T10:32:13+00:00,48.0,43,120,44,4.762,-3.8000000000000114,29
fit:55e9390b04a7247293e6139cf8eca88ecff59c08b3817945465d652eded9c8bb,2025-08-31T10:32:14+00:00,49.0,78,121,78,4.775,-3.8000000000000114,29
fit:55e9390b04a7247293e6139cf8eca88ecff59c08b3817945465d652eded9c8bb,2025-08-31T10:32:15+00:00,50.0,98,121,78,4.75,-3.8000000000000114,29
fit:55e9390b04a7247293e6139cf8eca88ecff59c08b3817945465d652eded9c8bb,2025-08-31T10:32:16+00:00,51.0,74,122,80,4.755,-3.8000000000000114,29
fit:55e9390b04a7247293e6139cf8eca88ecff59c08b3817945465d652eded9c8bb,2025-08-31T10:32:17+00:00,52.0,93,122,81,4.894,-4.600000000000023,29
fit:55e9390b04a7247293e6139cf8eca88ecff59c08b3817945465d652eded9c8bb,2025-08-31T10:32:18+00:00,53.0,61,122,81,4.967,-4.600000000000023,29
fit:55e9390b04a7247293e6139cf8eca88ecff59c08b3817945465d652eded9c8bb,2025-08-31T10:32:19+00:00,54.0,60,122,76,4.839,-4.600000000000023,29
fit:55e9390b04a7247293e6139cf8eca88ecff59c08b3817945465d652eded9c8bb,2025-08-31T10:32:20+00:00,55.0,60,121,50,4.842,-4.0,29
fit:55e9390b04a7247293e6139cf8eca88ecff59c08b3817945465d652eded9c8bb,2025-08-31T10:32:21+00:00,56.0,60,121,50,4.705,-3.1999999999999886,29
fit:55e9390b04a7247293e6139cf8eca88ecff59c08b3817945465d652eded9c8bb,2025-08-31T10:32:22+00:00,57.0,60,121,50,4.599,-3.1999999999999886,29
fit:55e9390b04a7247293e6139cf8eca88ecff59c08b3817945465d652eded9c8bb,2025-08-31T10:32:23+00:00,58.0,60,120,50,4.461,-3.1999999999999886,29
fit:55e9390b04a7247293e6139cf8eca88ecff59c08b3817945465d652eded9c8bb,2025-08-31T10:32:24+00:00,59.0,57,120,49,4.461,-3.6000000000000227,29
fit:55e9390b04a7247293e6139cf8eca88ecff59c08b3817945465d652eded9c8bb,2025-08-31T10:32:25+00:00,60.0,50,120,46,4.375,-3.3999999999999773,29
fit:55e9390b04a7247293e6139cf8eca88ecff59c08b3817945465d652eded9c8bb,2025-08-31T10:32:26+00:00,61.0,0,119,0,4.082,-3.3999999999999773,29
fit:55e9390b04a7247293e6139cf8eca88ecff59c08b3817945465d652eded9c8bb,2025-08-31T10:32:27+00:00,62.0,0,119,0,3.905,-3.3999999999999773,29
fit:55e9390b04a7247293e6139cf8eca88ecff59c08b3817945465d652eded9c8bb,2025-08-31T10:32:28+00:00,63.0,8,119,39,3.793,-3.3999999999999773,29
fit:55e9390b04a7247293e6139cf8eca88ecff59c08b3817945465d652eded9c8bb,2025-08-31T10:32:29+00:00,64.0,37,118,62,3.781,-3.6000000000000227,29
fit:55e9390b04a7247293e6139cf8eca88ecff59c08b3817945465d652eded9c8bb,2025-08-31T10:32:30+00:00,65.0,39,117,60,3.743,-3.6000000000000227,29
fit:55e9390b04a7247293e6139cf8eca88ecff59c08b3817945465d652eded9c8bb,2025-08-31T10:32:31+00:00,66.0,45,116,61,3.769,-3.6000000000000227,29
fit:55e9390b04a7247293e6139cf8eca88ecff59c08b3817945465d652eded9c8bb,2025-08-31T10:32:32+00:00,67.0,46,115,62,3.804,-3.6000000000000227,29
fit:55e9390b04a7247293e6139cf8eca88ecff59c08b3817945465d652eded9c8bb,2025-08-31T10:32:33+00:00,68.0,28,114,58,3.768,-3.6000000000000227,29
fit:55e9390b04a7247293e6139cf8eca88ecff59c08b3817945465d652eded9c8bb,2025-08-31T10:32:34+00:00,69.0,28,114,60,3.719,-3.6000000000000227,29
fit:55e9390b04a7247293e6139cf8eca88ecff59c08b3817945465d652eded9c8bb,2025-08-31T10:32:35+00:00,70.0,28,114,60,3.719,-3.6000000000000227,29
fit:55e9390b04a7247293e6139cf8eca88ecff59c08b3817945465d652eded9c8bb,2025-08-31T10:32:36+00:00,71.0,42,114,59,3.603,-3.6000000000000227,29
fit:55e9390b04a7247293e6139cf8eca88ecff59c08b3817945465d652eded9c8bb,2025-08-31T10:32:37+00:00,72.0,42,114,58,3.484,-2.6000000000000227,29
fit:55e9390b04a7247293e6139cf8eca88ecff59c08b3817945465d652eded9c8bb,2025-08-31T10:32:38+00:00,73.0,47,114,58,3.351,-2.6000000000000227,29
fit:55e9390b04a7247293e6139cf8eca88ecff59c08b3817945465d652eded9c8bb,2025-08-31T10:32:39+00:00,74.0,23,114,58,3.239,-2.6000000000000227,29
fit:55e9390b04a7247293e6139cf8eca88ecff59c08b3817945465d652eded9c8bb,2025-08-31T10:32:40+00:00,75.0,43,114,58,3.344,-3.6000000000000227,29
fit:55e9390b04a7247293e6139cf8eca88ecff59c08b3817945465d652eded9c8bb,2025-08-31T10:32:41+00:00,76.0,33,113,58,3.364,-3.3999999999999773,29
fit:55e9390b04a7247293e6139cf8eca88ecff59c08b3817945465d652eded9c8bb,2025-08-31T10:32:42+00:00,77.0,33,112,58,3.218,-3.3999999999999773,29
fit:55e9390b04a7247293e6139cf8eca88ecff59c08b3817945465d652eded9c8bb,2025-08-31T10:32:43+00:00,78.0,9,111,51,3.237,-3.3999999999999773,29
fit:55e9390b04a7247293e6139cf8eca88ecff59c08b3817945465d652eded9c8bb,2025-08-31T10:32:44+00:00,79.0,15,110,54,3.087,-3.6000000000000227,29
fit:55e9390b04a7247293e6139cf8eca88ecff59c08b3817945465d652eded9c8bb,2025-08-31T10:32:45+00:00,80.0,65,110,55,3.196,-3.3999999999999773,29
fit:55e9390b04a7247293e6139cf8eca88ecff59c08b3817945465d652eded9c8bb,2025-08-31T10:32:46+00:00,81.0,65,110,55,3.228,-3.3999999999999773,29
fit:55e9390b04a7247293e6139cf8eca88ecff59c08b3817945465d652eded9c8bb,2025-08-31T10:32:47+00:00,82.0,83,110,58,3.463,-3.3999999999999773,29
fit:55e9390b04a7247293e6139cf8eca88ecff59c08b3817945465d652eded9c8bb,2025-08-31T10:32:48+00:00,83.0,66,110,63,3.594,-4.199999999999989,29
fit:55e9390b04a7247293e6139cf8eca88ecff59c08b3817945465d652eded9c8bb,2025-08-31T10:32:49+00:00,84.0,64,110,63,3.715,-3.8000000000000114,29
fit:55e9390b04a7247293e6139cf8eca88ecff59c08b3817945465d652eded9c8bb,2025-08-31T10:32:50+00:00,85.0,68,110,65,3.82,-3.8000000000000114,29
fit:55e9390b04a7247293e6139cf8eca88ecff59c08b3817945465d652eded9c8bb,2025-08-31T10:32:51+00:00,86.0,56,110,65,3.82,-3.8000000000000114,29
fit:55e9390b04a7247293e6139cf8eca88ecff59c08b3817945465d652eded9c8bb,2025-08-31T10:32:52+00:00,87.0,52,109,66,3.861,-3.8000000000000114,29
fit:55e9390b04a7247293e6139cf8eca88ecff59c08b3817945465d652eded9c8bb,2025-08-31T10:32:53+00:00,88.0,57,109,67,3.975,-3.6000000000000227,29
fit:55e9390b04a7247293e6139cf8eca88ecff59c08b3817945465d652eded9c8bb,2025-08-31T10:32:54+00:00,89.0,66,109,70,4.081,-3.6000000000000227,29
fit:55e9390b04a7247293e6139cf8eca88ecff59c08b3817945465d652eded9c8bb,2025-08-31T10:32:55+00:00,90.0,91,109,72,4.179,-3.6000000000000227,29
fit:55e9390b04a7247293e6139cf8eca88ecff59c08b3817945465d652eded9c8bb,2025-08-31T10:32:56+00:00,91.0,69,109,73,4.287,-4.0,29
fit:55e9390b04a7247293e6139cf8eca88ecff59c08b3817945465d652eded9c8bb,2025-08-31T10:32:57+00:00,92.0,82,109,74,4.416,-3.6000000000000227,29
fit:55e9390b04a7247293e6139cf8eca88ecff59c08b3817945465d652eded9c8bb,2025-08-31T10:32:58+00:00,93.0,82,111,74,4.393,-3.6000000000000227,29
fit:55e9390b04a7247293e6139cf8eca88ecff59c08b3817945465d652eded9c8bb,2025-08-31T10:32:59+00:00,94.0,82,112,74,4.351,-3.6000000000000227,29
fit:55e9390b04a7247293e6139cf8eca88ecff59c08b3817945465d652eded9c8bb,2025-08-31T10:33:00+00:00,95.0,95,113,72,4.327,-4.600000000000023,29
fit:55e9390b04a7247293e6139cf8eca88ecff59c08b3817945465d652eded9c8bb,2025-08-31T10:33:01+00:00,96.0,109,114,72,4.383,-3.6000000000000227,29
fit:55e9390b04a7247293e6139cf8eca88ecff59c08b3817945465d652eded9c8bb,2025-08-31T10:33:02+00:00,97.0,65,115,73,4.383,-3.6000000000000227,29
fit:55e9390b04a7247293e6139cf8eca88ecff59c08b3817945465d652eded9c8bb,2025-08-31T10:33:03+00:00,98.0,68,116,73,4.387,-3.6000000000000227,29
fit:55e9390b04a7247293e6139cf8eca88ecff59c08b3817945465d652eded9c8bb,2025-08-31T10:33:04+00:00,99.0,67,117,74,4.456,-3.6000000000000227,29
fit:55e9390b04a7247293e6139cf8eca88ecff59c08b3817945465d652eded9c8bb,2025-08-31T10:33:05+00:00,100.0,63,117,76,4.466,-3.8000000000000114,29
fit:55e9390b04a7247293e6139cf8eca88ecff59c08b3817945465d652eded9c8bb,2025-08-31T10:33:06+00:00,101.0,70,117,76,4.59,-3.8000000000000114,29
fit:55e9390b04a7247293e6139cf8eca88ecff59c08b3817945465d652eded9c8bb,2025-08-31T10:33:07+00:00,102.0,57,119,76,4.56,-3.8000000000000114,29
fit:55e9390b04a7247293e6139cf8eca88ecff59c08b3817945465d652eded9c8bb,2025-08-31T10:33:08+00:00,103.0,68,119,76,4.603,-3.8000000000000114,29
fit:55e9390b04a7247293e6139cf8eca88ecff59c08b3817945465d652eded9c8bb,2025-08-31T10:33:09+00:00,104.0,53,120,76,4.505,-4.0,29
fit:55e9390b04a7247293e6139cf8eca88ecff59c08b3817945465d652eded9c8bb,2025-08-31T10:33:10+00:00,105.0,53,122,76,4.573,-4.0,29
fit:55e9390b04a7247293e6139cf8eca88ecff59c08b3817945465d652eded9c8bb,2025-08-31T10:33:11+00:00,106.0,56,122,75,4.456,-4.0,29
fit:55e9390b04a7247293e6139cf8eca88ecff59c08b3817945465d652eded9c8bb,2025-08-31T10:33:12+00:00,107.0,57,122,75,4.414,-4.0,29
fit:55e9390b04a7247293e6139cf8eca88ecff59c08b3817945465d652eded9c8bb,2025-08-31T10:33:13+00:00,108.0,74,122,75,4.36,-3.8000000000000114,29
fit:55e9390b04a7247293e6139cf8eca88ecff59c08b3817945465d652eded9c8bb,2025-08-31T10:33:14+00:00,109.0,73,122,75,4.336,-3.8000000000000114,29
fit:55e9390b04a7247293e6139cf8eca88ecff59c08b3817945465d652eded9c8bb,2025-08-31T10:33:15+00:00,110.0,74,122,76,4.307,-3.8000000000000114,29
fit:55e9390b04a7247293e6139cf8eca88ecff59c08b3817945465d652eded9c8bb,2025-08-31T10:33:16+00:00,111.0,64,123,76,4.423,-3.8000000000000114,29
fit:55e9390b04a7247293e6139cf8eca88ecff59c08b3817945465d652eded9c8bb,2025-08-31T10:33:17+00:00,112.0,64,123,75,4.527,-3.3999999999999773,29
fit:55e9390b04a7247293e6139cf8eca88ecff59c08b3817945465d652eded9c8bb,2025-08-31T10:33:18+00:00,113.0,53,123,75,4.486,-3.3999999999999773,29
fit:55e9390b04a7247293e6139cf8eca88ecff59c08b3817945465d652eded9c8bb,2025-08-31T10:33:19+00:00,114.0,49,124,75,4.505,-3.3999999999999773,29
fit:55e9390b04a7247293e6139cf8eca88ecff59c08b3817945465d652eded9c8bb,2025-08-31T10:33:20+00:00,115.0,48,125,74,4.46,-3.3999999999999773,29
fit:55e9390b04a7247293e6139cf8eca88ecff59c08b3817945465d652eded9c8bb,2025-08-31T10:33:21+00:00,116.0,46,125,74,4.462,-3.1999999999999886,29
fit:55e9390b04a7247293e6139cf8eca88ecff59c08b3817945465d652eded9c8bb,2025-08-31T10:33:22+00:00,117.0,38,125,75,4.471,-3.1999999999999886,29
fit:55e9390b04a7247293e6139cf8eca88ecff59c08b3817945465d652eded9c8bb,2025-08-31T10:33:23+00:00,118.0,36,124,73,4.423,-3.1999999999999886,29
fit:55e9390b04a7247293e6139cf8eca88ecff59c08b3817945465d652eded9c8bb,2025-08-31T10:33:24+00:00,119.0,54,124,75,4.357,-3.8000000000000114,29
fit:55e9390b04a7247293e6139cf8eca88ecff59c08b3817945465d652eded9c8bb,2025-08-31T10:33:25+00:00,120.0,63,123,76,4.436,-3.0,29
fit:55e9390b04a7247293e6139cf8eca88ecff59c08b3817945465d652eded9c8bb,2025-08-31T10:33:26+00:00,121.0,53,121,76,4.46,-3.0,29
fit:55e9390b04a7247293e6139cf8eca88ecff59c08b3817945465d652eded9c8bb,2025-08-31T10:33:27+00:00,122.0,48,121,77,4.559,-3.0,29
fit:55e9390b04a7247293e6139cf8eca88ecff59c08b3817945465d652eded9c8bb,2025-08-31T10:33:28+00:00,123.0,42,120,75,4.579,-4.0,29
fit:55e9390b04a7247293e6139cf8eca88ecff59c08b3817945465d652eded9c8bb,2025-08-31T10:33:29+00:00,124.0,48,120,78,4.614,-4.0,29
fit:55e9390b04a7247293e6139cf8eca88ecff59c08b3817945465d652eded9c8bb,2025-08-31T10:33:30+00:00,125.0,44,119,77,4.626,-4.0,29
fit:55e9390b04a7247293e6139cf8eca88ecff59c08b3817945465d652eded9c8bb,2025-08-31T10:33:31+00:00,126.0,44,119,77,4.666,-4.0,29
fit:55e9390b04a7247293e6139cf8eca88ecff59c08b3817945465d652eded9c8bb,2025-08-31T10:33:32+00:00,127.0,44,118,77,4.713,-3.6000000000000227,29
fit:55e9390b04a7247293e6139cf8eca88ecff59c08b3817945465d652eded9c8bb,2025-08-31T10:33:33+00:00,128.0,49,117,77,4.668,-3.6000000000000227,29
fit:55e9390b04a7247293e6139cf8eca88ecff59c08b3817945465d652eded9c8bb,2025-08-31T10:33:34+00:00,129.0,37,117,78,4.717,-3.6000000000000227,29
fit:55e9390b04a7247293e6139cf8eca88ecff59c08b3817945465d652eded9c8bb,2025-08-31T10:33:35+00:00,130.0,37,117,77,4.734,-3.6000000000000227,29
fit:55e9390b04a7247293e6139cf8eca88ecff59c08b3817945465d652eded9c8bb,2025-08-31T10:33:36+00:00,131.0,37,117,76,4.699,-3.6000000000000227,29
fit:55e9390b04a7247293e6139cf8eca88ecff59c08b3817945465d652eded9c8bb,2025-08-31T10:33:37+00:00,132.0,54,117,76,4.677,-3.6000000000000227,29
fit:55e9390b04a7247293e6139cf8eca88ecff59c08b3817945465d652eded9c8bb,2025-08-31T10:33:38+00:00,133.0,50,117,77,4.606,-3.6000000000000227,29
fit:55e9390b04a7247293e6139cf8eca88ecff59c08b3817945465d652eded9c8bb,2025-08-31T10:33:39+00:00,134.0,52,117,77,4.657,-3.6000000000000227,29
fit:55e9390b04a7247293e6139cf8eca88ecff59c08b3817945465d652eded9c8bb,2025-08-31T10:33:40+00:00,135.0,63,117,77,4.615,-3.6000000000000227,29
fit:55e9390b04a7247293e6139cf8eca88ecff59c08b3817945465d652eded9c8bb,2025-08-31T10:33:41+00:00,136.0,56,117,77,4.626,-3.6000000000000227,29
fit:55e9390b04a7247293e6139cf8eca88ecff59c08b3817945465d652eded9c8bb,2025-08-31T10:33:42+00:00,137.0,55,117,77,4.595,-3.6000000000000227,29
fit:55e9390b04a7247293e6139cf8eca88ecff59c08b3817945465d652eded9c8bb,2025-08-31T10:33:43+00:00,138.0,51,116,78,4.607,-3.6000000000000227,29
fit:55e9390b04a7247293e6139cf8eca88ecff59c08b3817945465d652eded9c8bb,2025-08-31T10:33:44+00:00,139.0,53,116,78,4.646,-3.6000000000000227,29
fit:55e9390b04a7247293e6139cf8eca88ecff59c08b3817945465d652eded9c8bb,2025-08-31T10:33:45+00:00,140.0,75,116,80,4.618,-3.6000000000000227,29
fit:55e9390b04a7247293e6139cf8eca88ecff59c08b3817945465d652eded9c8bb,2025-08-31T10:33:46+00:00,141.0,66,115,80,4.709,-3.6000000000000227,29
fit:55e9390b04a7247293e6139cf8eca88ecff59c08b3817945465d652eded9c8bb,2025-08-31T10:33:47+00:00,142.0,54,115,80,4.81,-3.6000000000000227,29
fit:55e9390b04a7247293e6139cf8eca88ecff59c08b3817945465d652eded9c8bb,2025-08-31T10:33:48+00:00,143.0,51,115,81,4.754,-3.6000000000000227,29
fit:55e9390b04a7247293e6139cf8eca88ecff59c08b3817945465d652eded9c8bb,2025-08-31T10:33:49+00:00,144.0,64,115,82,4.761,-3.1999999999999886,29
fit:55e9390b04a7247293e6139cf8eca88ecff59c08b3817945465d652eded9c8bb,2025-08-31T10:33:50+00:00,145.0,48,114,81,4.863,-3.1999999999999886,29
fit:55e9390b04a7247293e6139cf8eca88ecff59c08b3817945465d652eded9c8bb,2025-08-31T10:33:51+00:00,146.0,49,114,81,4.92,-3.1999999999999886,29
fit:55e9390b04a7247293e6139cf8eca88ecff59c08b3817945465d652eded9c8bb,2025-08-31T10:33:52+00:00,147.0,55,114,81,4.962,-3.6000000000000227,29
fit:55e9390b04a7247293e6139cf8eca88ecff59c08b3817945465d652eded9c8bb,2025-08-31T10:33:53+00:00,148.0,54,114,82,4.946,-3.6000000000000227,29
fit:55e9390b04a7247293e6139cf8eca88ecff59c08b3817945465d652eded9c8bb,2025-08-31T10:33:54+00:00,149.0,55,114,82,4.995,-3.6000000000000227,29
fit:55e9390b04a7247293e6139cf8eca88ecff59c08b3817945465d652eded9c8bb,2025-08-31T10:33:55+00:00,150.0,38,114,84,4.972,-3.6000000000000227,29
fit:55e9390b04a7247293e6139cf8eca88ecff59c08b3817945465d652eded9c8bb,2025-08-31T10:33:56+00:00,151.0,38,115,84,4.931,-3.6000000000000227,29
fit:55e9390b04a7247293e6139cf8eca88ecff59c08b3817945465d652eded9c8bb,2025-08-31T10:33:57+00:00,152.0,58,116,82,4.916,-3.6000000000000227,29
fit:55e9390b04a7247293e6139cf8eca88ecff59c08b3817945465d652eded9c8bb,2025-08-31T10:33:58+00:00,153.0,51,117,80,4.923,-3.6000000000000227,29
fit:55e9390b04a7247293e6139cf8eca88ecff59c08b3817945465d652eded9c8bb,2025-08-31T10:33:59+00:00,154.0,69,117,83,4.877,-3.6000000000000227,29
fit:55e9390b04a7247293e6139cf8eca88ecff59c08b3817945465d652eded9c8bb,2025-08-31T10:34:00+00:00,155.0,69,117,83,4.835,-3.6000000000000227,29
fit:55e9390b04a7247293e6139cf8eca88ecff59c08b3817945465d652eded9c8bb,2025-08-31T10:34:01+00:00,156.0,41,117,76,4.779,-4.199999999999989,29
fit:55e9390b04a7247293e6139cf8eca88ecff59c08b3817945465d652eded9c8bb,2025-08-31T10:34:02+00:00,157.0,10,117,67,4.724,-4.199999999999989,29
fit:55e9390b04a7247293e6139cf8eca88ecff59c08b3817945465d652eded9c8bb,2025-08-31T10:34:03+00:00,158.0,34,116,75,4.675,-4.199999999999989,29
fit:55e9390b04a7247293e6139cf8eca88ecff59c08b3817945465d652eded9c8bb,2025-08-31T10:34:04+00:00,159.0,49,115,76,4.69,-3.8000000000000114,29
fit:55e9390b04a7247293e6139cf8eca88ecff59c08b3817945465d652eded9c8bb,2025-08-31T10:34:05+00:00,160.0,35,114,76,4.608,-3.8000000000000114,29
fit:55e9390b04a7247293e6139cf8eca88ecff59c08b3817945465d652eded9c8bb,2025-08-31T10:34:06+00:00,161.0,18,113,76,4.718,-3.8000000000000114,29
fit:55e9390b04a7247293e6139cf8eca88ecff59c08b3817945465d652eded9c8bb,2025-08-31T10:34:07+00:00,162.0,24,113,75,4.684,-3.8000000000000114,29
fit:55e9390b04a7247293e6139cf8eca88ecff59c08b3817945465d652eded9c8bb,2025-08-31T10:34:08+00:00,163.0,25,113,75,4.573,-3.8000000000000114,29
fit:55e9390b04a7247293e6139cf8eca88ecff59c08b3817945465d652eded9c8bb,2025-08-31T10:34:09+00:00,164.0,5,113,24,4.364,-3.6000000000000227,29
fit:55e9390b04a7247293e6139cf8eca88ecff59c08b3817945465d652eded9c8bb,2025-08-31T10:34:10+00:00,165.0,5,113,24,4.326,-3.6000000000000227,29
fit:55e9390b04a7247293e6139cf8eca88ecff59c08b3817945465d652eded9c8bb,2025-08-31T10:34:11+00:00,166.0,73,114,75,4.438,-3.6000000000000227,29
fit:55e9390b04a7247293e6139cf8eca88ecff59c08b3817945465d652eded9c8bb,2025-08-31T10:34:12+00:00,167.0,73,114,75,4.45,-3.6000000000000227,29
fit:55e9390b04a7247293e6139cf8eca88ecff59c08b3817945465d652eded9c8bb,2025-08-31T10:34:13+00:00,168.0,79,114,75,4.498,-3.6000000000000227,29
fit:55e9390b04a7247293e6139cf8eca88ecff59c08b3817945465d652eded9c8bb,2025-08-31T10:34:14+00:00,169.0,69,115,75,4.588,-4.0,29
fit:55e9390b04a7247293e6139cf8eca88ecff59c08b3817945465d652eded9c8bb,2025-08-31T10:34:15+00:00,170.0,55,115,75,4.573,-4.0,29
fit:55e9390b04a7247293e6139cf8eca88ecff59c08b3817945465d652eded9c8bb,2025-08-31T10:34:16+00:00,171.0,52,115,75,4.573,-4.0,29
fit:55e9390b04a7247293e6139cf8eca88ecff59c08b3817945465d652eded9c8bb,2025-08-31T10:34:17+00:00,172.0,56,116,74,4.539,-3.0,29
fit:55e9390b04a7247293e6139cf8eca88ecff59c08b3817945465d652eded9c8bb,2025-08-31T10:34:18+00:00,173.0,51,117,75,4.533,-3.6000000000000227,29
fit:55e9390b04a7247293e6139cf8eca88ecff59c08b3817945465d652eded9c8bb,2025-08-31T10:34:19+00:00,174.0,37,117,75,4.547,-3.6000000000000227,29
fit:55e9390b04a7247293e6139cf8eca88ecff59c08b3817945465d652eded9c8bb,2025-08-31T10:34:20+00:00,175.0,43,117,75,4.486,-3.6000000000000227,29
fit:55e9390b04a7247293e6139cf8eca88ecff59c08b3817945465d652eded9c8bb,2025-08-31T10:34:21+00:00,176.0,43,117,75,4.568,-3.8000000000000114,29
fit:55e9390b04a7247293e6139cf8eca88ecff59c08b3817945465d652eded9c8bb,2025-08-31T10:34:22+00:00,177.0,47,116,75,4.447,-4.199999999999989,29
fit:55e9390b04a7247293e6139cf8eca88ecff59c08b3817945465d652eded9c8bb,2025-08-31T10:34:23+00:00,178.0,63,115,75,4.456,-4.199999999999989,29
fit:55e9390b04a7247293e6139cf8eca88ecff59c08b3817945465d652eded9c8bb,2025-08-31T10:34:24+00:00,179.0,44,114,74,4.447,-4.199999999999989,29
fit:55e9390b04a7247293e6139cf8eca88ecff59c08b3817945465d652eded9c8bb,2025-08-31T10:34:25+00:00,180.0,38,114,73,4.414,-3.6000000000000227,29
fit:55e9390b04a7247293e6139cf8eca88ecff59c08b3817945465d652eded9c8bb,2025-08-31T10:34:26+00:00,181.0,43,113,73,4.405,-3.1999999999999886,29
fit:55e9390b04a7247293e6139cf8eca88ecff59c08b3817945465d652eded9c8bb,2025-08-31T10:34:27+00:00,182.0,56,112,72,4.363,-3.1999999999999886,29
fit:55e9390b04a7247293e6139cf8eca88ecff59c08b3817945465d652eded9c8bb,2025-08-31T10:34:28+00:00,183.0,26,112,64,4.28,-3.1999999999999886,29
fit:55e9390b04a7247293e6139cf8eca88ecff59c08b3817945465d652eded9c8bb,2025-08-31T10:34:29+00:00,184.0,26,112,64,4.021,-3.3999999999999773,29
fit:55e9390b04a7247293e6139cf8eca88ecff59c08b3817945465d652eded9c8bb,2025-08-31T10:34:30+00:00,185.0,26,112,64,3.869,-3.1999999999999886,29
fit:55e9390b04a7247293e6139cf8eca88ecff59c08b3817945465d652eded9c8bb,2025-08-31T10:34:31+00:00,186.0,26,112,64,3.14,-3.1999999999999886,29
fit:55e9390b04a7247293e6139cf8eca88ecff59c08b3817945465d652eded9c8bb,2025-08-31T10:34:32+00:00,187.0,26,112,64,2.389,-3.1999999999999886,29
fit:55e9390b04a7247293e6139cf8eca88ecff59c08b3817945465d652eded9c8bb,2025-08-31T10:34:33+00:00,188.0,0,112,0,2.002,-3.3999999999999773,29
fit:55e9390b04a7247293e6139cf8eca88ecff59c08b3817945465d652eded9c8bb,2025-08-31T10:34:34+00:00,189.0,0,111,0,1.646,-3.0,29
fit:55e9390b04a7247293e6139cf8eca88ecff59c08b3817945465d652eded9c8bb,2025-08-31T10:34:35+00:00,190.0,0,111,0,1.564,-3.0,29
fit:55e9390b04a7247293e6139cf8eca88ecff59c08b3817945465d652eded9c8bb,2025-08-31T10:34:36+00:00,191.0,0,110,0,1.263,-3.0,30
fit:55e9390b04a7247293e6139cf8eca88ecff59c08b3817945465d652eded9c8bb,2025-08-31T10:34:37+00:00,192.0,0,110,0,1.239,-3.0,30
fit:55e9390b04a7247293e6139cf8eca88ecff59c08b3817945465d652eded9c8bb,2025-08-31T10:34:38+00:00,193.0,25,110,22,1.237,-3.1999999999999886,30
fit:55e9390b04a7247293e6139cf8eca88ecff59c08b3817945465d652eded9c8bb,2025-08-31T10:34:39+00:00,194.0,25,110,22,1.473,-3.1999999999999886,30
fit:55e9390b04a7247293e6139cf8eca88ecff59c08b3817945465d652eded9c8bb,2025-08-31T10:34:40+00:00,195.0,91,110,34,1.799,-3.1999999999999886,30
fit:55e9390b04a7247293e6139cf8eca88ecff59c08b3817945465d652eded9c8bb,2025-08-31T10:34:41+00:00,196.0,92,110,34,2.157,-3.1999999999999886,30
fit:55e9390b04a7247293e6139cf8eca88ecff59c08b3817945465d652eded9c8bb,2025-08-31T10:34:42+00:00,197.0,87,110,42,2.278,-4.0,30
fit:55e9390b04a7247293e6139cf8eca88ecff59c08b3817945465d652eded9c8bb,2025-08-31T10:34:43+00:00,198.0,142,110,52,2.756,-4.0,30
fit:55e9390b04a7247293e6139cf8eca88ecff59c08b3817945465d652eded9c8bb,2025-08-31T10:34:44+00:00,199.0,111,110,60,3.072,-4.0,30
fit:55e9390b04a7247293e6139cf8eca88ecff59c08b3817945465d652eded9c8bb,2025-08-31T10:34:45+00:00,200.0,71,110,62,3.327,-3.1999999999999886,30
fit:55e9390b04a7247293e6139cf8eca88ecff59c08b3817945465d652eded9c8bb,2025-08-31T10:34:46+00:00,201.0,125,110,66,3.614,-3.0,30
fit:55e9390b04a7247293e6139cf8eca88ecff59c08b3817945465d652eded9c8bb,2025-08-31T10:34:47+00:00,202.0,125,110,66,3.808,-3.0,30
fit:55e9390b04a7247293e6139cf8eca88ecff59c08b3817945465d652eded9c8bb,2025-08-31T10:34:48+00:00,203.0,78,110,67,3.892,-3.0,30
fit:55e9390b04a7247293e6139cf8eca88ecff59c08b3817945465d652eded9c8bb,2025-08-31T10:34:49+00:00,204.0,89,110,69,3.975,-3.0,30
fit:55e9390b04a7247293e6139cf8eca88ecff59c08b3817945465d652eded9c8bb,2025-08-31T10:34:50+00:00,205.0,53,112,70,4.157,-3.6000000000000227,30
fit:55e9390b04a7247293e6139cf8eca88ecff59c08b3817945465d652eded9c8bb,2025-08-31T10:34:51+00:00,206.0,53,113,70,4.286,-3.6000000000000227,30
fit:55e9390b04a7247293e6139cf8eca88ecff59c08b3817945465d652eded9c8bb,2025-08-31T10:34:52+00:00,207.0,64,114,72,4.274,-3.6000000000000227,30
fit:55e9390b04a7247293e6139cf8eca88ecff59c08b3817945465d652eded9c8bb,2025-08-31T10:34:53+00:00,208.0,89,115,73,4.457,-3.6000000000000227,30
fit:55e9390b04a7247293e6139cf8eca88ecff59c08b3817945465d652eded9c8bb,2025-08-31T10:34:54+00:00,209.0,76,115,73,4.401,-5.0,30
fit:55e9390b04a7247293e6139cf8eca88ecff59c08b3817945465d652eded9c8bb,2025-08-31T10:34:55+00:00,210.0,78,115,73,4.472,-5.0,30
fit:55e9390b04a7247293e6139cf8eca88ecff59c08b3817945465d652eded9c8bb,2025-08-31T10:34:56+00:00,211.0,77,116,73,4.38,-5.0,30
fit:55e9390b04a7247293e6139cf8eca88ecff59c08b3817945465d652eded9c8bb,2025-08-31T10:34:57+00:00,212.0,68,116,73,4.435,-4.600000000000023,30
fit:55e9390b04a7247293e6139cf8eca88ecff59c08b3817945465d652eded9c8bb,2025-08-31T10:34:58+00:00,213.0,73,116,73,4.408,-4.600000000000023,30
fit:55e9390b04a7247293e6139cf8eca88ecff59c08b3817945465d652eded9c8bb,2025-08-31T10:34:59+00:00,214.0,76,117,73,4.451,-4.600000000000023,30
fit:55e9390b04a7247293e6139cf8eca88ecff59c08b3817945465d652eded9c8bb,2025-08-31T10:35:00+00:00,215.0,76,119,73,4.45,-4.600000000000023,30
fit:55e9390b04a7247293e6139cf8eca88ecff59c08b3817945465d652eded9c8bb,2025-08-31T10:35:01+00:00,216.0,72,119,74,4.525,-4.600000000000023,30
fit:55e9390b04a7247293e6139cf8eca88ecff59c08b3817945465d652eded9c8bb,2025-08-31T10:35:02+00:00,217.0,80,120,75,4.484,-4.0,30
fit:55e9390b04a7247293e6139cf8eca88ecff59c08b3817945465d652eded9c8bb,2025-08-31T10:35:03+00:00,218.0,130,120,69,4.512,-4.0,30
fit:55e9390b04a7247293e6139cf8eca88ecff59c08b3817945465d652eded9c8bb,2025-08-31T10:35:04+00:00,219.0,72,120,46,4.463,-4.0,30
fit:55e9390b04a7247293e6139cf8eca88ecff59c08b3817945465d652eded9c8bb,2025-08-31T10:35:05+00:00,220.0,140,120,71,4.312,-4.0,30
fit:55e9390b04a7247293e6139cf8eca88ecff59c08b3817945465d652eded9c8bb,2025-08-31T10:35:06+00:00,221.0,104,120,76,4.445,-3.3999999999999773,30
fit:55e9390b04a7247293e6139cf8eca88ecff59c08b3817945465d652eded9c8bb,2025-08-31T10:35:07+00:00,222.0,58,120,77,4.535,-3.3999999999999773,30
fit:55e9390b04a7247293e6139cf8eca88ecff59c08b3817945465d652eded9c8bb,2025-08-31T10:35:08+00:00,223.0,30,120,78,4.632,-3.3999999999999773,30
fit:55e9390b04a7247293e6139cf8eca88ecff59c08b3817945465d652eded9c8bb,2025-08-31T10:35:09+00:00,224.0,87,120,79,4.649,-3.0,30
fit:55e9390b04a7247293e6139cf8eca88ecff59c08b3817945465d652eded9c8bb,2025-08-31T10:35:10+00:00,225.0,85,120,79,4.544,-3.1999999999999886,30
fit:55e9390b04a7247293e6139cf8eca88ecff59c08b3817945465d652eded9c8bb,2025-08-31T10:35:11+00:00,226.0,85,120,79,4.735,-3.1999999999999886,30
fit:55e9390b04a7247293e6139cf8eca88ecff59c08b3817945465d652eded9c8bb,2025-08-31T10:35:12+00:00,227.0,77,121,80,4.725,-3.1999999999999886,30
fit:55e9390b04a7247293e6139cf8eca88ecff59c08b3817945465d652eded9c8bb,2025-08-31T10:35:13+00:00,228.0,69,121,80,4.773,-3.1999999999999886,30
fit:55e9390b04a7247293e6139cf8eca88ecff59c08b3817945465d652eded9c8bb,2025-08-31T10:35:14+00:00,229.0,100,121,80,4.829,-3.0,30
fit:55e9390b04a7247293e6139cf8eca88ecff59c08b3817945465d652eded9c8bb,2025-08-31T10:35:15+00:00,230.0,92,122,81,4.902,-3.0,30
fit:55e9390b04a7247293e6139cf8eca88ecff59c08b3817945465d652eded9c8bb,2025-08-31T10:35:16+00:00,231.0,88,122,82,4.908,-3.0,30
fit:55e9390b04a7247293e6139cf8eca88ecff59c08b3817945465d652eded9c8bb,2025-08-31T10:35:17+00:00,232.0,88,122,82,4.937,-3.1999999999999886,30
fit:55e9390b04a7247293e6139cf8eca88ecff59c08b3817945465d652eded9c8bb,2025-08-31T10:35:18+00:00,233.0,75,122,85,4.958,-3.0,30
fit:55e9390b04a7247293e6139cf8eca88ecff59c08b3817945465d652eded9c8bb,2025-08-31T10:35:19+00:00,234.0,74,122,86,4.891,-3.0,30
fit:55e9390b04a7247293e6139cf8eca88ecff59c08b3817945465d652eded9c8bb,2025-08-31T10:35:20+00:00,235.0,80,122,86,5.035,-3.0,30
fit:55e9390b04a7247293e6139cf8eca88ecff59c08b3817945465d652eded9c8bb,2025-08-31T10:35:21+00:00,236.0,81,122,87,5.117,-3.1999999999999886,30
fit:55e9390b04a7247293e6139cf8eca88ecff59c08b3817945465d652eded9c8bb,2025-08-31T10:35:22+00:00,237.0,81,122,89,5.193,-3.3999999999999773,30
fit:55e9390b04a7247293e6139cf8eca88ecff59c08b3817945465d652eded9c8bb,2025-08-31T10:35:23+00:00,238.0,76,122,90,5.322,-3.3999999999999773,30
fit:55e9390b04a7247293e6139cf8eca88ecff59c08b3817945465d652eded9c8bb,2025-08-31T10:35:24+00:00,239.0,63,122,91,5.386,-3.3999999999999773,30
fit:55e9390b04a7247293e6139cf8eca88ecff59c08b3817945465d652eded9c8bb,2025-08-31T10:35:25+00:00,240.0,63,122,91,5.419,-3.3999999999999773,30
fit:55e9390b04a7247293e6139cf8eca88ecff59c08b3817945465d652eded9c8bb,2025-08-31T10:35:26+00:00,241.0,66,122,91,5.475,-3.1999999999999886,30
fit:55e9390b04a7247293e6139cf8eca88ecff59c08b3817945465d652eded9c8bb,2025-08-31T10:35:27+00:00,242.0,24,122,91,5.544,-3.1999999999999886,30
fit:55e9390b04a7247293e6139cf8eca88ecff59c08b3817945465d652eded9c8bb,2025-08-31T10:35:28+00:00,243.0,24,122,73,5.432,-3.1999999999999886,30
fit:55e9390b04a7247293e6139cf8eca88ecff59c08b3817945465d652eded9c8bb,2025-08-31T10:35:29+00:00,244.0,63,122,89,5.439,-3.1999999999999886,30
fit:55e9390b04a7247293e6139cf8eca88ecff59c08b3817945465d652eded9c8bb,2025-08-31T10:35:30+00:00,245.0,61,122,88,5.365,-3.3999999999999773,30
fit:55e9390b04a7247293e6139cf8eca88ecff59c08b3817945465d652eded9c8bb,2025-08-31T10:35:31+00:00,246.0,62,122,88,5.303,-3.3999999999999773,30
fit:55e9390b04a7247293e6139cf8eca88ecff59c08b3817945465d652eded9c8bb,2025-08-31T10:35:32+00:00,247.0,58,122,88,5.327,-3.3999999999999773,30
fit:55e9390b04a7247293e6139cf8eca88ecff59c08b3817945465d652eded9c8bb,2025-08-31T10:35:33+00:00,248.0,49,122,89,5.339,-3.1999999999999886,30
fit:55e9390b04a7247293e6139cf8eca88ecff59c08b3817945465d652eded9c8bb,2025-08-31T10:35:34+00:00,249.0,60,121,89,5.339,-3.1999999999999886,30
fit:55e9390b04a7247293e6139cf8eca88ecff59c08b3817945465d652eded9c8bb,2025-08-31T10:35:35+00:00,250.0,73,121,89,5.309,-3.1999999999999886,30
fit:55e9390b04a7247293e6139cf8eca88ecff59c08b3817945465d652eded9c8bb,2025-08-31T10:35:36+00:00,251.0,78,121,88,5.275,-3.1999999999999886,30
fit:55e9390b04a7247293e6139cf8eca88ecff59c08b3817945465d652eded9c8bb,2025-08-31T10:35:37+00:00,252.0,90,120,89,5.306,-3.6000000000000227,30
fit:55e9390b04a7247293e6139cf8eca88ecff59c08b3817945465d652eded9c8bb,2025-08-31T10:35:38+00:00,253.0,90,120,89,5.255,-3.3999999999999773,30
fit:55e9390b04a7247293e6139cf8eca88ecff59c08b3817945465d652eded9c8bb,2025-08-31T10:35:39+00:00,254.0,41,120,88,5.285,-3.3999999999999773,30
fit:55e9390b04a7247293e6139cf8eca88ecff59c08b3817945465d652eded9c8bb,2025-08-31T10:35:40+00:00,255.0,59,120,88,5.214,-3.3999999999999773,30
fit:55e9390b04a7247293e6139cf8eca88ecff59c08b3817945465d652eded9c8bb,2025-08-31T10:35:41+00:00,256.0,37,119,85,5.24,-3.3999999999999773,30
fit:55e9390b04a7247293e6139cf8eca88ecff59c08b3817945465d652eded9c8bb,2025-08-31T10:35:42+00:00,257.0,38,118,85,5.286,-3.6000000000000227,30
fit:55e9390b04a7247293e6139cf8eca88ecff59c08b3817945465d652eded9c8bb,2025-08-31T10:35:43+00:00,258.0,11,118,63,5.202,-3.6000000000000227,30
fit:55e9390b04a7247293e6139cf8eca88ecff59c08b3817945465d652eded9c8bb,2025-08-31T10:35:44+00:00,259.0,36,118,80,5.164,-3.6000000000000227,30
fit:55e9390b04a7247293e6139cf8eca88ecff59c08b3817945465d652eded9c8bb,2025-08-31T10:35:45+00:00,260.0,57,117,84,5.091,-3.1999999999999886,30
fit:55e9390b04a7247293e6139cf8eca88ecff59c08b3817945465d652eded9c8bb,2025-08-31T10:35:46+00:00,261.0,35,117,85,5.166,-2.8000000000000114,30
fit:55e9390b04a7247293e6139cf8eca88ecff59c08b3817945465d652eded9c8bb,2025-08-31T10:35:47+00:00,262.0,37,117,86,5.25,-2.8000000000000114,30
fit:55e9390b04a7247293e6139cf8eca88ecff59c08b3817945465d652eded9c8bb,2025-08-31T10:35:48+00:00,263.0,65,116,85,5.154,-2.8000000000000114,30
fit:55e9390b04a7247293e6139cf8eca88ecff59c08b3817945465d652eded9c8bb,2025-08-31T10:35:49+00:00,264.0,69,116,84,5.117,-3.6000000000000227,30
fit:55e9390b04a7247293e6139cf8eca88ecff59c08b3817945465d652eded9c8bb,2025-08-31T10:35:50+00:00,265.0,53,115,83,5.085,-3.1999999999999886,30
fit:55e9390b04a7247293e6139cf8eca88ecff59c08b3817945465d652eded9c8bb,2025-08-31T10:35:51+00:00,266.0,50,115,84,5.085,-3.1999999999999886,30
fit:55e9390b04a7247293e6139cf8eca88ecff59c08b3817945465d652eded9c8bb,2025-08-31T10:35:52+00:00,267.0,49,115,84,5.128,-3.1999999999999886,30
fit:55e9390b04a7247293e6139cf8eca88ecff59c08b3817945465d652eded9c8bb,2025-08-31T10:35:53+00:00,268.0,49,115,83,5.135,-3.3999999999999773,30
fit:55e9390b04a7247293e6139cf8eca88ecff59c08b3817945465d652eded9c8bb,2025-08-31T10:35:54+00:00,269.0,63,114,83,5.112,-3.6000000000000227,30
fit:55e9390b04a7247293e6139cf8eca88ecff59c08b3817945465d652eded9c8bb,2025-08-31T10:35:55+00:00,270.0,72,114,84,5.062,-3.6000000000000227,30
fit:55e9390b04a7247293e6139cf8eca88ecff59c08b3817945465d652eded9c8bb,2025-08-31T10:35:56+00:00,271.0,73,113,84,5.043,-3.6000000000000227,30
fit:55e9390b04a7247293e6139cf8eca88ecff59c08b3817945465d652eded9c8bb,2025-08-31T10:35:57+00:00,272.0,68,113,85,5.08,-3.1999999999999886,30
fit:55e9390b04a7247293e6139cf8eca88ecff59c08b3817945465d652eded9c8bb,2025-08-31T10:35:58+00:00,273.0,68,113,85,5.099,-3.3999999999999773,30
fit:55e9390b04a7247293e6139cf8eca88ecff59c08b3817945465d652eded9c8bb,2025-08-31T10:35:59+00:00,274.0,68,113,85,5.097,-3.3999999999999773,30
fit:55e9390b04a7247293e6139cf8eca88ecff59c08b3817945465d652eded9c8bb,2025-08-31T10:36:00+00:00,275.0,68,114,85,4.592,-3.3999999999999773,30
fit:55e9390b04a7247293e6139cf8eca88ecff59c08b3817945465d652eded9c8bb,2025-08-31T10:36:01+00:00,276.0,66,114,84,4.763,-3.3999999999999773,30
fit:55e9390b04a7247293e6139cf8eca88ecff59c08b3817945465d652eded9c8bb,2025-08-31T10:36:02+00:00,277.0,90,114,80,4.752,-3.6000000000000227,30
fit:55e9390b04a7247293e6139cf8eca88ecff59c08b3817945465d652eded9c8bb,2025-08-31T10:36:03+00:00,278.0,91,114,79,4.854,-3.6000000000000227,30
fit:55e9390b04a7247293e6139cf8eca88ecff59c08b3817945465d652eded9c8bb,2025-08-31T10:36:04+00:00,279.0,80,114,81,4.835,-3.6000000000000227,30
fit:55e9390b04a7247293e6139cf8eca88ecff59c08b3817945465d652eded9c8bb,2025-08-31T10:36:05+00:00,280.0,86,113,81,4.921,-3.6000000000000227,30
fit:55e9390b04a7247293e6139cf8eca88ecff59c08b3817945465d652eded9c8bb,2025-08-31T10:36:06+00:00,281.0,78,113,81,4.946,-4.199999999999989,30
fit:55e9390b04a7247293e6139cf8eca88ecff59c08b3817945465d652eded9c8bb,2025-08-31T10:36:07+00:00,282.0,72,111,81,4.863,-4.199999999999989,30
fit:55e9390b04a7247293e6139cf8eca88ecff59c08b3817945465d652eded9c8bb,2025-08-31T10:36:08+00:00,283.0,73,111,81,4.852,-4.199999999999989,30
fit:55e9390b04a7247293e6139cf8eca88ecff59c08b3817945465d652eded9c8bb,2025-08-31T10:36:09+00:00,284.0,63,111,82,4.904,-4.0,30
fit:55e9390b04a7247293e6139cf8eca88ecff59c08b3817945465d652eded9c8bb,2025-08-31T10:36:10+00:00,285.0,70,112,82,4.972,-3.0,30
fit:55e9390b04a7247293e6139cf8eca88ecff59c08b3817945465d652eded9c8bb,2025-08-31T10:36:11+00:00,286.0,66,113,83,4.975,-3.0,30
fit:55e9390b04a7247293e6139cf8eca88ecff59c08b3817945465d652eded9c8bb,2025-08-31T10:36:12+00:00,287.0,75,114,83,4.993,-3.0,30
fit:55e9390b04a7247293e6139cf8eca88ecff59c08b3817945465d652eded9c8bb,2025-08-31T10:36:13+00:00,288.0,87,115,84,5.031,-3.8000000000000114,30
fit:55e9390b04a7247293e6139cf8eca88ecff59c08b3817945465d652eded9c8bb,2025-08-31T10:36:14+00:00,289.0,92,115,84,5.11,-3.3999999999999773,30
fit:55e9390b04a7247293e6139cf8eca88ecff59c08b3817945465d652eded9c8bb,2025-08-31T10:36:15+00:00,290.0,85,115,84,5.147,-3.3999999999999773,30
fit:55e9390b04a7247293e6139cf8eca88ecff59c08b3817945465d652eded9c8bb,2025-08-31T10:36:16+00:00,291.0,85,115,85,5.167,-3.3999999999999773,30
fit:55e9390b04a7247293e6139cf8eca88ecff59c08b3817945465d652eded9c8bb,2025-08-31T10:36:17+00:00,292.0,72,115,86,5.167,-4.0,30
fit:55e9390b04a7247293e6139cf8eca88ecff59c08b3817945465d652eded9c8bb,2025-08-31T10:36:18+00:00,293.0,83,115,86,5.187,-3.3999999999999773,30
fit:55e9390b04a7247293e6139cf8eca88ecff59c08b3817945465d652eded9c8bb,2025-08-31T10:36:19+00:00,294.0,87,115,86,5.174,-3.3999999999999773,30
fit:55e9390b04a7247293e6139cf8eca88ecff59c08b3817945465d652eded9c8bb,2025-08-31T10:36:20+00:00,295.0,85,115,86,5.178,-3.3999999999999773,30
fit:55e9390b04a7247293e6139cf8eca88ecff59c08b3817945465d652eded9c8bb,2025-08-31T10:36:21+00:00,296.0,76,115,87,5.277,-3.3999999999999773,30
fit:55e9390b04a7247293e6139cf8eca88ecff59c08b3817945465d652eded9c8bb,2025-08-31T10:36:22+00:00,297.0,59,116,86,5.284,-3.8000000000000114,30
fit:55e9390b04a7247293e6139cf8eca88ecff59c08b3817945465d652eded9c8bb,2025-08-31T10:36:23+00:00,298.0,61,116,86,5.256,-3.8000000000000114,30
fit:55e9390b04a7247293e6139cf8eca88ecff59c08b3817945465d652eded9c8bb,2025-08-31T10:36:24+00:00,299.0,52,116,85,5.197,-3.8000000000000114,30
fit:55e9390b04a7247293e6139cf8eca88ecff59c08b3817945465d652eded9c8bb,2025-08-31T10:36:25+00:00,300.0,56,116,86,5.111,-3.8000000000000114,30
fit:55e9390b04a7247293e6139cf8eca88ecff59c08b3817945465d652eded9c8bb,2025-08-31T10:36:26+00:00,301.0,70,116,85,5.097,-3.6000000000000227,30
fit:55e9390b04a7247293e6139cf8eca88ecff59c08b3817945465d652eded9c8bb,2025-08-31T10:36:27+00:00,302.0,68,116,86,5.051,-3.6000000000000227,30
fit:55e9390b04a7247293e6139cf8eca88ecff59c08b3817945465d652eded9c8bb,2025-08-31T10:36:28+00:00,303.0,68,116,86,5.067,-3.6000000000000227,30
fit:55e9390b04a7247293e6139cf8eca88ecff59c08b3817945465d652eded9c8bb,2025-08-31T10:36:29+00:00,304.0,69,115,85,5.088,-3.6000000000000227,30
fit:55e9390b04a7247293e6139cf8eca88ecff59c08b3817945465d652eded9c8bb,2025-08-31T10:36:30+00:00,305.0,71,115,86,5.164,-3.1999999999999886,30
fit:55e9390b04a7247293e6139cf8eca88ecff59c08b3817945465d652eded9c8bb,2025-08-31T10:36:31+00:00,306.0,63,115,86,5.285,-3.1999999999999886,30
fit:55e9390b04a7247293e6139cf8eca88ecff59c08b3817945465d652eded9c8bb,2025-08-31T10:36:32+00:00,307.0,76,115,86,5.281,-3.1999999999999886,30
fit:55e9390b04a7247293e6139cf8eca88ecff59c08b3817945465d652eded9c8bb,2025-08-31T10:36:33+00:00,308.0,77,114,86,5.131,-4.0,30
fit:55e9390b04a7247293e6139cf8eca88ecff59c08b3817945465d652eded9c8bb,2025-08-31T10:36:34+00:00,309.0,61,114,86,5.046,-3.0,30
fit:55e9390b04a7247293e6139cf8eca88ecff59c08b3817945465d652eded9c8bb,2025-08-31T10:36:35+00:00,310.0,59,114,86,4.823,-3.0,30
fit:55e9390b04a7247293e6139cf8eca88ecff59c08b3817945465d652eded9c8bb,2025-08-31T10:36:36+00:00,311.0,73,114,85,4.765,-3.0,30
fit:55e9390b04a7247293e6139cf8eca88ecff59c08b3817945465d652eded9c8bb,2025-08-31T10:36:37+00:00,312.0,73,114,85,4.834,-4.0,30
fit:55e9390b04a7247293e6139cf8eca88ecff59c08b3817945465d652eded9c8bb,2025-08-31T10:36:38+00:00,313.0,79,114,85,5.056,-3.6000000000000227,30
fit:55e9390b04a7247293e6139cf8eca88ecff59c08b3817945465d652eded9c8bb,2025-08-31T10:36:39+00:00,314.0,75,115,86,5.151,-3.6000000000000227,30
fit:55e9390b04a7247293e6139cf8eca88ecff59c08b3817945465d652eded9c8bb,2025-08-31T10:36:40+00:00,315.0,77,115,85,5.194,-3.6000000000000227,30
fit:55e9390b04a7247293e6139cf8eca88ecff59c08b3817945465d652eded9c8bb,2025-08-31T10:36:41+00:00,316.0,77,115,85,5.156,-3.6000000000000227,30
fit:55e9390b04a7247293e6139cf8eca88ecff59c08b3817945465d652eded9c8bb,2025-08-31T10:36:42+00:00,317.0,88,115,85,5.135,-3.1999999999999886,30
fit:55e9390b04a7247293e6139cf8eca88ecff59c08b3817945465d652eded9c8bb,2025-08-31T10:36:43+00:00,318.0,58,115,85,5.131,-3.1999999999999886,30
fit:55e9390b04a7247293e6139cf8eca88ecff59c08b3817945465d652eded9c8bb,2025-08-31T10:36:44+00:00,319.0,69,116,85,5.124,-3.1999999999999886,30
fit:55e9390b04a7247293e6139cf8eca88ecff59c08b3817945465d652eded9c8bb,2025-08-31T10:36:45+00:00,320.0,67,116,85,5.099,-3.1999999999999886,30
fit:55e9390b04a7247293e6139cf8eca88ecff59c08b3817945465d652eded9c8bb,2025-08-31T10:36:46+00:00,321.0,69,116,85,5.133,-3.1999999999999886,30
fit:55e9390b04a7247293e6139cf8eca88ecff59c08b3817945465d652eded9c8bb,2025-08-31T10:36:47+00:00,322.0,60,116,85,5.187,-3.1999999999999886,30
fit:55e9390b04a7247293e6139cf8eca88ecff59c08b3817945465d652eded9c8bb,2025-08-31T10:36:48+00:00,323.0,60,117,85,5.098,-3.1999999999999886,30
fit:55e9390b04a7247293e6139cf8eca88ecff59c08b3817945465d652eded9c8bb,2025-08-31T10:36:49+00:00,324.0,56,117,85,5.083,-3.1999999999999886,30
fit:55e9390b04a7247293e6139cf8eca88ecff59c08b3817945465d652eded9c8bb,2025-08-31T10:36:50+00:00,325.0,81,118,85,4.998,-3.0,30
fit:55e9390b04a7247293e6139cf8eca88ecff59c08b3817945465d652eded9c8bb,2025-08-31T10:36:51+00:00,326.0,70,118,87,5.034,-3.0,30
fit:55e9390b04a7247293e6139cf8eca88ecff59c08b3817945465d652eded9c8bb,2025-08-31T10:36:52+00:00,327.0,77,118,87,5.122,-3.0,30
fit:55e9390b04a7247293e6139cf8eca88ecff59c08b3817945465d652eded9c8bb,2025-08-31T10:36:53+00:00,328.0,62,118,88,5.246,-3.0,30
fit:55e9390b04a7247293e6139cf8eca88ecff59c08b3817945465d652eded9c8bb,2025-08-31T10:36:54+00:00,329.0,62,118,86,5.246,-3.0,30
fit:55e9390b04a7247293e6139cf8eca88ecff59c08b3817945465d652eded9c8bb,2025-08-31T10:36:55+00:00,330.0,50,118,87,5.238,-3.0,30
fit:55e9390b04a7247293e6139cf8eca88ecff59c08b3817945465d652eded9c8bb,2025-08-31T10:36:56+00:00,331.0,72,117,87,5.273,-3.0,30
fit:55e9390b04a7247293e6139cf8eca88ecff59c08b3817945465d652eded9c8bb,2025-08-31T10:36:57+00:00,332.0,84,117,86,5.248,-3.0,30
fit:55e9390b04a7247293e6139cf8eca88ecff59c08b3817945465d652eded9c8bb,2025-08-31T10:36:58+00:00,333.0,76,117,88,5.343,-3.1999999999999886,30
fit:55e9390b04a7247293e6139cf8eca88ecff59c08b3817945465d652eded9c8bb,2025-08-31T10:36:59+00:00,334.0,80,117,89,5.363,-3.1999999999999886,30
fit:55e9390b04a7247293e6139cf8eca88ecff59c08b3817945465d652eded9c8bb,2025-08-31T10:37:00+00:00,335.0,84,118,90,5.376,-3.1999999999999886,30
fit:55e9390b04a7247293e6139cf8eca88ecff59c08b3817945465d652eded9c8bb,2025-08-31T10:37:01+00:00,336.0,77,118,89,5.385,-3.1999999999999886,30
fit:55e9390b04a7247293e6139cf8eca88ecff59c08b3817945465d652eded9c8bb,2025-08-31T10:37:02+00:00,337.0,88,118,89,5.358,-3.0,30
fit:55e9390b04a7247293e6139cf8eca88ecff59c08b3817945465d652eded9c8bb,2025-08-31T10:37:03+00:00,338.0,88,117,89,5.415,-3.0,30
fit:55e9390b04a7247293e6139cf8eca88ecff59c08b3817945465d652eded9c8bb,2025-08-31T10:37:04+00:00,339.0,67,117,89,5.378,-3.0,30
fit:55e9390b04a7247293e6139cf8eca88ecff59c08b3817945465d652eded9c8bb,2025-08-31T10:37:05+00:00,340.0,67,117,89,5.388,-3.0,30
fit:55e9390b04a7247293e6139cf8eca88ecff59c08b3817945465d652eded9c8bb,2025-08-31T10:37:06+00:00,341.0,67,117,89,5.335,-3.0,30
fit:55e9390b04a7247293e6139cf8eca88ecff59c08b3817945465d652eded9c8bb,2025-08-31T10:37:07+00:00,342.0,65,117,88,4.932,-3.0,30
fit:55e9390b04a7247293e6139cf8eca88ecff59c08b3817945465d652eded9c8bb,2025-08-31T10:37:08+00:00,343.0,60,116,84,4.923,-3.0,30
fit:55e9390b04a7247293e6139cf8eca88ecff59c08b3817945465d652eded9c8bb,2025-08-31T10:37:09+00:00,344.0,104,116,85,5.099,-3.0,30
fit:55e9390b04a7247293e6139cf8eca88ecff59c08b3817945465d652eded9c8bb,2025-08-31T10:37:10+00:00,345.0,108,117,88,5.208,-3.1999999999999886,30
fit:55e9390b04a7247293e6139cf8eca88ecff59c08b3817945465d652eded9c8bb,2025-08-31T10:37:11+00:00,346.0,83,117,91,5.318,-3.1999999999999886,30
fit:55e9390b04a7247293e6139cf8eca88ecff59c08b3817945465d652eded9c8bb,2025-08-31T10:37:12+00:00,347.0,83,117,91,5.348,-3.1999999999999886,30
fit:55e9390b04a7247293e6139cf8eca88ecff59c08b3817945465d652eded9c8bb,2025-08-31T10:37:13+00:00,348.0,82,117,92,5.375,-3.0,30
fit:55e9390b04a7247293e6139cf8eca88ecff59c08b3817945465d652eded9c8bb,2025-08-31T10:37:14+00:00,349.0,80,118,92,5.419,-2.8000000000000114,30
fit:55e9390b04a7247293e6139cf8eca88ecff59c08b3817945465d652eded9c8bb,2025-08-31T10:37:15+00:00,350.0,78,118,90,5.388,-2.8000000000000114,30
fit:55e9390b04a7247293e6139cf8eca88ecff59c08b3817945465d652eded9c8bb,2025-08-31T10:37:16+00:00,351.0,60,118,83,5.463,-2.8000000000000114,30
fit:55e9390b04a7247293e6139cf8eca88ecff59c08b3817945465d652eded9c8bb,2025-08-31T10:37:17+00:00,352.0,50,118,83,5.464,-2.8000000000000114,30
fit:55e9390b04a7247293e6139cf8eca88ecff59c08b3817945465d652eded9c8bb,2025-08-31T10:37:18+00:00,353.0,84,118,91,5.465,-2.0,30
fit:55e9390b04a7247293e6139cf8eca88ecff59c08b3817945465d652eded9c8bb,2025-08-31T10:37:19+00:00,354.0,78,118,91,5.376,-2.0,30
fit:55e9390b04a7247293e6139cf8eca88ecff59c08b3817945465d652eded9c8bb,2025-08-31T10:37:20+00:00,355.0,50,118,92,5.416,-2.0,30
fit:55e9390b04a7247293e6139cf8eca88ecff59c08b3817945465d652eded9c8bb,2025-08-31T10:37:21+00:00,356.0,74,117,92,5.412,-2.8000000000000114,30
fit:55e9390b04a7247293e6139cf8eca88ecff59c08b3817945465d652eded9c8bb,2025-08-31T10:37:22+00:00,357.0,76,116,91,5.455,-3.0,30
fit:55e9390b04a7247293e6139cf8eca88ecff59c08b3817945465d652eded9c8bb,2025-08-31T10:37:23+00:00,358.0,63,116,91,5.381,-3.0,30
fit:55e9390b04a7247293e6139cf8eca88ecff59c08b3817945465d652eded9c8bb,2025-08-31T10:37:24+00:00,359.0,58,115,90,5.424,-3.0,30
fit:55e9390b04a7247293e6139cf8eca88ecff59c08b3817945465d652eded9c8bb,2025-08-31T10:37:25+00:00,360.0,71,115,91,5.442,-3.0,30
fit:55e9390b04a7247293e6139cf8eca88ecff59c08b3817945465d652eded9c8bb,2025-08-31T10:37:26+00:00,361.0,61,115,92,5.402,-2.8000000000000114,30
fit:55e9390b04a7247293e6139cf8eca88ecff59c08b3817945465d652eded9c8bb,2025-08-31T10:37:27+00:00,362.0,69,115,92,5.36,-2.8000000000000114,30
fit:55e9390b04a7247293e6139cf8eca88ecff59c08b3817945465d652eded9c8bb,2025-08-31T10:37:28+00:00,363.0,62,115,92,5.311,-2.8000000000000114,30
fit:55e9390b04a7247293e6139cf8eca88ecff59c08b3817945465d652eded9c8bb,2025-08-31T10:37:29+00:00,364.0,67,116,92,5.324,-3.0,30
fit:55e9390b04a7247293e6139cf8eca88ecff59c08b3817945465d652eded9c8bb,2025-08-31T10:37:30+00:00,365.0,67,117,92,5.43,-2.8000000000000114,30
fit:55e9390b04a7247293e6139cf8eca88ecff59c08b3817945465d652eded9c8bb,2025-08-31T10:37:31+00:00,366.0,67,117,92,5.54,-2.8000000000000114,30
fit:55e9390b04a7247293e6139cf8eca88ecff59c08b3817945465d652eded9c8bb,2025-08-31T10:37:32+00:00,367.0,65,117,91,5.468,-2.8000000000000114,30
fit:55e9390b04a7247293e6139cf8eca88ecff59c08b3817945465d652eded9c8bb,2025-08-31T10:37:33+00:00,368.0,59,118,86,5.325,-2.8000000000000114,30
fit:55e9390b04a7247293e6139cf8eca88ecff59c08b3817945465d652eded9c8bb,2025-08-31T10:37:34+00:00,369.0,0,118,0,5.26,-2.6000000000000227,30
fit:55e9390b04a7247293e6139cf8eca88ecff59c08b3817945465d652eded9c8bb,2025-08-31T10:37:35+00:00,370.0,0,118,0,5.163,-2.6000000000000227,30
fit:55e9390b04a7247293e6139cf8eca88ecff59c08b3817945465d652eded9c8bb,2025-08-31T10:37:36+00:00,371.0,0,118,0,5.067,-2.6000000000000227,30
fit:55e9390b04a7247293e6139cf8eca88ecff59c08b3817945465d652eded9c8bb,2025-08-31T10:37:37+00:00,372.0,0,119,0,4.886,-2.6000000000000227,30
fit:55e9390b04a7247293e6139cf8eca88ecff59c08b3817945465d652eded9c8bb,2025-08-31T10:37:38+00:00,373.0,12,119,31,4.842,-2.8000000000000114,30
fit:55e9390b04a7247293e6139cf8eca88ecff59c08b3817945465d652eded9c8bb,2025-08-31T10:37:39+00:00,374.0,67,118,79,4.843,-2.8000000000000114,30
fit:55e9390b04a7247293e6139cf8eca88ecff59c08b3817945465d652eded9c8bb,2025-08-31T10:37:40+00:00,375.0,67,118,79,4.783,-2.8000000000000114,30
fit:55e9390b04a7247293e6139cf8eca88ecff59c08b3817945465d652eded9c8bb,2025-08-31T10:37:41+00:00,376.0,67,117,79,4.715,-2.8000000000000114,30
fit:55e9390b04a7247293e6139cf8eca88ecff59c08b3817945465d652eded9c8bb,2025-08-31T10:37:42+00:00,377.0,67,117,79,4.604,-3.0,30
fit:55e9390b04a7247293e6139cf8eca88ecff59c08b3817945465d652eded9c8bb,2025-08-31T10:37:43+00:00,378.0,133,117,79,4.664,-3.0,30
fit:55e9390b04a7247293e6139cf8eca88ecff59c08b3817945465d652eded9c8bb,2025-08-31T10:37:44+00:00,379.0,176,117,80,4.682,-3.0,30
fit:55e9390b04a7247293e6139cf8eca88ecff59c08b3817945465d652eded9c8bb,2025-08-31T10:37:45+00:00,380.0,68,117,84,4.921,-3.6000000000000227,30
fit:55e9390b04a7247293e6139cf8eca88ecff59c08b3817945465d652eded9c8bb,2025-08-31T10:37:46+00:00,381.0,77,117,85,5.04,-3.3999999999999773,30
fit:55e9390b04a7247293e6139cf8eca88ecff59c08b3817945465d652eded9c8bb,2025-08-31T10:37:47+00:00,382.0,85,118,85,5.103,-3.3999999999999773,30
fit:55e9390b04a7247293e6139cf8eca88ecff59c08b3817945465d652eded9c8bb,2025-08-31T10:37:48+00:00,383.0,66,118,85,5.077,-3.3999999999999773,30
fit:55e9390b04a7247293e6139cf8eca88ecff59c08b3817945465d652eded9c8bb,2025-08-31T10:37:49+00:00,384.0,15,118,26,4.947,-2.6000000000000227,30
fit:55e9390b04a7247293e6139cf8eca88ecff59c08b3817945465d652eded9c8bb,2025-08-31T10:37:50+00:00,385.0,90,118,84,4.87,-2.8000000000000114,30
fit:55e9390b04a7247293e6139cf8eca88ecff59c08b3817945465d652eded9c8bb,2025-08-31T10:37:51+00:00,386.0,91,118,85,4.884,-2.8000000000000114,30
fit:55e9390b04a7247293e6139cf8eca88ecff59c08b3817945465d652eded9c8bb,2025-08-31T10:37:52+00:00,387.0,73,117,86,4.943,-2.8000000000000114,30
fit:55e9390b04a7247293e6139cf8eca88ecff59c08b3817945465d652eded9c8bb,2025-08-31T10:37:53+00:00,388.0,80,117,86,5.065,-2.8000000000000114,30
fit:55e9390b04a7247293e6139cf8eca88ecff59c08b3817945465d652eded9c8bb,2025-08-31T10:37:54+00:00,389.0,41,116,88,5.158,-2.6000000000000227,30
fit:55e9390b04a7247293e6139cf8eca88ecff59c08b3817945465d652eded9c8bb,2025-08-31T10:37:55+00:00,390.0,40,116,88,5.25,-2.6000000000000227,30
fit:55e9390b04a7247293e6139cf8eca88ecff59c08b3817945465d652eded9c8bb,2025-08-31T10:37:56+00:00,391.0,40,115,88,5.206,-2.6000000000000227,30
fit:55e9390b04a7247293e6139cf8eca88ecff59c08b3817945465d652eded9c8bb,2025-08-31T10:37:57+00:00,392.0,40,115,88,5.23,-2.6000000000000227,30
fit:55e9390b04a7247293e6139cf8eca88ecff59c08b3817945465d652eded9c8bb,2025-08-31T10:37:58+00:00,393.0,0,115,0,5.183,-2.8000000000000114,30
fit:55e9390b04a7247293e6139cf8eca88ecff59c08b3817945465d652eded9c8bb,2025-08-31T10:37:59+00:00,394.0,0,115,0,5.2,-2.8000000000000114,30
fit:55e9390b04a7247293e6139cf8eca88ecff59c08b3817945465d652eded9c8bb,2025-08-31T10:38:00+00:00,395.0,0,115,0,5.125,-2.8000000000000114,30
fit:55e9390b04a7247293e6139cf8eca88ecff59c08b3817945465d652eded9c8bb,2025-08-31T10:38:01+00:00,396.0,0,117,0,5.062,-2.8000000000000114,30
fit:55e9390b04a7247293e6139cf8eca88ecff59c08b3817945465d652eded9c8bb,2025-08-31T10:38:02+00:00,397.0,0,118,0,4.983,-3.1999999999999886,30
fit:55e9390b04a7247293e6139cf8eca88ecff59c08b3817945465d652eded9c8bb,2025-08-31T10:38:03+00:00,398.0,0,118,0,4.929,-3.1999999999999886,30
fit:55e9390b04a7247293e6139cf8eca88ecff59c08b3817945465d652eded9c8bb,2025-08-31T10:38:04+00:00,399.0,0,119,0,4.715,-3.1999999999999886,30
fit:55e9390b04a7247293e6139cf8eca88ecff59c08b3817945465d652eded9c8bb,2025-08-31T10:38:05+00:00,400.0,0,119,0,4.595,-2.3999999999999773,30
fit:55e9390b04a7247293e6139cf8eca88ecff59c08b3817945465d652eded9c8bb,2025-08-31T10:38:06+00:00,401.0,0,119,0,4.268,-2.6000000000000227,30
fit:55e9390b04a7247293e6139cf8eca88ecff59c08b3817945465d652eded9c8bb,2025-08-31T10:38:07+00:00,402.0,0,118,0,4.141,-2.6000000000000227,30
fit:55e9390b04a7247293e6139cf8eca88ecff59c08b3817945465d652eded9c8bb,2025-08-31T10:38:08+00:00,403.0,0,117,0,3.804,-2.6000000000000227,30
fit:55e9390b04a7247293e6139cf8eca88ecff59c08b3817945465d652eded9c8bb,2025-08-31T10:38:09+00:00,404.0,0,117,0,3.572,-2.6000000000000227,30
fit:55e9390b04a7247293e6139cf8eca88ecff59c08b3817945465d652eded9c8bb,2025-08-31T10:38:10+00:00,405.0,0,116,0,3.237,-2.6000000000000227,30
fit:55e9390b04a7247293e6139cf8eca88ecff59c08b3817945465d652eded9c8bb,2025-08-31T10:38:11+00:00,406.0,140,115,53,3.046,-2.6000000000000227,30
fit:55e9390b04a7247293e6139cf8eca88ecff59c08b3817945465d652eded9c8bb,2025-08-31T10:38:12+00:00,407.0,76,115,58,3.148,-2.6000000000000227,30
fit:55e9390b04a7247293e6139cf8eca88ecff59c08b3817945465d652eded9c8bb,2025-08-31T10:38:13+00:00,408.0,77,114,58,3.248,-2.6000000000000227,30
fit:55e9390b04a7247293e6139cf8eca88ecff59c08b3817945465d652eded9c8bb,2025-08-31T10:38:14+00:00,409.0,57,114,63,3.485,-2.3999999999999773,30
fit:55e9390b04a7247293e6139cf8eca88ecff59c08b3817945465d652eded9c8bb,2025-08-31T10:38:15+00:00,410.0,56,114,63,3.624,-2.3999999999999773,30
fit:55e9390b04a7247293e6139cf8eca88ecff59c08b3817945465d652eded9c8bb,2025-08-31T10:38:16+00:00,411.0,26,113,47,3.788,-2.3999999999999773,30
fit:55e9390b04a7247293e6139cf8eca88ecff59c08b3817945465d652eded9c8bb,2025-08-31T10:38:17+00:00,412.0,26,112,47,3.703,-2.8000000000000114,30
fit:55e9390b04a7247293e6139cf8eca88ecff59c08b3817945465d652eded9c8bb,2025-08-31T10:38:18+00:00,413.0,26,111,47,3.439,-2.8000000000000114,30
fit:55e9390b04a7247293e6139cf8eca88ecff59c08b3817945465d652eded9c8bb,2025-08-31T10:38:19+00:00,414.0,26,111,47,3.041,-2.8000000000000114,30
fit:55e9390b04a7247293e6139cf8eca88ecff59c08b3817945465d652eded9c8bb,2025-08-31T10:38:20+00:00,415.0,24,111,45,2.982,-2.8000000000000114,30
fit:55e9390b04a7247293e6139cf8eca88ecff59c08b3817945465d652eded9c8bb,2025-08-31T10:38:21+00:00,416.0,6,110,0,2.94,-2.6000000000000227,30
fit:55e9390b04a7247293e6139cf8eca88ecff59c08b3817945465d652eded9c8bb,2025-08-31T10:38:22+00:00,417.0,139,110,56,2.776,-2.6000000000000227,30
fit:55e9390b04a7247293e6139cf8eca88ecff59c08b3817945465d652eded9c8bb,2025-08-31T10:38:23+00:00,418.0,140,110,56,3.087,-2.6000000000000227,30
fit:55e9390b04a7247293e6139cf8eca88ecff59c08b3817945465d652eded9c8bb,2025-08-31T10:38:24+00:00,419.0,97,111,67,3.448,-2.6000000000000227,30
fit:55e9390b04a7247293e6139cf8eca88ecff59c08b3817945465d652eded9c8bb,2025-08-31T10:38:25+00:00,420.0,70,111,68,3.738,-3.1999999999999886,30
fit:55e9390b04a7247293e6139cf8eca88ecff59c08b3817945465d652eded9c8bb,2025-08-31T10:38:26+00:00,421.0,81,112,70,4.023,-3.0,30
fit:55e9390b04a7247293e6139cf8eca88ecff59c08b3817945465d652eded9c8bb,2025-08-31T10:38:27+00:00,422.0,107,112,75,4.245,-3.0,30
fit:55e9390b04a7247293e6139cf8eca88ecff59c08b3817945465d652eded9c8bb,2025-08-31T10:38:28+00:00,423.0,82,113,75,4.462,-3.0,30
fit:55e9390b04a7247293e6139cf8eca88ecff59c08b3817945465d652eded9c8bb,2025-08-31T10:38:29+00:00,424.0,82,114,75,4.498,-2.8000000000000114,30
fit:55e9390b04a7247293e6139cf8eca88ecff59c08b3817945465d652eded9c8bb,2025-08-31T10:38:30+00:00,425.0,46,114,24,4.484,-2.6000000000000227,30
fit:55e9390b04a7247293e6139cf8eca88ecff59c08b3817945465d652eded9c8bb,2025-08-31T10:38:31+00:00,426.0,119,114,76,4.565,-2.6000000000000227,30
fit:55e9390b04a7247293e6139cf8eca88ecff59c08b3817945465d652eded9c8bb,2025-08-31T10:38:32+00:00,427.0,75,114,78,4.728,-2.6000000000000227,30
fit:55e9390b04a7247293e6139cf8eca88ecff59c08b3817945465d652eded9c8bb,2025-08-31T10:38:33+00:00,428.0,75,114,78,4.709,-2.8000000000000114,30
fit:55e9390b04a7247293e6139cf8eca88ecff59c08b3817945465d652eded9c8bb,2025-08-31T10:38:34+00:00,429.0,75,115,78,4.663,-2.8000000000000114,30
fit:55e9390b04a7247293e6139cf8eca88ecff59c08b3817945465d652eded9c8bb,2025-08-31T10:38:35+00:00,430.0,75,114,78,4.666,-2.8000000000000114,30
fit:55e9390b04a7247293e6139cf8eca88ecff59c08b3817945465d652eded9c8bb,2025-08-31T10:38:36+00:00,431.0,71,114,75,4.617,-2.8000000000000114,30
fit:55e9390b04a7247293e6139cf8eca88ecff59c08b3817945465d652eded9c8bb,2025-08-31T10:38:37+00:00,432.0,64,114,71,4.491,-2.8000000000000114,30
fit:55e9390b04a7247293e6139cf8eca88ecff59c08b3817945465d652eded9c8bb,2025-08-31T10:38:38+00:00,433.0,0,115,0,4.345,-2.8000000000000114,30
fit:55e9390b04a7247293e6139cf8eca88ecff59c08b3817945465d652eded9c8bb,2025-08-31T10:38:39+00:00,434.0,0,115,0,4.261,-2.8000000000000114,30
fit:55e9390b04a7247293e6139cf8eca88ecff59c08b3817945465d652eded9c8bb,2025-08-31T10:38:40+00:00,435.0,0,116,0,4.289,-2.8000000000000114,30
fit:55e9390b04a7247293e6139cf8eca88ecff59c08b3817945465d652eded9c8bb,2025-08-31T10:38:41+00:00,436.0,116,116,76,4.273,-2.6000000000000227,30
fit:55e9390b04a7247293e6139cf8eca88ecff59c08b3817945465d652eded9c8bb,2025-08-31T10:38:42+00:00,437.0,69,116,76,4.323,-2.8000000000000114,30
fit:55e9390b04a7247293e6139cf8eca88ecff59c08b3817945465d652eded9c8bb,2025-08-31T10:38:43+00:00,438.0,69,116,78,4.334,-2.8000000000000114,30
fit:55e9390b04a7247293e6139cf8eca88ecff59c08b3817945465d652eded9c8bb,2025-08-31T10:38:44+00:00,439.0,53,116,78,4.367,-2.8000000000000114,30
fit:55e9390b04a7247293e6139cf8eca88ecff59c08b3817945465d652eded9c8bb,2025-08-31T10:38:45+00:00,440.0,53,116,78,4.502,-2.8000000000000114,30
fit:55e9390b04a7247293e6139cf8eca88ecff59c08b3817945465d652eded9c8bb,2025-08-31T10:38:46+00:00,441.0,53,116,78,4.534,-1.8000000000000114,30
fit:55e9390b04a7247293e6139cf8eca88ecff59c08b3817945465d652eded9c8bb,2025-08-31T10:38:47+00:00,442.0,4,116,0,4.562,-1.8000000000000114,30
fit:55e9390b04a7247293e6139cf8eca88ecff59c08b3817945465d652eded9c8bb,2025-08-31T10:38:48+00:00,443.0,69,116,76,4.586,-1.8000000000000114,30
fit:55e9390b04a7247293e6139cf8eca88ecff59c08b3817945465d652eded9c8bb,2025-08-31T10:38:49+00:00,444.0,71,116,77,4.698,-2.6000000000000227,30
fit:55e9390b04a7247293e6139cf8eca88ecff59c08b3817945465d652eded9c8bb,2025-08-31T10:38:50+00:00,445.0,89,117,77,4.614,-2.6000000000000227,30
fit:55e9390b04a7247293e6139cf8eca88ecff59c08b3817945465d652eded9c8bb,2025-08-31T10:38:51+00:00,446.0,101,117,77,4.672,-2.6000000000000227,30
fit:55e9390b04a7247293e6139cf8eca88ecff59c08b3817945465d652eded9c8bb,2025-08-31T10:38:52+00:00,447.0,90,118,77,4.706,-2.6000000000000227,30
fit:55e9390b04a7247293e6139cf8eca88ecff59c08b3817945465d652eded9c8bb,2025-08-31T10:38:53+00:00,448.0,91,118,77,4.666,-2.6000000000000227,30
fit:55e9390b04a7247293e6139cf8eca88ecff59c08b3817945465d652eded9c8bb,2025-08-31T10:38:54+00:00,449.0,63,119,76,4.66,-3.6000000000000227,30
fit:55e9390b04a7247293e6139cf8eca88ecff59c08b3817945465d652eded9c8bb,2025-08-31T10:38:55+00:00,450.0,75,119,74,4.384,-3.6000000000000227,30
fit:55e9390b04a7247293e6139cf8eca88ecff59c08b3817945465d652eded9c8bb,2025-08-31T10:38:56+00:00,451.0,57,119,71,4.204,-3.6000000000000227,30
fit:55e9390b04a7247293e6139cf8eca88ecff59c08b3817945465d652eded9c8bb,2025-08-31T10:38:57+00:00,452.0,53,120,71,4.196,-2.6000000000000227,30
fit:55e9390b04a7247293e6139cf8eca88ecff59c08b3817945465d652eded9c8bb,2025-08-31T10:38:58+00:00,453.0,53,120,69,4.213,-1.6000000000000227,30
fit:55e9390b04a7247293e6139cf8eca88ecff59c08b3817945465d652eded9c8bb,2025-08-31T10:38:59+00:00,454.0,105,120,66,4.181,-1.6000000000000227,30
fit:55e9390b04a7247293e6139cf8eca88ecff59c08b3817945465d652eded9c8bb,2025-08-31T10:39:00+00:00,455.0,120,120,66,4.172,-1.6000000000000227,30
fit:55e9390b04a7247293e6139cf8eca88ecff59c08b3817945465d652eded9c8bb,2025-08-31T10:39:01+00:00,456.0,101,120,66,4.08,-1.6000000000000227,30
fit:55e9390b04a7247293e6139cf8eca88ecff59c08b3817945465d652eded9c8bb,2025-08-31T10:39:02+00:00,457.0,77,120,65,3.826,-1.1999999999999886,30
fit:55e9390b04a7247293e6139cf8eca88ecff59c08b3817945465d652eded9c8bb,2025-08-31T10:39:03+00:00,458.0,71,120,64,3.753,-1.1999999999999886,30
fit:55e9390b04a7247293e6139cf8eca88ecff59c08b3817945465d652eded9c8bb,2025-08-31T10:39:04+00:00,459.0,71,119,63,3.693,-1.1999999999999886,30
fit:55e9390b04a7247293e6139cf8eca88ecff59c08b3817945465d652eded9c8bb,2025-08-31T10:39:05+00:00,460.0,112,119,64,3.685,-1.1999999999999886,30
fit:55e9390b04a7247293e6139cf8eca88ecff59c08b3817945465d652eded9c8bb,2025-08-31T10:39:06+00:00,461.0,22,119,45,3.641,-1.6000000000000227,30
fit:55e9390b04a7247293e6139cf8eca88ecff59c08b3817945465d652eded9c8bb,2025-08-31T10:39:07+00:00,462.0,22,119,45,3.522,-1.6000000000000227,30
fit:55e9390b04a7247293e6139cf8eca88ecff59c08b3817945465d652eded9c8bb,2025-08-31T10:39:08+00:00,463.0,22,118,45,3.341,-1.6000000000000227,30
fit:55e9390b04a7247293e6139cf8eca88ecff59c08b3817945465d652eded9c8bb,2025-08-31T10:39:09+00:00,464.0,0,117,0,3.185,-0.6000000000000227,30
fit:55e9390b04a7247293e6139cf8eca88ecff59c08b3817945465d652eded9c8bb,2025-08-31T10:39:10+00:00,465.0,0,117,0,2.863,-0.8000000000000114,30
fit:55e9390b04a7247293e6139cf8eca88ecff59c08b3817945465d652eded9c8bb,2025-08-31T10:39:11+00:00,466.0,0,116,0,2.604,-0.8000000000000114,30
fit:55e9390b04a7247293e6139cf8eca88ecff59c08b3817945465d652eded9c8bb,2025-08-31T10:39:12+00:00,467.0,0,116,0,2.412,-0.8000000000000114,30
fit:55e9390b04a7247293e6139cf8eca88ecff59c08b3817945465d652eded9c8bb,2025-08-31T10:39:13+00:00,468.0,29,115,0,1.883,-0.8000000000000114,30
fit:55e9390b04a7247293e6139cf8eca88ecff59c08b3817945465d652eded9c8bb,2025-08-31T10:39:14+00:00,469.0,29,115,28,1.847,-0.8000000000000114,30
fit:55e9390b04a7247293e6139cf8eca88ecff59c08b3817945465d652eded9c8bb,2025-08-31T10:39:15+00:00,470.0,34,115,25,1.714,-0.8000000000000114,30
fit:55e9390b04a7247293e6139cf8eca88ecff59c08b3817945465d652eded9c8bb,2025-08-31T10:39:16+00:00,471.0,34,115,25,1.751,-0.8000000000000114,30
fit:55e9390b04a7247293e6139cf8eca88ecff59c08b3817945465d652eded9c8bb,2025-08-31T10:39:17+00:00,472.0,70,115,33,1.681,0.0,30
fit:55e9390b04a7247293e6139cf8eca88ecff59c08b3817945465d652eded9c8bb,2025-08-31T10:39:18+00:00,473.0,70,115,33,1.76,-0.8000000000000114,30
fit:55e9390b04a7247293e6139cf8eca88ecff59c08b3817945465d652eded9c8bb,2025-08-31T10:39:19+00:00,474.0,70,115,33,1.675,-0.8000000000000114,30
fit:55e9390b04a7247293e6139cf8eca88ecff59c08b3817945465d652eded9c8bb,2025-08-31T10:39:20+00:00,475.0,70,115,33,1.161,-0.8000000000000114,30
fit:55e9390b04a7247293e6139cf8eca88ecff59c08b3817945465d652eded9c8bb,2025-08-31T10:39:21+00:00,476.0,67,115,32,0.0,0.0,30
fit:55e9390b04a7247293e6139cf8eca88ecff59c08b3817945465d652eded9c8bb,2025-08-31T10:39:22+00:00,477.0,60,115,30,0.0,0.0,30
fit:55e9390b04a7247293e6139cf8eca88ecff59c08b3817945465d652eded9c8bb,2025-08-31T10:40:37+00:00,552.0,54,110,0,1.099,-0.6000000000000227,29
fit:55e9390b04a7247293e6139cf8eca88ecff59c08b3817945465d652eded9c8bb,2025-08-31T10:40:38+00:00,553.0,0,109,0,1.285,-0.6000000000000227,29
fit:55e9390b04a7247293e6139cf8eca88ecff59c08b3817945465d652eded9c8bb,2025-08-31T10:40:39+00:00,554.0,0,109,0,1.401,-0.6000000000000227,29
fit:55e9390b04a7247293e6139cf8eca88ecff59c08b3817945465d652eded9c8bb,2025-08-31T10:40:40+00:00,555.0,0,109,0,1.494,-0.6000000000000227,29
fit:55e9390b04a7247293e6139cf8eca88ecff59c08b3817945465d652eded9c8bb,2025-08-31T10:40:41+00:00,556.0,0,109,0,1.155,-0.6000000000000227,29
fit:55e9390b04a7247293e6139cf8eca88ecff59c08b3817945465d652eded9c8bb,2025-08-31T10:40:42+00:00,557.0,0,110,0,1.28,-0.6000000000000227,29
fit:55e9390b04a7247293e6139cf8eca88ecff59c08b3817945465d652eded9c8bb,2025-08-31T10:40:43+00:00,558.0,0,110,0,1.39,-1.0,29
fit:55e9390b04a7247293e6139cf8eca88ecff59c08b3817945465d652eded9c8bb,2025-08-31T10:40:44+00:00,559.0,92,110,0,1.512,-1.0,29
fit:55e9390b04a7247293e6139cf8eca88ecff59c08b3817945465d652eded9c8bb,2025-08-31T10:40:45+00:00,560.0,122,110,33,1.846,-1.0,29
fit:55e9390b04a7247293e6139cf8eca88ecff59c08b3817945465d652eded9c8bb,2025-08-31T10:40:46+00:00,561.0,41,110,48,2.23,-1.0,29
fit:55e9390b04a7247293e6139cf8eca88ecff59c08b3817945465d652eded9c8bb,2025-08-31T10:40:47+00:00,562.0,24,111,56,2.751,-1.6000000000000227,29
fit:55e9390b04a7247293e6139cf8eca88ecff59c08b3817945465d652eded9c8bb,2025-08-31T10:40:48+00:00,563.0,32,111,61,2.967,-1.6000000000000227,29
fit:55e9390b04a7247293e6139cf8eca88ecff59c08b3817945465d652eded9c8bb,2025-08-31T10:40:49+00:00,564.0,32,112,64,3.277,-1.6000000000000227,29
fit:55e9390b04a7247293e6139cf8eca88ecff59c08b3817945465d652eded9c8bb,2025-08-31T10:40:50+00:00,565.0,25,112,64,3.44,-1.6000000000000227,29
fit:55e9390b04a7247293e6139cf8eca88ecff59c08b3817945465d652eded9c8bb,2025-08-31T10:40:51+00:00,566.0,25,113,64,3.659,-2.1999999999999886,29
fit:55e9390b04a7247293e6139cf8eca88ecff59c08b3817945465d652eded9c8bb,2025-08-31T10:40:52+00:00,567.0,25,113,64,3.844,-2.1999999999999886,29
fit:55e9390b04a7247293e6139cf8eca88ecff59c08b3817945465d652eded9c8bb,2025-08-31T10:40:53+00:00,568.0,24,113,50,3.998,-2.1999999999999886,29
fit:55e9390b04a7247293e6139cf8eca88ecff59c08b3817945465d652eded9c8bb,2025-08-31T10:40:54+00:00,569.0,22,113,49,4.062,-2.1999999999999886,29
fit:55e9390b04a7247293e6139cf8eca88ecff59c08b3817945465d652eded9c8bb,2025-08-31T10:40:55+00:00,570.0,0,112,47,4.184,-2.1999999999999886,29
fit:55e9390b04a7247293e6139cf8eca88ecff59c08b3817945465d652eded9c8bb,2025-08-31T10:40:56+00:00,571.0,0,112,0,4.309,-2.1999999999999886,29
fit:55e9390b04a7247293e6139cf8eca88ecff59c08b3817945465d652eded9c8bb,2025-08-31T10:40:57+00:00,572.0,0,111,0,4.398,-2.1999999999999886,29
fit:55e9390b04a7247293e6139cf8eca88ecff59c08b3817945465d652eded9c8bb,2025-08-31T10:40:58+00:00,573.0,0,110,0,4.547,-2.6000000000000227,29
fit:55e9390b04a7247293e6139cf8eca88ecff59c08b3817945465d652eded9c8bb,2025-08-31T10:40:59+00:00,574.0,0,109,0,4.688,-2.8000000000000114,29
fit:55e9390b04a7247293e6139cf8eca88ecff59c08b3817945465d652eded9c8bb,2025-08-31T10:41:00+00:00,575.0,0,108,0,4.847,-2.8000000000000114,29
fit:55e9390b04a7247293e6139cf8eca88ecff59c08b3817945465d652eded9c8bb,2025-08-31T10:41:01+00:00,576.0,0,107,0,4.874,-2.8000000000000114,29
fit:55e9390b04a7247293e6139cf8eca88ecff59c08b3817945465d652eded9c8bb,2025-08-31T10:41:02+00:00,577.0,0,107,0,4.951,-2.8000000000000114,29
fit:55e9390b04a7247293e6139cf8eca88ecff59c08b3817945465d652eded9c8bb,2025-08-31T10:41:03+00:00,578.0,0,108,0,4.912,-3.3999999999999773,29
fit:55e9390b04a7247293e6139cf8eca88ecff59c08b3817945465d652eded9c8bb,2025-08-31T10:41:04+00:00,579.0,101,109,0,4.919,-3.3999999999999773,29
fit:55e9390b04a7247293e6139cf8eca88ecff59c08b3817945465d652eded9c8bb,2025-08-31T10:41:05+00:00,580.0,30,109,73,4.96,-3.3999999999999773,29
fit:55e9390b04a7247293e6139cf8eca88ecff59c08b3817945465d652eded9c8bb,2025-08-31T10:41:06+00:00,581.0,118,111,82,4.855,-3.3999999999999773,29
fit:55e9390b04a7247293e6139cf8eca88ecff59c08b3817945465d652eded9c8bb,2025-08-31T10:41:07+00:00,582.0,54,112,86,4.905,-4.0,29
fit:55e9390b04a7247293e6139cf8eca88ecff59c08b3817945465d652eded9c8bb,2025-08-31T10:41:08+00:00,583.0,61,112,87,5.004,-4.0,29
fit:55e9390b04a7247293e6139cf8eca88ecff59c08b3817945465d652eded9c8bb,2025-08-31T10:41:09+00:00,584.0,61,112,87,5.0,-4.0,29
fit:55e9390b04a7247293e6139cf8eca88ecff59c08b3817945465d652eded9c8bb,2025-08-31T10:41:10+00:00,585.0,65,113,86,5.032,-4.0,29
fit:55e9390b04a7247293e6139cf8eca88ecff59c08b3817945465d652eded9c8bb,2025-08-31T10:41:11+00:00,586.0,59,113,86,5.119,-3.3999999999999773,29
fit:55e9390b04a7247293e6139cf8eca88ecff59c08b3817945465d652eded9c8bb,2025-08-31T10:41:12+00:00,587.0,55,114,86,5.22,-3.3999999999999773,29
fit:55e9390b04a7247293e6139cf8eca88ecff59c08b3817945465d652eded9c8bb,2025-08-31T10:41:13+00:00,588.0,23,115,85,5.177,-3.3999999999999773,29
fit:55e9390b04a7247293e6139cf8eca88ecff59c08b3817945465d652eded9c8bb,2025-08-31T10:41:14+00:00,589.0,23,115,58,5.119,-3.6000000000000227,29
fit:55e9390b04a7247293e6139cf8eca88ecff59c08b3817945465d652eded9c8bb,2025-08-31T10:41:15+00:00,590.0,23,116,58,5.099,-3.1999999999999886,29
fit:55e9390b04a7247293e6139cf8eca88ecff59c08b3817945465d652eded9c8bb,2025-08-31T10:41:16+00:00,591.0,23,116,58,4.927,-3.1999999999999886,29
fit:55e9390b04a7247293e6139cf8eca88ecff59c08b3817945465d652eded9c8bb,2025-08-31T10:41:17+00:00,592.0,23,117,58,4.783,-3.1999999999999886,29
fit:55e9390b04a7247293e6139cf8eca88ecff59c08b3817945465d652eded9c8bb,2025-08-31T10:41:18+00:00,593.0,23,117,58,4.554,-3.1999999999999886,29
fit:55e9390b04a7247293e6139cf8eca88ecff59c08b3817945465d652eded9c8bb,2025-08-31T10:41:19+00:00,594.0,23,117,58,4.469,-3.0,29
fit:55e9390b04a7247293e6139cf8eca88ecff59c08b3817945465d652eded9c8bb,2025-08-31T10:41:20+00:00,595.0,0,116,58,4.45,-3.0,29
fit:55e9390b04a7247293e6139cf8eca88ecff59c08b3817945465d652eded9c8bb,2025-08-31T10:41:21+00:00,596.0,165,115,0,4.32,-3.0,29
fit:55e9390b04a7247293e6139cf8eca88ecff59c08b3817945465d652eded9c8bb,2025-08-31T10:41:22+00:00,597.0,76,115,70,4.409,-3.0,29
fit:55e9390b04a7247293e6139cf8eca88ecff59c08b3817945465d652eded9c8bb,2025-08-31T10:41:23+00:00,598.0,194,114,70,4.255,-3.3999999999999773,29
fit:55e9390b04a7247293e6139cf8eca88ecff59c08b3817945465d652eded9c8bb,2025-08-31T10:41:24+00:00,599.0,87,114,75,4.273,-3.3999999999999773,29
fit:55e9390b04a7247293e6139cf8eca88ecff59c08b3817945465d652eded9c8bb,2025-08-31T10:41:25+00:00,600.0,77,115,75,4.326,-3.3999999999999773,29
fit:55e9390b04a7247293e6139cf8eca88ecff59c08b3817945465d652eded9c8bb,2025-08-31T10:41:26+00:00,601.0,72,115,76,4.416,-3.3999999999999773,29
fit:55e9390b04a7247293e6139cf8eca88ecff59c08b3817945465d652eded9c8bb,2025-08-31T10:41:27+00:00,602.0,88,116,78,4.331,-3.3999999999999773,29
fit:55e9390b04a7247293e6139cf8eca88ecff59c08b3817945465d652eded9c8bb,2025-08-31T10:41:28+00:00,603.0,88,116,78,4.588,-3.3999999999999773,29
fit:55e9390b04a7247293e6139cf8eca88ecff59c08b3817945465d652eded9c8bb,2025-08-31T10:41:29+00:00,604.0,84,116,78,4.627,-3.3999999999999773,29
fit:55e9390b04a7247293e6139cf8eca88ecff59c08b3817945465d652eded9c8bb,2025-08-31T10:41:30+00:00,605.0,81,116,79,4.514,-3.6000000000000227,29
fit:55e9390b04a7247293e6139cf8eca88ecff59c08b3817945465d652eded9c8bb,2025-08-31T10:41:31+00:00,606.0,73,116,79,4.688,-4.0,29
fit:55e9390b04a7247293e6139cf8eca88ecff59c08b3817945465d652eded9c8bb,2025-08-31T10:41:32+00:00,607.0,73,115,79,4.721,-4.0,29
fit:55e9390b04a7247293e6139cf8eca88ecff59c08b3817945465d652eded9c8bb,2025-08-31T10:41:33+00:00,608.0,66,115,79,4.688,-4.0,29
fit:55e9390b04a7247293e6139cf8eca88ecff59c08b3817945465d652eded9c8bb,2025-08-31T10:41:34+00:00,609.0,76,113,80,4.868,-4.0,29
fit:55e9390b04a7247293e6139cf8eca88ecff59c08b3817945465d652eded9c8bb,2025-08-31T10:41:35+00:00,610.0,97,113,80,4.879,-3.6000000000000227,29
fit:55e9390b04a7247293e6139cf8eca88ecff59c08b3817945465d652eded9c8bb,2025-08-31T10:41:36+00:00,611.0,97,113,79,4.846,-3.6000000000000227,29
fit:55e9390b04a7247293e6139cf8eca88ecff59c08b3817945465d652eded9c8bb,2025-08-31T10:41:37+00:00,612.0,75,113,78,4.829,-3.6000000000000227,29
fit:55e9390b04a7247293e6139cf8eca88ecff59c08b3817945465d652eded9c8bb,2025-08-31T10:41:38+00:00,613.0,56,113,80,4.769,-3.6000000000000227,29
fit:55e9390b04a7247293e6139cf8eca88ecff59c08b3817945465d652eded9c8bb,2025-08-31T10:41:39+00:00,614.0,52,113,79,4.856,-3.3999999999999773,29
fit:55e9390b04a7247293e6139cf8eca88ecff59c08b3817945465d652eded9c8bb,2025-08-31T10:41:40+00:00,615.0,62,113,79,4.859,-3.3999999999999773,29
fit:55e9390b04a7247293e6139cf8eca88ecff59c08b3817945465d652eded9c8bb,2025-08-31T10:41:41+00:00,616.0,34,113,79,4.775,-3.3999999999999773,29
fit:55e9390b04a7247293e6139cf8eca88ecff59c08b3817945465d652eded9c8bb,2025-08-31T10:41:42+00:00,617.0,35,113,78,4.704,-3.3999999999999773,29
fit:55e9390b04a7247293e6139cf8eca88ecff59c08b3817945465d652eded9c8bb,2025-08-31T10:41:43+00:00,618.0,35,113,78,4.763,-2.6000000000000227,29
fit:55e9390b04a7247293e6139cf8eca88ecff59c08b3817945465d652eded9c8bb,2025-08-31T10:41:44+00:00,619.0,35,113,78,4.726,-2.6000000000000227,29
fit:55e9390b04a7247293e6139cf8eca88ecff59c08b3817945465d652eded9c8bb,2025-08-31T10:41:45+00:00,620.0,32,114,78,4.698,-2.6000000000000227,29
fit:55e9390b04a7247293e6139cf8eca88ecff59c08b3817945465d652eded9c8bb,2025-08-31T10:41:46+00:00,621.0,88,114,74,4.741,-3.0,29
fit:55e9390b04a7247293e6139cf8eca88ecff59c08b3817945465d652eded9c8bb,2025-08-31T10:41:47+00:00,622.0,91,114,76,4.611,-3.1999999999999886,29
fit:55e9390b04a7247293e6139cf8eca88ecff59c08b3817945465d652eded9c8bb,2025-08-31T10:41:48+00:00,623.0,92,115,76,4.672,-3.1999999999999886,29
fit:55e9390b04a7247293e6139cf8eca88ecff59c08b3817945465d652eded9c8bb,2025-08-31T10:41:49+00:00,624.0,84,116,76,4.559,-3.1999999999999886,29
fit:55e9390b04a7247293e6139cf8eca88ecff59c08b3817945465d652eded9c8bb,2025-08-31T10:41:50+00:00,625.0,55,116,77,4.66,-2.8000000000000114,29
fit:55e9390b04a7247293e6139cf8eca88ecff59c08b3817945465d652eded9c8bb,2025-08-31T10:41:51+00:00,626.0,58,116,78,4.652,-2.6000000000000227,29
fit:55e9390b04a7247293e6139cf8eca88ecff59c08b3817945465d652eded9c8bb,2025-08-31T10:41:52+00:00,627.0,58,116,78,4.634,-2.6000000000000227,29
fit:55e9390b04a7247293e6139cf8eca88ecff59c08b3817945465d652eded9c8bb,2025-08-31T10:41:53+00:00,628.0,61,116,78,4.704,-2.6000000000000227,29
fit:55e9390b04a7247293e6139cf8eca88ecff59c08b3817945465d652eded9c8bb,2025-08-31T10:41:54+00:00,629.0,61,116,77,4.678,-2.6000000000000227,29
fit:55e9390b04a7247293e6139cf8eca88ecff59c08b3817945465d652eded9c8bb,2025-08-31T10:41:55+00:00,630.0,55,115,77,4.745,-3.0,29
fit:55e9390b04a7247293e6139cf8eca88ecff59c08b3817945465d652eded9c8bb,2025-08-31T10:41:56+00:00,631.0,54,115,78,4.76,-3.0,29
fit:55e9390b04a7247293e6139cf8eca88ecff59c08b3817945465d652eded9c8bb,2025-08-31T10:41:57+00:00,632.0,61,115,78,4.691,-3.0,29
fit:55e9390b04a7247293e6139cf8eca88ecff59c08b3817945465d652eded9c8bb,2025-08-31T10:41:58+00:00,633.0,61,114,79,4.752,-3.0,29
fit:55e9390b04a7247293e6139cf8eca88ecff59c08b3817945465d652eded9c8bb,2025-08-31T10:41:59+00:00,634.0,54,114,79,4.706,-3.1999999999999886,29
fit:55e9390b04a7247293e6139cf8eca88ecff59c08b3817945465d652eded9c8bb,2025-08-31T10:42:00+00:00,635.0,52,113,79,4.798,-3.1999999999999886,29
fit:55e9390b04a7247293e6139cf8eca88ecff59c08b3817945465d652eded9c8bb,2025-08-31T10:42:01+00:00,636.0,61,112,79,4.853,-3.1999999999999886,29
fit:55e9390b04a7247293e6139cf8eca88ecff59c08b3817945465d652eded9c8bb,2025-08-31T10:42:02+00:00,637.0,57,112,80,4.725,-3.1999999999999886,29
fit:55e9390b04a7247293e6139cf8eca88ecff59c08b3817945465d652eded9c8bb,2025-08-31T10:42:03+00:00,638.0,51,112,80,4.766,-3.6000000000000227,29
fit:55e9390b04a7247293e6139cf8eca88ecff59c08b3817945465d652eded9c8bb,2025-08-31T10:42:04+00:00,639.0,51,112,79,4.811,-3.6000000000000227,29
fit:55e9390b04a7247293e6139cf8eca88ecff59c08b3817945465d652eded9c8bb,2025-08-31T10:42:05+00:00,640.0,70,112,78,4.756,-3.6000000000000227,29
fit:55e9390b04a7247293e6139cf8eca88ecff59c08b3817945465d652eded9c8bb,2025-08-31T10:42:06+00:00,641.0,55,112,78,4.787,-3.1999999999999886,29
fit:55e9390b04a7247293e6139cf8eca88ecff59c08b3817945465d652eded9c8bb,2025-08-31T10:42:07+00:00,642.0,50,112,76,4.746,-3.6000000000000227,29
fit:55e9390b04a7247293e6139cf8eca88ecff59c08b3817945465d652eded9c8bb,2025-08-31T10:42:08+00:00,643.0,52,112,75,4.653,-3.6000000000000227,29
fit:55e9390b04a7247293e6139cf8eca88ecff59c08b3817945465d652eded9c8bb,2025-08-31T10:42:09+00:00,644.0,50,112,76,4.668,-3.6000000000000227,29
fit:55e9390b04a7247293e6139cf8eca88ecff59c08b3817945465d652eded9c8bb,2025-08-31T10:42:10+00:00,645.0,39,111,75,4.581,-2.8000000000000114,29
fit:55e9390b04a7247293e6139cf8eca88ecff59c08b3817945465d652eded9c8bb,2025-08-31T10:42:11+00:00,646.0,35,111,75,4.606,-2.8000000000000114,29
fit:55e9390b04a7247293e6139cf8eca88ecff59c08b3817945465d652eded9c8bb,2025-08-31T10:42:12+00:00,647.0,46,111,75,4.541,-2.8000000000000114,29
fit:55e9390b04a7247293e6139cf8eca88ecff59c08b3817945465d652eded9c8bb,2025-08-31T10:42:13+00:00,648.0,44,112,75,4.497,-2.8000000000000114,29
fit:55e9390b04a7247293e6139cf8eca88ecff59c08b3817945465d652eded9c8bb,2025-08-31T10:42:14+00:00,649.0,42,112,73,4.423,-2.8000000000000114,29
fit:55e9390b04a7247293e6139cf8eca88ecff59c08b3817945465d652eded9c8bb,2025-08-31T10:42:15+00:00,650.0,56,111,73,4.398,-2.8000000000000114,29
fit:55e9390b04a7247293e6139cf8eca88ecff59c08b3817945465d652eded9c8bb,2025-08-31T10:42:16+00:00,651.0,56,111,73,4.418,-2.8000000000000114,29
fit:55e9390b04a7247293e6139cf8eca88ecff59c08b3817945465d652eded9c8bb,2025-08-31T10:42:17+00:00,652.0,48,111,73,4.395,-2.8000000000000114,29
fit:55e9390b04a7247293e6139cf8eca88ecff59c08b3817945465d652eded9c8bb,2025-08-31T10:42:18+00:00,653.0,40,111,73,4.355,-2.8000000000000114,29
fit:55e9390b04a7247293e6139cf8eca88ecff59c08b3817945465d652eded9c8bb,2025-08-31T10:42:19+00:00,654.0,40,110,73,4.153,-2.3999999999999773,29
fit:55e9390b04a7247293e6139cf8eca88ecff59c08b3817945465d652eded9c8bb,2025-08-31T10:42:20+00:00,655.0,40,110,73,4.106,-2.3999999999999773,29
fit:55e9390b04a7247293e6139cf8eca88ecff59c08b3817945465d652eded9c8bb,2025-08-31T10:42:21+00:00,656.0,0,110,73,4.063,-2.3999999999999773,29
fit:55e9390b04a7247293e6139cf8eca88ecff59c08b3817945465d652eded9c8bb,2025-08-31T10:42:22+00:00,657.0,40,110,73,3.995,-2.3999999999999773,29
fit:55e9390b04a7247293e6139cf8eca88ecff59c08b3817945465d652eded9c8bb,2025-08-31T10:42:23+00:00,658.0,40,111,73,3.748,-2.3999999999999773,29
fit:55e9390b04a7247293e6139cf8eca88ecff59c08b3817945465d652eded9c8bb,2025-08-31T10:42:24+00:00,659.0,40,111,73,3.082,-2.3999999999999773,29
fit:55e9390b04a7247293e6139cf8eca88ecff59c08b3817945465d652eded9c8bb,2025-08-31T10:42:25+00:00,660.0,40,111,73,2.082,-2.3999999999999773,29
fit:55e9390b04a7247293e6139cf8eca88ecff59c08b3817945465d652eded9c8bb,2025-08-31T10:48:23+00:00,1018.0,0,,0,1.173,-0.6000000000000227,34
fit:55e9390b04a7247293e6139cf8eca88ecff59c08b3817945465d652eded9c8bb,2025-08-31T10:48:24+00:00,1019.0,0,,0,1.167,-0.39999999999997726,34
fit:55e9390b04a7247293e6139cf8eca88ecff59c08b3817945465d652eded9c8bb,2025-08-31T10:48:25+00:00,1020.0,0,,0,1.067,-0.39999999999997726,34
fit:55e9390b04a7247293e6139cf8eca88ecff59c08b3817945465d652eded9c8bb,2025-08-31T10:48:26+00:00,1021.0,0,,0,0.815,-0.39999999999997726,34
fit:55e9390b04a7247293e6139cf8eca88ecff59c08b3817945465d652eded9c8bb,2025-08-31T10:48:27+00:00,1022.0,0,,0,0.0,-0.39999999999997726,34
