activity_id,timestamp,elapsed_seconds,power_w,heart_rate_bpm,cadence_rpm,speed_m_s,altitude_m,temperature_c,segment_id,segment_number,source_elapsed_seconds,source_row_index,source_file,activity_split,segment_selected_from_activity,power_missing,hr_missing
fit:4646790a223ca804ff872615506f25932dc9009c9ddf09dd7973b26339c7531e,2026-09-05T12:29:15+00:00,0,89,113,0,2.543,21.799999999999955,39,fit:4646790a223ca804ff872615506f25932dc9009c9ddf09dd7973b26339c7531e:segment:002,2,32.0,22,activities/125_260905142842.csv,1,1,0,0
fit:4646790a223ca804ff872615506f25932dc9009c9ddf09dd7973b26339c7531e,2026-09-05T12:29:16+00:00,1,311,113,37,3.123,21.799999999999955,39,fit:4646790a223ca804ff872615506f25932dc9009c9ddf09dd7973b26339c7531e:segment:002,2,33.0,23,activities/125_260905142842.csv,1,1,0,0
fit:4646790a223ca804ff872615506f25932dc9009c9ddf09dd7973b26339c7531e,2026-09-05T12:29:17+00:00,2,357,113,58,3.88,21.200000000000045,39,fit:4646790a223ca804ff872615506f25932dc9009c9ddf09dd7973b26339c7531e:segment:002,2,34.0,24,activities/125_260905142842.csv,1,1,0,0
fit:4646790a223ca804ff872615506f25932dc9009c9ddf09dd7973b26339c7531e,2026-09-05T12:29:18+00:00,3,341,113,63,4.66,20.799999999999955,39,fit:4646790a223ca804ff872615506f25932dc9009c9ddf09dd7973b26339c7531e:segment:002,2,35.0,25,activities/125_260905142842.csv,1,1,0,0
fit:4646790a223ca804ff872615506f25932dc9009c9ddf09dd7973b26339c7531e,2026-09-05T12:29:19+00:00,4,341,113,63,5.299,20.799999999999955,39,fit:4646790a223ca804ff872615506f25932dc9009c9ddf09dd7973b26339c7531e:segment:002,2,36.0,26,activities/125_260905142842.csv,1,1,0,0
fit:4646790a223ca804ff872615506f25932dc9009c9ddf09dd7973b26339c7531e,2026-09-05T12:29:20+00:00,5,343,112,69,5.908,20.799999999999955,39,fit:4646790a223ca804ff872615506f25932dc9009c9ddf09dd7973b26339c7531e:segment:002,2,37.0,27,activities/125_260905142842.csv,1,1,0,0
fit:4646790a223ca804ff872615506f25932dc9009c9ddf09dd7973b26339c7531e,2026-09-05T12:29:21+00:00,6,385,112,74,6.376,21.0,39,fit:4646790a223ca804ff872615506f25932dc9009c9ddf09dd7973b26339c7531e:segment:002,2,38.0,28,activities/125_260905142842.csv,1,1,0,0
fit:4646790a223ca804ff872615506f25932dc9009c9ddf09dd7973b26339c7531e,2026-09-05T12:29:22+00:00,7,417,111,79,6.895,20.399999999999977,39,fit:4646790a223ca804ff872615506f25932dc9009c9ddf09dd7973b26339c7531e:segment:002,2,39.0,29,activities/125_260905142842.csv,1,1,0,0
fit:4646790a223ca804ff872615506f25932dc9009c9ddf09dd7973b26339c7531e,2026-09-05T12:29:23+00:00,8,432,111,85,7.158,20.399999999999977,39,fit:4646790a223ca804ff872615506f25932dc9009c9ddf09dd7973b26339c7531e:segment:002,2,40.0,30,activities/125_260905142842.csv,1,1,0,0
fit:4646790a223ca804ff872615506f25932dc9009c9ddf09dd7973b26339c7531e,2026-09-05T12:29:24+00:00,9,469,112,87,7.897,20.399999999999977,39,fit:4646790a223ca804ff872615506f25932dc9009c9ddf09dd7973b26339c7531e:segment:002,2,41.0,31,activities/125_260905142842.csv,1,1,0,0
fit:4646790a223ca804ff872615506f25932dc9009c9ddf09dd7973b26339c7531e,2026-09-05T12:29:25+00:00,10,100,112,53,8.412,20.399999999999977,39,fit:4646790a223ca804ff872615506f25932dc9009c9ddf09dd7973b26339c7531e:segment:002,2,42.0,32,activities/125_260905142842.csv,1,1,0,0
fit:4646790a223ca804ff872615506f25932dc9009c9ddf09dd7973b26339c7531e,2026-09-05T12:29:26+00:00,11,423,114,90,8.422,20.0,39,fit:4646790a223ca804ff872615506f25932dc9009c9ddf09dd7973b26339c7531e:segment:002,2,43.0,33,activities/125_260905142842.csv,1,1,0,0
fit:4646790a223ca804ff872615506f25932dc9009c9ddf09dd7973b26339c7531e,2026-09-05T12:29:27+00:00,12,201,117,91,8.618,20.0,39,fit:4646790a223ca804ff872615506f25932dc9009c9ddf09dd7973b26339c7531e:segment:002,2,44.0,34,activities/125_260905142842.csv,1,1,0,0
fit:4646790a223ca804ff872615506f25932dc9009c9ddf09dd7973b26339c7531e,2026-09-05T12:29:28+00:00,13,190,117,91,8.757,20.0,39,fit:4646790a223ca804ff872615506f25932dc9009c9ddf09dd7973b26339c7531e:segment:002,2,45.0,35,activities/125_260905142842.csv,1,1,0,0
fit:4646790a223ca804ff872615506f25932dc9009c9ddf09dd7973b26339c7531e,2026-09-05T12:29:29+00:00,14,228,120,91,8.778,21.0,39,fit:4646790a223ca804ff872615506f25932dc9009c9ddf09dd7973b26339c7531e:segment:002,2,46.0,36,activities/125_260905142842.csv,1,1,0,0
fit:4646790a223ca804ff872615506f25932dc9009c9ddf09dd7973b26339c7531e,2026-09-05T12:29:30+00:00,15,313,123,92,8.8,20.0,39,fit:4646790a223ca804ff872615506f25932dc9009c9ddf09dd7973b26339c7531e:segment:002,2,47.0,37,activities/125_260905142842.csv,1,1,0,0
fit:4646790a223ca804ff872615506f25932dc9009c9ddf09dd7973b26339c7531e,2026-09-05T12:29:31+00:00,16,253,125,92,8.891,20.0,39,fit:4646790a223ca804ff872615506f25932dc9009c9ddf09dd7973b26339c7531e:segment:002,2,48.0,38,activities/125_260905142842.csv,1,1,0,0
fit:4646790a223ca804ff872615506f25932dc9009c9ddf09dd7973b26339c7531e,2026-09-05T12:29:32+00:00,17,226,125,93,9.013,20.0,39,fit:4646790a223ca804ff872615506f25932dc9009c9ddf09dd7973b26339c7531e:segment:002,2,49.0,39,activities/125_260905142842.csv,1,1,0,0
fit:4646790a223ca804ff872615506f25932dc9009c9ddf09dd7973b26339c7531e,2026-09-05T12:29:33+00:00,18,252,126,93,9.004,20.799999999999955,39,fit:4646790a223ca804ff872615506f25932dc9009c9ddf09dd7973b26339c7531e:segment:002,2,50.0,40,activities/125_260905142842.csv,1,1,0,0
fit:4646790a223ca804ff872615506f25932dc9009c9ddf09dd7973b26339c7531e,2026-09-05T12:29:34+00:00,19,214,128,94,9.09,20.399999999999977,39,fit:4646790a223ca804ff872615506f25932dc9009c9ddf09dd7973b26339c7531e:segment:002,2,51.0,41,activities/125_260905142842.csv,1,1,0,0
fit:4646790a223ca804ff872615506f25932dc9009c9ddf09dd7973b26339c7531e,2026-09-05T12:29:35+00:00,20,175,129,94,9.122,20.399999999999977,39,fit:4646790a223ca804ff872615506f25932dc9009c9ddf09dd7973b26339c7531e:segment:002,2,52.0,42,activities/125_260905142842.csv,1,1,0,0
fit:4646790a223ca804ff872615506f25932dc9009c9ddf09dd7973b26339c7531e,2026-09-05T12:29:36+00:00,21,166,129,94,9.193,20.399999999999977,39,fit:4646790a223ca804ff872615506f25932dc9009c9ddf09dd7973b26339c7531e:segment:002,2,53.0,43,activities/125_260905142842.csv,1,1,0,0
fit:4646790a223ca804ff872615506f25932dc9009c9ddf09dd7973b26339c7531e,2026-09-05T12:29:37+00:00,22,165,131,94,9.204,20.399999999999977,39,fit:4646790a223ca804ff872615506f25932dc9009c9ddf09dd7973b26339c7531e:segment:002,2,54.0,44,activities/125_260905142842.csv,1,1,0,0
fit:4646790a223ca804ff872615506f25932dc9009c9ddf09dd7973b26339c7531e,2026-09-05T12:29:38+00:00,23,154,132,94,9.286,20.600000000000023,39,fit:4646790a223ca804ff872615506f25932dc9009c9ddf09dd7973b26339c7531e:segment:002,2,55.0,45,activities/125_260905142842.csv,1,1,0,0
fit:4646790a223ca804ff872615506f25932dc9009c9ddf09dd7973b26339c7531e,2026-09-05T12:29:39+00:00,24,170,132,94,9.299,20.600000000000023,39,fit:4646790a223ca804ff872615506f25932dc9009c9ddf09dd7973b26339c7531e:segment:002,2,56.0,46,activities/125_260905142842.csv,1,1,0,0
fit:4646790a223ca804ff872615506f25932dc9009c9ddf09dd7973b26339c7531e,2026-09-05T12:29:40+00:00,25,168,132,94,9.281,20.600000000000023,39,fit:4646790a223ca804ff872615506f25932dc9009c9ddf09dd7973b26339c7531e:segment:002,2,57.0,47,activities/125_260905142842.csv,1,1,0,0
fit:4646790a223ca804ff872615506f25932dc9009c9ddf09dd7973b26339c7531e,2026-09-05T12:29:41+00:00,26,176,133,95,9.239,21.399999999999977,39,fit:4646790a223ca804ff872615506f25932dc9009c9ddf09dd7973b26339c7531e:segment:002,2,58.0,48,activities/125_260905142842.csv,1,1,0,0
fit:4646790a223ca804ff872615506f25932dc9009c9ddf09dd7973b26339c7531e,2026-09-05T12:29:42+00:00,27,147,133,96,9.248,21.399999999999977,39,fit:4646790a223ca804ff872615506f25932dc9009c9ddf09dd7973b26339c7531e:segment:002,2,59.0,49,activities/125_260905142842.csv,1,1,0,0
fit:4646790a223ca804ff872615506f25932dc9009c9ddf09dd7973b26339c7531e,2026-09-05T12:29:43+00:00,28,193,133,96,9.184,21.399999999999977,39,fit:4646790a223ca804ff872615506f25932dc9009c9ddf09dd7973b26339c7531e:segment:002,2,60.0,50,activities/125_260905142842.csv,1,1,0,0
fit:4646790a223ca804ff872615506f25932dc9009c9ddf09dd7973b26339c7531e,2026-09-05T12:29:44+00:00,29,166,133,96,9.301,21.399999999999977,39,fit:4646790a223ca804ff872615506f25932dc9009c9ddf09dd7973b26339c7531e:segment:002,2,61.0,51,activities/125_260905142842.csv,1,1,0,0
fit:4646790a223ca804ff872615506f25932dc9009c9ddf09dd7973b26339c7531e,2026-09-05T12:29:45+00:00,30,267,133,86,9.457,21.399999999999977,39,fit:4646790a223ca804ff872615506f25932dc9009c9ddf09dd7973b26339c7531e:segment:002,2,62.0,52,activities/125_260905142842.csv,1,1,0,0
fit:4646790a223ca804ff872615506f25932dc9009c9ddf09dd7973b26339c7531e,2026-09-05T12:29:46+00:00,31,249,132,86,9.405,21.200000000000045,39,fit:4646790a223ca804ff872615506f25932dc9009c9ddf09dd7973b26339c7531e:segment:002,2,63.0,53,activities/125_260905142842.csv,1,1,0,0
fit:4646790a223ca804ff872615506f25932dc9009c9ddf09dd7973b26339c7531e,2026-09-05T12:29:47+00:00,32,222,132,86,9.44,21.200000000000045,39,fit:4646790a223ca804ff872615506f25932dc9009c9ddf09dd7973b26339c7531e:segment:002,2,64.0,54,activities/125_260905142842.csv,1,1,0,0
fit:4646790a223ca804ff872615506f25932dc9009c9ddf09dd7973b26339c7531e,2026-09-05T12:29:48+00:00,33,235,132,87,9.422,21.200000000000045,39,fit:4646790a223ca804ff872615506f25932dc9009c9ddf09dd7973b26339c7531e:segment:002,2,65.0,55,activities/125_260905142842.csv,1,1,0,0
fit:4646790a223ca804ff872615506f25932dc9009c9ddf09dd7973b26339c7531e,2026-09-05T12:29:49+00:00,34,257,131,87,9.39,20.399999999999977,39,fit:4646790a223ca804ff872615506f25932dc9009c9ddf09dd7973b26339c7531e:segment:002,2,66.0,56,activities/125_260905142842.csv,1,1,0,0
fit:4646790a223ca804ff872615506f25932dc9009c9ddf09dd7973b26339c7531e,2026-09-05T12:29:50+00:00,35,202,131,87,9.473,20.399999999999977,38,fit:4646790a223ca804ff872615506f25932dc9009c9ddf09dd7973b26339c7531e:segment:002,2,67.0,57,activities/125_260905142842.csv,1,1,0,0
fit:4646790a223ca804ff872615506f25932dc9009c9ddf09dd7973b26339c7531e,2026-09-05T12:29:51+00:00,36,203,131,87,9.511,20.399999999999977,38,fit:4646790a223ca804ff872615506f25932dc9009c9ddf09dd7973b26339c7531e:segment:002,2,68.0,58,activities/125_260905142842.csv,1,1,0,0
fit:4646790a223ca804ff872615506f25932dc9009c9ddf09dd7973b26339c7531e,2026-09-05T12:29:52+00:00,37,224,131,87,9.51,20.399999999999977,38,fit:4646790a223ca804ff872615506f25932dc9009c9ddf09dd7973b26339c7531e:segment:002,2,69.0,59,activities/125_260905142842.csv,1,1,0,0
fit:4646790a223ca804ff872615506f25932dc9009c9ddf09dd7973b26339c7531e,2026-09-05T12:29:53+00:00,38,257,131,88,9.544,21.0,38,fit:4646790a223ca804ff872615506f25932dc9009c9ddf09dd7973b26339c7531e:segment:002,2,70.0,60,activities/125_260905142842.csv,1,1,0,0
fit:4646790a223ca804ff872615506f25932dc9009c9ddf09dd7973b26339c7531e,2026-09-05T12:29:54+00:00,39,168,131,88,9.533,20.200000000000045,38,fit:4646790a223ca804ff872615506f25932dc9009c9ddf09dd7973b26339c7531e:segment:002,2,71.0,61,activities/125_260905142842.csv,1,1,0,0
fit:4646790a223ca804ff872615506f25932dc9009c9ddf09dd7973b26339c7531e,2026-09-05T12:29:55+00:00,40,169,131,89,9.624,20.200000000000045,38,fit:4646790a223ca804ff872615506f25932dc9009c9ddf09dd7973b26339c7531e:segment:002,2,72.0,62,activities/125_260905142842.csv,1,1,0,0
fit:4646790a223ca804ff872615506f25932dc9009c9ddf09dd7973b26339c7531e,2026-09-05T12:29:56+00:00,41,162,131,89,9.694,20.200000000000045,38,fit:4646790a223ca804ff872615506f25932dc9009c9ddf09dd7973b26339c7531e:segment:002,2,73.0,63,activities/125_260905142842.csv,1,1,0,0
fit:4646790a223ca804ff872615506f25932dc9009c9ddf09dd7973b26339c7531e,2026-09-05T12:29:57+00:00,42,199,131,89,9.741,20.399999999999977,38,fit:4646790a223ca804ff872615506f25932dc9009c9ddf09dd7973b26339c7531e:segment:002,2,74.0,64,activities/125_260905142842.csv,1,1,0,0
fit:4646790a223ca804ff872615506f25932dc9009c9ddf09dd7973b26339c7531e,2026-09-05T12:29:58+00:00,43,202,130,89,9.782,20.399999999999977,38,fit:4646790a223ca804ff872615506f25932dc9009c9ddf09dd7973b26339c7531e:segment:002,2,75.0,65,activities/125_260905142842.csv,1,1,0,0
fit:4646790a223ca804ff872615506f25932dc9009c9ddf09dd7973b26339c7531e,2026-09-05T12:29:59+00:00,44,187,130,89,9.839,20.399999999999977,38,fit:4646790a223ca804ff872615506f25932dc9009c9ddf09dd7973b26339c7531e:segment:002,2,76.0,66,activities/125_260905142842.csv,1,1,0,0
fit:4646790a223ca804ff872615506f25932dc9009c9ddf09dd7973b26339c7531e,2026-09-05T12:30:00+00:00,45,191,130,90,9.842,20.399999999999977,38,fit:4646790a223ca804ff872615506f25932dc9009c9ddf09dd7973b26339c7531e:segment:002,2,77.0,67,activities/125_260905142842.csv,1,1,0,0
fit:4646790a223ca804ff872615506f25932dc9009c9ddf09dd7973b26339c7531e,2026-09-05T12:30:01+00:00,46,157,129,89,9.889,20.399999999999977,38,fit:4646790a223ca804ff872615506f25932dc9009c9ddf09dd7973b26339c7531e:segment:002,2,78.0,68,activities/125_260905142842.csv,1,1,0,0
fit:4646790a223ca804ff872615506f25932dc9009c9ddf09dd7973b26339c7531e,2026-09-05T12:30:02+00:00,47,171,128,89,9.9,21.200000000000045,38,fit:4646790a223ca804ff872615506f25932dc9009c9ddf09dd7973b26339c7531e:segment:002,2,79.0,69,activities/125_260905142842.csv,1,1,0,0
fit:4646790a223ca804ff872615506f25932dc9009c9ddf09dd7973b26339c7531e,2026-09-05T12:30:03+00:00,48,172,127,89,9.868,21.200000000000045,38,fit:4646790a223ca804ff872615506f25932dc9009c9ddf09dd7973b26339c7531e:segment:002,2,80.0,70,activities/125_260905142842.csv,1,1,0,0
fit:4646790a223ca804ff872615506f25932dc9009c9ddf09dd7973b26339c7531e,2026-09-05T12:30:04+00:00,49,175,127,88,9.832,21.200000000000045,38,fit:4646790a223ca804ff872615506f25932dc9009c9ddf09dd7973b26339c7531e:segment:002,2,81.0,71,activities/125_260905142842.csv,1,1,0,0
fit:4646790a223ca804ff872615506f25932dc9009c9ddf09dd7973b26339c7531e,2026-09-05T12:30:05+00:00,50,175,127,88,9.771,21.200000000000045,38,fit:4646790a223ca804ff872615506f25932dc9009c9ddf09dd7973b26339c7531e:segment:002,2,82.0,72,activities/125_260905142842.csv,1,1,0,0
fit:4646790a223ca804ff872615506f25932dc9009c9ddf09dd7973b26339c7531e,2026-09-05T12:30:06+00:00,51,185,127,88,9.786,21.600000000000023,38,fit:4646790a223ca804ff872615506f25932dc9009c9ddf09dd7973b26339c7531e:segment:002,2,83.0,73,activities/125_260905142842.csv,1,1,0,0
fit:4646790a223ca804ff872615506f25932dc9009c9ddf09dd7973b26339c7531e,2026-09-05T12:30:07+00:00,52,176,127,88,9.753,21.600000000000023,38,fit:4646790a223ca804ff872615506f25932dc9009c9ddf09dd7973b26339c7531e:segment:002,2,84.0,74,activities/125_260905142842.csv,1,1,0,0
fit:4646790a223ca804ff872615506f25932dc9009c9ddf09dd7973b26339c7531e,2026-09-05T12:30:08+00:00,53,182,127,89,9.776,21.600000000000023,38,fit:4646790a223ca804ff872615506f25932dc9009c9ddf09dd7973b26339c7531e:segment:002,2,85.0,75,activities/125_260905142842.csv,1,1,0,0
fit:4646790a223ca804ff872615506f25932dc9009c9ddf09dd7973b26339c7531e,2026-09-05T12:30:09+00:00,54,188,127,88,9.728,20.600000000000023,38,fit:4646790a223ca804ff872615506f25932dc9009c9ddf09dd7973b26339c7531e:segment:002,2,86.0,76,activities/125_260905142842.csv,1,1,0,0
fit:4646790a223ca804ff872615506f25932dc9009c9ddf09dd7973b26339c7531e,2026-09-05T12:30:10+00:00,55,199,127,88,9.736,20.200000000000045,38,fit:4646790a223ca804ff872615506f25932dc9009c9ddf09dd7973b26339c7531e:segment:002,2,87.0,77,activities/125_260905142842.csv,1,1,0,0
fit:4646790a223ca804ff872615506f25932dc9009c9ddf09dd7973b26339c7531e,2026-09-05T12:30:11+00:00,56,174,127,88,9.7,20.200000000000045,38,fit:4646790a223ca804ff872615506f25932dc9009c9ddf09dd7973b26339c7531e:segment:002,2,88.0,78,activities/125_260905142842.csv,1,1,0,0
fit:4646790a223ca804ff872615506f25932dc9009c9ddf09dd7973b26339c7531e,2026-09-05T12:30:12+00:00,57,183,126,88,9.719,20.200000000000045,38,fit:4646790a223ca804ff872615506f25932dc9009c9ddf09dd7973b26339c7531e:segment:002,2,89.0,79,activities/125_260905142842.csv,1,1,0,0
fit:4646790a223ca804ff872615506f25932dc9009c9ddf09dd7973b26339c7531e,2026-09-05T12:30:13+00:00,58,180,126,88,9.692,20.200000000000045,38,fit:4646790a223ca804ff872615506f25932dc9009c9ddf09dd7973b26339c7531e:segment:002,2,90.0,80,activities/125_260905142842.csv,1,1,0,0
fit:4646790a223ca804ff872615506f25932dc9009c9ddf09dd7973b26339c7531e,2026-09-05T12:30:14+00:00,59,180,126,88,9.65,20.399999999999977,38,fit:4646790a223ca804ff872615506f25932dc9009c9ddf09dd7973b26339c7531e:segment:002,2,91.0,81,activities/125_260905142842.csv,1,1,0,0
fit:4646790a223ca804ff872615506f25932dc9009c9ddf09dd7973b26339c7531e,2026-09-05T12:30:15+00:00,60,178,126,87,9.629,20.399999999999977,38,fit:4646790a223ca804ff872615506f25932dc9009c9ddf09dd7973b26339c7531e:segment:002,2,92.0,82,activities/125_260905142842.csv,1,1,0,0
fit:4646790a223ca804ff872615506f25932dc9009c9ddf09dd7973b26339c7531e,2026-09-05T12:30:16+00:00,61,186,126,86,9.568,20.399999999999977,38,fit:4646790a223ca804ff872615506f25932dc9009c9ddf09dd7973b26339c7531e:segment:002,2,93.0,83,activities/125_260905142842.csv,1,1,0,0
fit:4646790a223ca804ff872615506f25932dc9009c9ddf09dd7973b26339c7531e,2026-09-05T12:30:17+00:00,62,187,126,86,9.553,20.399999999999977,38,fit:4646790a223ca804ff872615506f25932dc9009c9ddf09dd7973b26339c7531e:segment:002,2,94.0,84,activities/125_260905142842.csv,1,1,0,0
fit:4646790a223ca804ff872615506f25932dc9009c9ddf09dd7973b26339c7531e,2026-09-05T12:30:18+00:00,63,174,126,86,9.53,20.0,38,fit:4646790a223ca804ff872615506f25932dc9009c9ddf09dd7973b26339c7531e:segment:002,2,95.0,85,activities/125_260905142842.csv,1,1,0,0
fit:4646790a223ca804ff872615506f25932dc9009c9ddf09dd7973b26339c7531e,2026-09-05T12:30:19+00:00,64,155,127,85,9.518,20.0,38,fit:4646790a223ca804ff872615506f25932dc9009c9ddf09dd7973b26339c7531e:segment:002,2,96.0,86,activities/125_260905142842.csv,1,1,0,0
fit:4646790a223ca804ff872615506f25932dc9009c9ddf09dd7973b26339c7531e,2026-09-05T12:30:20+00:00,65,217,127,86,9.479,20.0,38,fit:4646790a223ca804ff872615506f25932dc9009c9ddf09dd7973b26339c7531e:segment:002,2,97.0,87,activities/125_260905142842.csv,1,1,0,0
fit:4646790a223ca804ff872615506f25932dc9009c9ddf09dd7973b26339c7531e,2026-09-05T12:30:21+00:00,66,174,126,86,9.467,21.0,38,fit:4646790a223ca804ff872615506f25932dc9009c9ddf09dd7973b26339c7531e:segment:002,2,98.0,88,activities/125_260905142842.csv,1,1,0,0
fit:4646790a223ca804ff872615506f25932dc9009c9ddf09dd7973b26339c7531e,2026-09-05T12:30:22+00:00,67,174,125,86,9.484,21.0,38,fit:4646790a223ca804ff872615506f25932dc9009c9ddf09dd7973b26339c7531e:segment:002,2,99.0,89,activities/125_260905142842.csv,1,1,0,0
fit:4646790a223ca804ff872615506f25932dc9009c9ddf09dd7973b26339c7531e,2026-09-05T12:30:23+00:00,68,163,125,86,9.562,21.0,38,fit:4646790a223ca804ff872615506f25932dc9009c9ddf09dd7973b26339c7531e:segment:002,2,100.0,90,activities/125_260905142842.csv,1,1,0,0
fit:4646790a223ca804ff872615506f25932dc9009c9ddf09dd7973b26339c7531e,2026-09-05T12:30:24+00:00,69,241,124,86,9.522,21.0,38,fit:4646790a223ca804ff872615506f25932dc9009c9ddf09dd7973b26339c7531e:segment:002,2,101.0,91,activities/125_260905142842.csv,1,1,0,0
fit:4646790a223ca804ff872615506f25932dc9009c9ddf09dd7973b26339c7531e,2026-09-05T12:30:25+00:00,70,204,123,87,9.529,21.0,38,fit:4646790a223ca804ff872615506f25932dc9009c9ddf09dd7973b26339c7531e:segment:002,2,102.0,92,activities/125_260905142842.csv,1,1,0,0
fit:4646790a223ca804ff872615506f25932dc9009c9ddf09dd7973b26339c7531e,2026-09-05T12:30:26+00:00,71,201,123,87,9.55,20.399999999999977,38,fit:4646790a223ca804ff872615506f25932dc9009c9ddf09dd7973b26339c7531e:segment:002,2,103.0,93,activities/125_260905142842.csv,1,1,0,0
fit:4646790a223ca804ff872615506f25932dc9009c9ddf09dd7973b26339c7531e,2026-09-05T12:30:27+00:00,72,194,122,87,9.551,20.399999999999977,38,fit:4646790a223ca804ff872615506f25932dc9009c9ddf09dd7973b26339c7531e:segment:002,2,104.0,94,activities/125_260905142842.csv,1,1,0,0
fit:4646790a223ca804ff872615506f25932dc9009c9ddf09dd7973b26339c7531e,2026-09-05T12:30:28+00:00,73,195,123,87,9.553,20.399999999999977,38,fit:4646790a223ca804ff872615506f25932dc9009c9ddf09dd7973b26339c7531e:segment:002,2,105.0,95,activities/125_260905142842.csv,1,1,0,0
fit:4646790a223ca804ff872615506f25932dc9009c9ddf09dd7973b26339c7531e,2026-09-05T12:30:29+00:00,74,190,123,86,9.571,20.399999999999977,38,fit:4646790a223ca804ff872615506f25932dc9009c9ddf09dd7973b26339c7531e:segment:002,2,106.0,96,activities/125_260905142842.csv,1,1,0,0
fit:4646790a223ca804ff872615506f25932dc9009c9ddf09dd7973b26339c7531e,2026-09-05T12:30:30+00:00,75,168,124,87,9.535,20.200000000000045,38,fit:4646790a223ca804ff872615506f25932dc9009c9ddf09dd7973b26339c7531e:segment:002,2,107.0,97,activities/125_260905142842.csv,1,1,0,0
fit:4646790a223ca804ff872615506f25932dc9009c9ddf09dd7973b26339c7531e,2026-09-05T12:30:31+00:00,76,188,124,87,9.508,20.200000000000045,38,fit:4646790a223ca804ff872615506f25932dc9009c9ddf09dd7973b26339c7531e:segment:002,2,108.0,98,activities/125_260905142842.csv,1,1,0,0
fit:4646790a223ca804ff872615506f25932dc9009c9ddf09dd7973b26339c7531e,2026-09-05T12:30:32+00:00,77,202,125,87,9.551,20.200000000000045,38,fit:4646790a223ca804ff872615506f25932dc9009c9ddf09dd7973b26339c7531e:segment:002,2,109.0,99,activities/125_260905142842.csv,1,1,0,0
fit:4646790a223ca804ff872615506f25932dc9009c9ddf09dd7973b26339c7531e,2026-09-05T12:30:33+00:00,78,181,125,87,9.536,20.200000000000045,38,fit:4646790a223ca804ff872615506f25932dc9009c9ddf09dd7973b26339c7531e:segment:002,2,110.0,100,activities/125_260905142842.csv,1,1,0,0
fit:4646790a223ca804ff872615506f25932dc9009c9ddf09dd7973b26339c7531e,2026-09-05T12:30:34+00:00,79,94,125,87,9.559,21.600000000000023,38,fit:4646790a223ca804ff872615506f25932dc9009c9ddf09dd7973b26339c7531e:segment:002,2,111.0,101,activities/125_260905142842.csv,1,1,0,0
fit:4646790a223ca804ff872615506f25932dc9009c9ddf09dd7973b26339c7531e,2026-09-05T12:30:35+00:00,80,105,126,87,9.539,21.600000000000023,38,fit:4646790a223ca804ff872615506f25932dc9009c9ddf09dd7973b26339c7531e:segment:002,2,112.0,102,activities/125_260905142842.csv,1,1,0,0
fit:4646790a223ca804ff872615506f25932dc9009c9ddf09dd7973b26339c7531e,2026-09-05T12:30:36+00:00,81,136,126,86,9.526,21.600000000000023,38,fit:4646790a223ca804ff872615506f25932dc9009c9ddf09dd7973b26339c7531e:segment:002,2,113.0,103,activities/125_260905142842.csv,1,1,0,0
fit:4646790a223ca804ff872615506f25932dc9009c9ddf09dd7973b26339c7531e,2026-09-05T12:30:37+00:00,82,169,127,86,9.476,20.600000000000023,38,fit:4646790a223ca804ff872615506f25932dc9009c9ddf09dd7973b26339c7531e:segment:002,2,114.0,104,activities/125_260905142842.csv,1,1,0,0
fit:4646790a223ca804ff872615506f25932dc9009c9ddf09dd7973b26339c7531e,2026-09-05T12:30:38+00:00,83,190,127,86,9.446,20.799999999999955,38,fit:4646790a223ca804ff872615506f25932dc9009c9ddf09dd7973b26339c7531e:segment:002,2,115.0,105,activities/125_260905142842.csv,1,1,0,0
fit:4646790a223ca804ff872615506f25932dc9009c9ddf09dd7973b26339c7531e,2026-09-05T12:30:39+00:00,84,176,128,86,9.449,20.799999999999955,38,fit:4646790a223ca804ff872615506f25932dc9009c9ddf09dd7973b26339c7531e:segment:002,2,116.0,106,activities/125_260905142842.csv,1,1,0,0
fit:4646790a223ca804ff872615506f25932dc9009c9ddf09dd7973b26339c7531e,2026-09-05T12:30:40+00:00,85,178,128,87,9.521,20.799999999999955,38,fit:4646790a223ca804ff872615506f25932dc9009c9ddf09dd7973b26339c7531e:segment:002,2,117.0,107,activities/125_260905142842.csv,1,1,0,0
fit:4646790a223ca804ff872615506f25932dc9009c9ddf09dd7973b26339c7531e,2026-09-05T12:30:41+00:00,86,191,128,87,9.547,20.799999999999955,38,fit:4646790a223ca804ff872615506f25932dc9009c9ddf09dd7973b26339c7531e:segment:002,2,118.0,108,activities/125_260905142842.csv,1,1,0,0
fit:4646790a223ca804ff872615506f25932dc9009c9ddf09dd7973b26339c7531e,2026-09-05T12:30:42+00:00,87,172,128,87,9.54,20.799999999999955,38,fit:4646790a223ca804ff872615506f25932dc9009c9ddf09dd7973b26339c7531e:segment:002,2,119.0,109,activities/125_260905142842.csv,1,1,0,0
fit:4646790a223ca804ff872615506f25932dc9009c9ddf09dd7973b26339c7531e,2026-09-05T12:30:43+00:00,88,155,127,87,9.572,20.200000000000045,38,fit:4646790a223ca804ff872615506f25932dc9009c9ddf09dd7973b26339c7531e:segment:002,2,120.0,110,activities/125_260905142842.csv,1,1,0,0
fit:4646790a223ca804ff872615506f25932dc9009c9ddf09dd7973b26339c7531e,2026-09-05T12:30:44+00:00,89,156,125,87,9.574,20.200000000000045,38,fit:4646790a223ca804ff872615506f25932dc9009c9ddf09dd7973b26339c7531e:segment:002,2,121.0,111,activities/125_260905142842.csv,1,1,0,0
fit:4646790a223ca804ff872615506f25932dc9009c9ddf09dd7973b26339c7531e,2026-09-05T12:30:45+00:00,90,168,125,87,9.613,20.200000000000045,38,fit:4646790a223ca804ff872615506f25932dc9009c9ddf09dd7973b26339c7531e:segment:002,2,122.0,112,activities/125_260905142842.csv,1,1,0,0
fit:4646790a223ca804ff872615506f25932dc9009c9ddf09dd7973b26339c7531e,2026-09-05T12:30:46+00:00,91,155,125,87,9.568,20.200000000000045,38,fit:4646790a223ca804ff872615506f25932dc9009c9ddf09dd7973b26339c7531e:segment:002,2,123.0,113,activities/125_260905142842.csv,1,1,0,0
fit:4646790a223ca804ff872615506f25932dc9009c9ddf09dd7973b26339c7531e,2026-09-05T12:30:47+00:00,92,159,125,88,9.576,21.200000000000045,38,fit:4646790a223ca804ff872615506f25932dc9009c9ddf09dd7973b26339c7531e:segment:002,2,124.0,114,activities/125_260905142842.csv,1,1,0,0
fit:4646790a223ca804ff872615506f25932dc9009c9ddf09dd7973b26339c7531e,2026-09-05T12:30:48+00:00,93,141,125,88,9.586,21.200000000000045,38,fit:4646790a223ca804ff872615506f25932dc9009c9ddf09dd7973b26339c7531e:segment:002,2,125.0,115,activities/125_260905142842.csv,1,1,0,0
fit:4646790a223ca804ff872615506f25932dc9009c9ddf09dd7973b26339c7531e,2026-09-05T12:30:49+00:00,94,151,125,89,9.62,21.200000000000045,38,fit:4646790a223ca804ff872615506f25932dc9009c9ddf09dd7973b26339c7531e:segment:002,2,126.0,116,activities/125_260905142842.csv,1,1,0,0
fit:4646790a223ca804ff872615506f25932dc9009c9ddf09dd7973b26339c7531e,2026-09-05T12:30:50+00:00,95,136,125,89,9.737,20.600000000000023,38,fit:4646790a223ca804ff872615506f25932dc9009c9ddf09dd7973b26339c7531e:segment:002,2,127.0,117,activities/125_260905142842.csv,1,1,0,0
fit:4646790a223ca804ff872615506f25932dc9009c9ddf09dd7973b26339c7531e,2026-09-05T12:30:51+00:00,96,121,125,89,9.793,19.799999999999955,38,fit:4646790a223ca804ff872615506f25932dc9009c9ddf09dd7973b26339c7531e:segment:002,2,128.0,118,activities/125_260905142842.csv,1,1,0,0
fit:4646790a223ca804ff872615506f25932dc9009c9ddf09dd7973b26339c7531e,2026-09-05T12:30:52+00:00,97,132,125,89,9.821,19.799999999999955,38,fit:4646790a223ca804ff872615506f25932dc9009c9ddf09dd7973b26339c7531e:segment:002,2,129.0,119,activities/125_260905142842.csv,1,1,0,0
fit:4646790a223ca804ff872615506f25932dc9009c9ddf09dd7973b26339c7531e,2026-09-05T12:30:53+00:00,98,60,124,90,9.863,19.799999999999955,38,fit:4646790a223ca804ff872615506f25932dc9009c9ddf09dd7973b26339c7531e:segment:002,2,130.0,120,activities/125_260905142842.csv,1,1,0,0
fit:4646790a223ca804ff872615506f25932dc9009c9ddf09dd7973b26339c7531e,2026-09-05T12:30:54+00:00,99,403,123,36,9.898,19.799999999999955,38,fit:4646790a223ca804ff872615506f25932dc9009c9ddf09dd7973b26339c7531e:segment:002,2,131.0,121,activities/125_260905142842.csv,1,1,0,0
fit:4646790a223ca804ff872615506f25932dc9009c9ddf09dd7973b26339c7531e,2026-09-05T12:30:55+00:00,100,209,123,89,9.944,20.200000000000045,38,fit:4646790a223ca804ff872615506f25932dc9009c9ddf09dd7973b26339c7531e:segment:002,2,132.0,122,activities/125_260905142842.csv,1,1,0,0
fit:4646790a223ca804ff872615506f25932dc9009c9ddf09dd7973b26339c7531e,2026-09-05T12:30:56+00:00,101,138,121,90,9.972,20.200000000000045,38,fit:4646790a223ca804ff872615506f25932dc9009c9ddf09dd7973b26339c7531e:segment:002,2,133.0,123,activities/125_260905142842.csv,1,1,0,0
fit:4646790a223ca804ff872615506f25932dc9009c9ddf09dd7973b26339c7531e,2026-09-05T12:30:57+00:00,102,166,121,89,10.043,20.200000000000045,38,fit:4646790a223ca804ff872615506f25932dc9009c9ddf09dd7973b26339c7531e:segment:002,2,134.0,124,activities/125_260905142842.csv,1,1,0,0
fit:4646790a223ca804ff872615506f25932dc9009c9ddf09dd7973b26339c7531e,2026-09-05T12:30:58+00:00,103,186,121,89,9.962,20.200000000000045,38,fit:4646790a223ca804ff872615506f25932dc9009c9ddf09dd7973b26339c7531e:segment:002,2,135.0,125,activities/125_260905142842.csv,1,1,0,0
fit:4646790a223ca804ff872615506f25932dc9009c9ddf09dd7973b26339c7531e,2026-09-05T12:30:59+00:00,104,180,121,89,9.866,19.600000000000023,38,fit:4646790a223ca804ff872615506f25932dc9009c9ddf09dd7973b26339c7531e:segment:002,2,136.0,126,activities/125_260905142842.csv,1,1,0,0
fit:4646790a223ca804ff872615506f25932dc9009c9ddf09dd7973b26339c7531e,2026-09-05T12:31:00+00:00,105,186,121,89,9.737,19.600000000000023,38,fit:4646790a223ca804ff872615506f25932dc9009c9ddf09dd7973b26339c7531e:segment:002,2,137.0,127,activities/125_260905142842.csv,1,1,0,0
fit:4646790a223ca804ff872615506f25932dc9009c9ddf09dd7973b26339c7531e,2026-09-05T12:31:01+00:00,106,192,122,89,9.766,19.600000000000023,38,fit:4646790a223ca804ff872615506f25932dc9009c9ddf09dd7973b26339c7531e:segment:002,2,138.0,128,activities/125_260905142842.csv,1,1,0,0
fit:4646790a223ca804ff872615506f25932dc9009c9ddf09dd7973b26339c7531e,2026-09-05T12:31:02+00:00,107,221,122,90,9.765,19.600000000000023,38,fit:4646790a223ca804ff872615506f25932dc9009c9ddf09dd7973b26339c7531e:segment:002,2,139.0,129,activities/125_260905142842.csv,1,1,0,0
fit:4646790a223ca804ff872615506f25932dc9009c9ddf09dd7973b26339c7531e,2026-09-05T12:31:03+00:00,108,235,122,90,9.832,20.200000000000045,38,fit:4646790a223ca804ff872615506f25932dc9009c9ddf09dd7973b26339c7531e:segment:002,2,140.0,130,activities/125_260905142842.csv,1,1,0,0
fit:4646790a223ca804ff872615506f25932dc9009c9ddf09dd7973b26339c7531e,2026-09-05T12:31:04+00:00,109,199,124,91,9.878,20.200000000000045,38,fit:4646790a223ca804ff872615506f25932dc9009c9ddf09dd7973b26339c7531e:segment:002,2,141.0,131,activities/125_260905142842.csv,1,1,0,0
fit:4646790a223ca804ff872615506f25932dc9009c9ddf09dd7973b26339c7531e,2026-09-05T12:31:05+00:00,110,199,124,90,9.914,20.200000000000045,38,fit:4646790a223ca804ff872615506f25932dc9009c9ddf09dd7973b26339c7531e:segment:002,2,142.0,132,activities/125_260905142842.csv,1,1,0,0
fit:4646790a223ca804ff872615506f25932dc9009c9ddf09dd7973b26339c7531e,2026-09-05T12:31:06+00:00,111,144,125,90,9.892,19.399999999999977,38,fit:4646790a223ca804ff872615506f25932dc9009c9ddf09dd7973b26339c7531e:segment:002,2,143.0,133,activities/125_260905142842.csv,1,1,0,0
fit:4646790a223ca804ff872615506f25932dc9009c9ddf09dd7973b26339c7531e,2026-09-05T12:31:07+00:00,112,150,127,89,9.917,20.200000000000045,38,fit:4646790a223ca804ff872615506f25932dc9009c9ddf09dd7973b26339c7531e:segment:002,2,144.0,134,activities/125_260905142842.csv,1,1,0,0
fit:4646790a223ca804ff872615506f25932dc9009c9ddf09dd7973b26339c7531e,2026-09-05T12:31:08+00:00,113,150,127,89,9.927,20.200000000000045,38,fit:4646790a223ca804ff872615506f25932dc9009c9ddf09dd7973b26339c7531e:segment:002,2,145.0,135,activities/125_260905142842.csv,1,1,0,0
fit:4646790a223ca804ff872615506f25932dc9009c9ddf09dd7973b26339c7531e,2026-09-05T12:31:09+00:00,114,205,128,88,9.754,20.200000000000045,38,fit:4646790a223ca804ff872615506f25932dc9009c9ddf09dd7973b26339c7531e:segment:002,2,146.0,136,activities/125_260905142842.csv,1,1,0,0
fit:4646790a223ca804ff872615506f25932dc9009c9ddf09dd7973b26339c7531e,2026-09-05T12:31:10+00:00,115,206,128,87,9.742,19.399999999999977,38,fit:4646790a223ca804ff872615506f25932dc9009c9ddf09dd7973b26339c7531e:segment:002,2,147.0,137,activities/125_260905142842.csv,1,1,0,0
fit:4646790a223ca804ff872615506f25932dc9009c9ddf09dd7973b26339c7531e,2026-09-05T12:31:11+00:00,116,224,128,87,9.714,19.0,38,fit:4646790a223ca804ff872615506f25932dc9009c9ddf09dd7973b26339c7531e:segment:002,2,148.0,138,activities/125_260905142842.csv,1,1,0,0
fit:4646790a223ca804ff872615506f25932dc9009c9ddf09dd7973b26339c7531e,2026-09-05T12:31:12+00:00,117,181,128,88,9.72,19.0,38,fit:4646790a223ca804ff872615506f25932dc9009c9ddf09dd7973b26339c7531e:segment:002,2,149.0,139,activities/125_260905142842.csv,1,1,0,0
fit:4646790a223ca804ff872615506f25932dc9009c9ddf09dd7973b26339c7531e,2026-09-05T12:31:13+00:00,118,198,128,89,9.729,19.0,38,fit:4646790a223ca804ff872615506f25932dc9009c9ddf09dd7973b26339c7531e:segment:002,2,150.0,140,activities/125_260905142842.csv,1,1,0,0
fit:4646790a223ca804ff872615506f25932dc9009c9ddf09dd7973b26339c7531e,2026-09-05T12:31:14+00:00,119,171,128,89,9.805,20.0,37,fit:4646790a223ca804ff872615506f25932dc9009c9ddf09dd7973b26339c7531e:segment:002,2,151.0,141,activities/125_260905142842.csv,1,1,0,0
fit:4646790a223ca804ff872615506f25932dc9009c9ddf09dd7973b26339c7531e,2026-09-05T12:31:15+00:00,120,172,128,89,9.825,20.399999999999977,37,fit:4646790a223ca804ff872615506f25932dc9009c9ddf09dd7973b26339c7531e:segment:002,2,152.0,142,activities/125_260905142842.csv,1,1,0,0
fit:4646790a223ca804ff872615506f25932dc9009c9ddf09dd7973b26339c7531e,2026-09-05T12:31:16+00:00,121,162,129,89,9.882,20.399999999999977,37,fit:4646790a223ca804ff872615506f25932dc9009c9ddf09dd7973b26339c7531e:segment:002,2,153.0,143,activities/125_260905142842.csv,1,1,0,0
fit:4646790a223ca804ff872615506f25932dc9009c9ddf09dd7973b26339c7531e,2026-09-05T12:31:17+00:00,122,191,130,89,9.881,20.399999999999977,37,fit:4646790a223ca804ff872615506f25932dc9009c9ddf09dd7973b26339c7531e:segment:002,2,154.0,144,activities/125_260905142842.csv,1,1,0,0
fit:4646790a223ca804ff872615506f25932dc9009c9ddf09dd7973b26339c7531e,2026-09-05T12:31:18+00:00,123,196,131,89,9.894,19.399999999999977,37,fit:4646790a223ca804ff872615506f25932dc9009c9ddf09dd7973b26339c7531e:segment:002,2,155.0,145,activities/125_260905142842.csv,1,1,0,0
fit:4646790a223ca804ff872615506f25932dc9009c9ddf09dd7973b26339c7531e,2026-09-05T12:31:19+00:00,124,217,131,89,9.847,19.799999999999955,37,fit:4646790a223ca804ff872615506f25932dc9009c9ddf09dd7973b26339c7531e:segment:002,2,156.0,146,activities/125_260905142842.csv,1,1,0,0
fit:4646790a223ca804ff872615506f25932dc9009c9ddf09dd7973b26339c7531e,2026-09-05T12:31:20+00:00,125,233,131,89,9.854,19.799999999999955,37,fit:4646790a223ca804ff872615506f25932dc9009c9ddf09dd7973b26339c7531e:segment:002,2,157.0,147,activities/125_260905142842.csv,1,1,0,0
fit:4646790a223ca804ff872615506f25932dc9009c9ddf09dd7973b26339c7531e,2026-09-05T12:31:21+00:00,126,208,132,90,9.844,19.799999999999955,37,fit:4646790a223ca804ff872615506f25932dc9009c9ddf09dd7973b26339c7531e:segment:002,2,158.0,148,activities/125_260905142842.csv,1,1,0,0
fit:4646790a223ca804ff872615506f25932dc9009c9ddf09dd7973b26339c7531e,2026-09-05T12:31:22+00:00,127,181,132,90,9.824,19.600000000000023,37,fit:4646790a223ca804ff872615506f25932dc9009c9ddf09dd7973b26339c7531e:segment:002,2,159.0,149,activities/125_260905142842.csv,1,1,0,0
fit:4646790a223ca804ff872615506f25932dc9009c9ddf09dd7973b26339c7531e,2026-09-05T12:31:23+00:00,128,167,132,89,9.839,19.399999999999977,37,fit:4646790a223ca804ff872615506f25932dc9009c9ddf09dd7973b26339c7531e:segment:002,2,160.0,150,activities/125_260905142842.csv,1,1,0,0
fit:4646790a223ca804ff872615506f25932dc9009c9ddf09dd7973b26339c7531e,2026-09-05T12:31:24+00:00,129,193,132,89,9.874,19.399999999999977,37,fit:4646790a223ca804ff872615506f25932dc9009c9ddf09dd7973b26339c7531e:segment:002,2,161.0,151,activities/125_260905142842.csv,1,1,0,0
fit:4646790a223ca804ff872615506f25932dc9009c9ddf09dd7973b26339c7531e,2026-09-05T12:31:25+00:00,130,232,132,88,9.812,19.399999999999977,37,fit:4646790a223ca804ff872615506f25932dc9009c9ddf09dd7973b26339c7531e:segment:002,2,162.0,152,activities/125_260905142842.csv,1,1,0,0
fit:4646790a223ca804ff872615506f25932dc9009c9ddf09dd7973b26339c7531e,2026-09-05T12:31:26+00:00,131,212,132,88,9.8,19.399999999999977,37,fit:4646790a223ca804ff872615506f25932dc9009c9ddf09dd7973b26339c7531e:segment:002,2,163.0,153,activities/125_260905142842.csv,1,1,0,0
fit:4646790a223ca804ff872615506f25932dc9009c9ddf09dd7973b26339c7531e,2026-09-05T12:31:27+00:00,132,198,132,88,9.788,19.799999999999955,37,fit:4646790a223ca804ff872615506f25932dc9009c9ddf09dd7973b26339c7531e:segment:002,2,164.0,154,activities/125_260905142842.csv,1,1,0,0
fit:4646790a223ca804ff872615506f25932dc9009c9ddf09dd7973b26339c7531e,2026-09-05T12:31:28+00:00,133,228,132,88,9.788,19.799999999999955,37,fit:4646790a223ca804ff872615506f25932dc9009c9ddf09dd7973b26339c7531e:segment:002,2,165.0,155,activities/125_260905142842.csv,1,1,0,0
fit:4646790a223ca804ff872615506f25932dc9009c9ddf09dd7973b26339c7531e,2026-09-05T12:31:29+00:00,134,182,131,88,9.724,19.799999999999955,37,fit:4646790a223ca804ff872615506f25932dc9009c9ddf09dd7973b26339c7531e:segment:002,2,166.0,156,activities/125_260905142842.csv,1,1,0,0
fit:4646790a223ca804ff872615506f25932dc9009c9ddf09dd7973b26339c7531e,2026-09-05T12:31:30+00:00,135,182,131,88,9.657,19.799999999999955,37,fit:4646790a223ca804ff872615506f25932dc9009c9ddf09dd7973b26339c7531e:segment:002,2,167.0,157,activities/125_260905142842.csv,1,1,0,0
fit:4646790a223ca804ff872615506f25932dc9009c9ddf09dd7973b26339c7531e,2026-09-05T12:31:31+00:00,136,173,129,88,9.596,19.399999999999977,37,fit:4646790a223ca804ff872615506f25932dc9009c9ddf09dd7973b26339c7531e:segment:002,2,168.0,158,activities/125_260905142842.csv,1,1,0,0
fit:4646790a223ca804ff872615506f25932dc9009c9ddf09dd7973b26339c7531e,2026-09-05T12:31:32+00:00,137,138,128,87,9.488,19.399999999999977,37,fit:4646790a223ca804ff872615506f25932dc9009c9ddf09dd7973b26339c7531e:segment:002,2,169.0,159,activities/125_260905142842.csv,1,1,0,0
fit:4646790a223ca804ff872615506f25932dc9009c9ddf09dd7973b26339c7531e,2026-09-05T12:31:33+00:00,138,145,127,87,9.504,19.399999999999977,37,fit:4646790a223ca804ff872615506f25932dc9009c9ddf09dd7973b26339c7531e:segment:002,2,170.0,160,activities/125_260905142842.csv,1,1,0,0
fit:4646790a223ca804ff872615506f25932dc9009c9ddf09dd7973b26339c7531e,2026-09-05T12:31:34+00:00,139,159,127,87,9.509,20.399999999999977,37,fit:4646790a223ca804ff872615506f25932dc9009c9ddf09dd7973b26339c7531e:segment:002,2,171.0,161,activities/125_260905142842.csv,1,1,0,0
fit:4646790a223ca804ff872615506f25932dc9009c9ddf09dd7973b26339c7531e,2026-09-05T12:31:35+00:00,140,182,127,86,9.475,19.799999999999955,37,fit:4646790a223ca804ff872615506f25932dc9009c9ddf09dd7973b26339c7531e:segment:002,2,172.0,162,activities/125_260905142842.csv,1,1,0,0
fit:4646790a223ca804ff872615506f25932dc9009c9ddf09dd7973b26339c7531e,2026-09-05T12:31:36+00:00,141,175,127,86,9.514,19.799999999999955,37,fit:4646790a223ca804ff872615506f25932dc9009c9ddf09dd7973b26339c7531e:segment:002,2,173.0,163,activities/125_260905142842.csv,1,1,0,0
fit:4646790a223ca804ff872615506f25932dc9009c9ddf09dd7973b26339c7531e,2026-09-05T12:31:37+00:00,142,166,127,87,9.64,19.799999999999955,37,fit:4646790a223ca804ff872615506f25932dc9009c9ddf09dd7973b26339c7531e:segment:002,2,174.0,164,activities/125_260905142842.csv,1,1,0,0
fit:4646790a223ca804ff872615506f25932dc9009c9ddf09dd7973b26339c7531e,2026-09-05T12:31:38+00:00,143,172,127,87,9.583,20.399999999999977,37,fit:4646790a223ca804ff872615506f25932dc9009c9ddf09dd7973b26339c7531e:segment:002,2,175.0,165,activities/125_260905142842.csv,1,1,0,0
fit:4646790a223ca804ff872615506f25932dc9009c9ddf09dd7973b26339c7531e,2026-09-05T12:31:39+00:00,144,171,127,87,9.633,19.799999999999955,37,fit:4646790a223ca804ff872615506f25932dc9009c9ddf09dd7973b26339c7531e:segment:002,2,176.0,166,activities/125_260905142842.csv,1,1,0,0
fit:4646790a223ca804ff872615506f25932dc9009c9ddf09dd7973b26339c7531e,2026-09-05T12:31:40+00:00,145,172,128,86,9.598,19.799999999999955,37,fit:4646790a223ca804ff872615506f25932dc9009c9ddf09dd7973b26339c7531e:segment:002,2,177.0,167,activities/125_260905142842.csv,1,1,0,0
fit:4646790a223ca804ff872615506f25932dc9009c9ddf09dd7973b26339c7531e,2026-09-05T12:31:41+00:00,146,175,128,86,9.522,19.799999999999955,37,fit:4646790a223ca804ff872615506f25932dc9009c9ddf09dd7973b26339c7531e:segment:002,2,178.0,168,activities/125_260905142842.csv,1,1,0,0
fit:4646790a223ca804ff872615506f25932dc9009c9ddf09dd7973b26339c7531e,2026-09-05T12:31:42+00:00,147,186,129,86,9.475,19.799999999999955,37,fit:4646790a223ca804ff872615506f25932dc9009c9ddf09dd7973b26339c7531e:segment:002,2,179.0,169,activities/125_260905142842.csv,1,1,0,0
fit:4646790a223ca804ff872615506f25932dc9009c9ddf09dd7973b26339c7531e,2026-09-05T12:31:43+00:00,148,184,129,85,9.391,19.399999999999977,37,fit:4646790a223ca804ff872615506f25932dc9009c9ddf09dd7973b26339c7531e:segment:002,2,180.0,170,activities/125_260905142842.csv,1,1,0,0
fit:4646790a223ca804ff872615506f25932dc9009c9ddf09dd7973b26339c7531e,2026-09-05T12:31:44+00:00,149,172,129,85,9.35,19.399999999999977,37,fit:4646790a223ca804ff872615506f25932dc9009c9ddf09dd7973b26339c7531e:segment:002,2,181.0,171,activities/125_260905142842.csv,1,1,0,0
fit:4646790a223ca804ff872615506f25932dc9009c9ddf09dd7973b26339c7531e,2026-09-05T12:31:45+00:00,150,215,130,85,9.357,19.399999999999977,37,fit:4646790a223ca804ff872615506f25932dc9009c9ddf09dd7973b26339c7531e:segment:002,2,182.0,172,activities/125_260905142842.csv,1,1,0,0
fit:4646790a223ca804ff872615506f25932dc9009c9ddf09dd7973b26339c7531e,2026-09-05T12:31:46+00:00,151,187,131,85,9.466,20.399999999999977,37,fit:4646790a223ca804ff872615506f25932dc9009c9ddf09dd7973b26339c7531e:segment:002,2,183.0,173,activities/125_260905142842.csv,1,1,0,0
fit:4646790a223ca804ff872615506f25932dc9009c9ddf09dd7973b26339c7531e,2026-09-05T12:31:47+00:00,152,196,130,85,9.452,18.200000000000045,37,fit:4646790a223ca804ff872615506f25932dc9009c9ddf09dd7973b26339c7531e:segment:002,2,184.0,174,activities/125_260905142842.csv,1,1,0,0
fit:4646790a223ca804ff872615506f25932dc9009c9ddf09dd7973b26339c7531e,2026-09-05T12:31:48+00:00,153,179,130,85,9.388,18.200000000000045,37,fit:4646790a223ca804ff872615506f25932dc9009c9ddf09dd7973b26339c7531e:segment:002,2,185.0,175,activities/125_260905142842.csv,1,1,0,0
fit:4646790a223ca804ff872615506f25932dc9009c9ddf09dd7973b26339c7531e,2026-09-05T12:31:49+00:00,154,178,129,84,9.297,18.200000000000045,37,fit:4646790a223ca804ff872615506f25932dc9009c9ddf09dd7973b26339c7531e:segment:002,2,186.0,176,activities/125_260905142842.csv,1,1,0,0
fit:4646790a223ca804ff872615506f25932dc9009c9ddf09dd7973b26339c7531e,2026-09-05T12:31:50+00:00,155,163,128,84,9.256,19.200000000000045,37,fit:4646790a223ca804ff872615506f25932dc9009c9ddf09dd7973b26339c7531e:segment:002,2,187.0,177,activities/125_260905142842.csv,1,1,0,0
fit:4646790a223ca804ff872615506f25932dc9009c9ddf09dd7973b26339c7531e,2026-09-05T12:31:51+00:00,156,209,128,84,9.271,19.600000000000023,37,fit:4646790a223ca804ff872615506f25932dc9009c9ddf09dd7973b26339c7531e:segment:002,2,188.0,178,activities/125_260905142842.csv,1,1,0,0
fit:4646790a223ca804ff872615506f25932dc9009c9ddf09dd7973b26339c7531e,2026-09-05T12:31:52+00:00,157,191,128,85,9.304,19.600000000000023,37,fit:4646790a223ca804ff872615506f25932dc9009c9ddf09dd7973b26339c7531e:segment:002,2,189.0,179,activities/125_260905142842.csv,1,1,0,0
fit:4646790a223ca804ff872615506f25932dc9009c9ddf09dd7973b26339c7531e,2026-09-05T12:31:53+00:00,158,235,128,85,9.382,19.600000000000023,37,fit:4646790a223ca804ff872615506f25932dc9009c9ddf09dd7973b26339c7531e:segment:002,2,190.0,180,activities/125_260905142842.csv,1,1,0,0
fit:4646790a223ca804ff872615506f25932dc9009c9ddf09dd7973b26339c7531e,2026-09-05T12:31:54+00:00,159,165,128,85,9.423,20.0,37,fit:4646790a223ca804ff872615506f25932dc9009c9ddf09dd7973b26339c7531e:segment:002,2,191.0,181,activities/125_260905142842.csv,1,1,0,0
fit:4646790a223ca804ff872615506f25932dc9009c9ddf09dd7973b26339c7531e,2026-09-05T12:31:55+00:00,160,166,128,84,9.231,19.799999999999955,37,fit:4646790a223ca804ff872615506f25932dc9009c9ddf09dd7973b26339c7531e:segment:002,2,192.0,182,activities/125_260905142842.csv,1,1,0,0
fit:4646790a223ca804ff872615506f25932dc9009c9ddf09dd7973b26339c7531e,2026-09-05T12:31:56+00:00,161,184,129,84,9.171,19.799999999999955,37,fit:4646790a223ca804ff872615506f25932dc9009c9ddf09dd7973b26339c7531e:segment:002,2,193.0,183,activities/125_260905142842.csv,1,1,0,0
fit:4646790a223ca804ff872615506f25932dc9009c9ddf09dd7973b26339c7531e,2026-09-05T12:31:57+00:00,162,182,129,85,9.216,19.799999999999955,37,fit:4646790a223ca804ff872615506f25932dc9009c9ddf09dd7973b26339c7531e:segment:002,2,194.0,184,activities/125_260905142842.csv,1,1,0,0
fit:4646790a223ca804ff872615506f25932dc9009c9ddf09dd7973b26339c7531e,2026-09-05T12:31:58+00:00,163,182,129,84,9.333,20.600000000000023,37,fit:4646790a223ca804ff872615506f25932dc9009c9ddf09dd7973b26339c7531e:segment:002,2,195.0,185,activities/125_260905142842.csv,1,1,0,0
fit:4646790a223ca804ff872615506f25932dc9009c9ddf09dd7973b26339c7531e,2026-09-05T12:31:59+00:00,164,189,129,84,9.308,20.200000000000045,37,fit:4646790a223ca804ff872615506f25932dc9009c9ddf09dd7973b26339c7531e:segment:002,2,196.0,186,activities/125_260905142842.csv,1,1,0,0
fit:4646790a223ca804ff872615506f25932dc9009c9ddf09dd7973b26339c7531e,2026-09-05T12:32:00+00:00,165,190,129,84,9.266,20.200000000000045,37,fit:4646790a223ca804ff872615506f25932dc9009c9ddf09dd7973b26339c7531e:segment:002,2,197.0,187,activities/125_260905142842.csv,1,1,0,0
fit:4646790a223ca804ff872615506f25932dc9009c9ddf09dd7973b26339c7531e,2026-09-05T12:32:01+00:00,166,81,129,84,9.246,20.200000000000045,37,fit:4646790a223ca804ff872615506f25932dc9009c9ddf09dd7973b26339c7531e:segment:002,2,198.0,188,activities/125_260905142842.csv,1,1,0,0
fit:4646790a223ca804ff872615506f25932dc9009c9ddf09dd7973b26339c7531e,2026-09-05T12:32:02+00:00,167,81,129,84,9.231,21.200000000000045,37,fit:4646790a223ca804ff872615506f25932dc9009c9ddf09dd7973b26339c7531e:segment:002,2,199.0,189,activities/125_260905142842.csv,1,1,0,0
fit:4646790a223ca804ff872615506f25932dc9009c9ddf09dd7973b26339c7531e,2026-09-05T12:32:03+00:00,168,82,129,84,9.196,21.0,37,fit:4646790a223ca804ff872615506f25932dc9009c9ddf09dd7973b26339c7531e:segment:002,2,200.0,190,activities/125_260905142842.csv,1,1,0,0
fit:4646790a223ca804ff872615506f25932dc9009c9ddf09dd7973b26339c7531e,2026-09-05T12:32:04+00:00,169,363,128,81,8.969,21.0,37,fit:4646790a223ca804ff872615506f25932dc9009c9ddf09dd7973b26339c7531e:segment:002,2,201.0,191,activities/125_260905142842.csv,1,1,0,0
fit:4646790a223ca804ff872615506f25932dc9009c9ddf09dd7973b26339c7531e,2026-09-05T12:32:05+00:00,170,215,128,82,9.172,21.0,37,fit:4646790a223ca804ff872615506f25932dc9009c9ddf09dd7973b26339c7531e:segment:002,2,202.0,192,activities/125_260905142842.csv,1,1,0,0
fit:4646790a223ca804ff872615506f25932dc9009c9ddf09dd7973b26339c7531e,2026-09-05T12:32:06+00:00,171,274,128,83,9.166,20.600000000000023,37,fit:4646790a223ca804ff872615506f25932dc9009c9ddf09dd7973b26339c7531e:segment:002,2,203.0,193,activities/125_260905142842.csv,1,1,0,0
fit:4646790a223ca804ff872615506f25932dc9009c9ddf09dd7973b26339c7531e,2026-09-05T12:32:07+00:00,172,233,127,83,9.185,19.0,37,fit:4646790a223ca804ff872615506f25932dc9009c9ddf09dd7973b26339c7531e:segment:002,2,204.0,194,activities/125_260905142842.csv,1,1,0,0
fit:4646790a223ca804ff872615506f25932dc9009c9ddf09dd7973b26339c7531e,2026-09-05T12:32:08+00:00,173,185,126,86,9.286,19.0,37,fit:4646790a223ca804ff872615506f25932dc9009c9ddf09dd7973b26339c7531e:segment:002,2,205.0,195,activities/125_260905142842.csv,1,1,0,0
fit:4646790a223ca804ff872615506f25932dc9009c9ddf09dd7973b26339c7531e,2026-09-05T12:32:09+00:00,174,186,126,86,9.341,19.0,37,fit:4646790a223ca804ff872615506f25932dc9009c9ddf09dd7973b26339c7531e:segment:002,2,206.0,196,activities/125_260905142842.csv,1,1,0,0
fit:4646790a223ca804ff872615506f25932dc9009c9ddf09dd7973b26339c7531e,2026-09-05T12:32:10+00:00,175,198,126,86,9.355,19.0,37,fit:4646790a223ca804ff872615506f25932dc9009c9ddf09dd7973b26339c7531e:segment:002,2,207.0,197,activities/125_260905142842.csv,1,1,0,0
fit:4646790a223ca804ff872615506f25932dc9009c9ddf09dd7973b26339c7531e,2026-09-05T12:32:11+00:00,176,192,126,86,9.393,19.600000000000023,37,fit:4646790a223ca804ff872615506f25932dc9009c9ddf09dd7973b26339c7531e:segment:002,2,208.0,198,activities/125_260905142842.csv,1,1,0,0
fit:4646790a223ca804ff872615506f25932dc9009c9ddf09dd7973b26339c7531e,2026-09-05T12:32:12+00:00,177,189,126,86,9.355,19.600000000000023,37,fit:4646790a223ca804ff872615506f25932dc9009c9ddf09dd7973b26339c7531e:segment:002,2,209.0,199,activities/125_260905142842.csv,1,1,0,0
fit:4646790a223ca804ff872615506f25932dc9009c9ddf09dd7973b26339c7531e,2026-09-05T12:32:13+00:00,178,213,126,86,9.422,19.600000000000023,37,fit:4646790a223ca804ff872615506f25932dc9009c9ddf09dd7973b26339c7531e:segment:002,2,210.0,200,activities/125_260905142842.csv,1,1,0,0
fit:4646790a223ca804ff872615506f25932dc9009c9ddf09dd7973b26339c7531e,2026-09-05T12:32:14+00:00,179,213,127,86,9.463,19.600000000000023,37,fit:4646790a223ca804ff872615506f25932dc9009c9ddf09dd7973b26339c7531e:segment:002,2,211.0,201,activities/125_260905142842.csv,1,1,0,0
fit:4646790a223ca804ff872615506f25932dc9009c9ddf09dd7973b26339c7531e,2026-09-05T12:32:15+00:00,180,220,128,86,9.518,19.799999999999955,37,fit:4646790a223ca804ff872615506f25932dc9009c9ddf09dd7973b26339c7531e:segment:002,2,212.0,202,activities/125_260905142842.csv,1,1,0,0
fit:4646790a223ca804ff872615506f25932dc9009c9ddf09dd7973b26339c7531e,2026-09-05T12:32:16+00:00,181,175,128,87,9.579,19.799999999999955,37,fit:4646790a223ca804ff872615506f25932dc9009c9ddf09dd7973b26339c7531e:segment:002,2,213.0,203,activities/125_260905142842.csv,1,1,0,0
fit:4646790a223ca804ff872615506f25932dc9009c9ddf09dd7973b26339c7531e,2026-09-05T12:32:17+00:00,182,179,128,87,9.577,19.799999999999955,37,fit:4646790a223ca804ff872615506f25932dc9009c9ddf09dd7973b26339c7531e:segment:002,2,214.0,204,activities/125_260905142842.csv,1,1,0,0
fit:4646790a223ca804ff872615506f25932dc9009c9ddf09dd7973b26339c7531e,2026-09-05T12:32:18+00:00,183,193,128,86,9.513,19.799999999999955,37,fit:4646790a223ca804ff872615506f25932dc9009c9ddf09dd7973b26339c7531e:segment:002,2,215.0,205,activities/125_260905142842.csv,1,1,0,0
fit:4646790a223ca804ff872615506f25932dc9009c9ddf09dd7973b26339c7531e,2026-09-05T12:32:19+00:00,184,183,127,86,9.445,21.200000000000045,37,fit:4646790a223ca804ff872615506f25932dc9009c9ddf09dd7973b26339c7531e:segment:002,2,216.0,206,activities/125_260905142842.csv,1,1,0,0
fit:4646790a223ca804ff872615506f25932dc9009c9ddf09dd7973b26339c7531e,2026-09-05T12:32:20+00:00,185,183,127,86,9.375,21.200000000000045,37,fit:4646790a223ca804ff872615506f25932dc9009c9ddf09dd7973b26339c7531e:segment:002,2,217.0,207,activities/125_260905142842.csv,1,1,0,0
fit:4646790a223ca804ff872615506f25932dc9009c9ddf09dd7973b26339c7531e,2026-09-05T12:32:21+00:00,186,205,127,86,9.393,21.200000000000045,37,fit:4646790a223ca804ff872615506f25932dc9009c9ddf09dd7973b26339c7531e:segment:002,2,218.0,208,activities/125_260905142842.csv,1,1,0,0
fit:4646790a223ca804ff872615506f25932dc9009c9ddf09dd7973b26339c7531e,2026-09-05T12:32:22+00:00,187,210,127,85,9.395,20.399999999999977,37,fit:4646790a223ca804ff872615506f25932dc9009c9ddf09dd7973b26339c7531e:segment:002,2,219.0,209,activities/125_260905142842.csv,1,1,0,0
fit:4646790a223ca804ff872615506f25932dc9009c9ddf09dd7973b26339c7531e,2026-09-05T12:32:23+00:00,188,203,127,85,9.408,20.0,37,fit:4646790a223ca804ff872615506f25932dc9009c9ddf09dd7973b26339c7531e:segment:002,2,220.0,210,activities/125_260905142842.csv,1,1,0,0
fit:4646790a223ca804ff872615506f25932dc9009c9ddf09dd7973b26339c7531e,2026-09-05T12:32:24+00:00,189,201,128,85,9.431,20.0,37,fit:4646790a223ca804ff872615506f25932dc9009c9ddf09dd7973b26339c7531e:segment:002,2,221.0,211,activities/125_260905142842.csv,1,1,0,0
fit:4646790a223ca804ff872615506f25932dc9009c9ddf09dd7973b26339c7531e,2026-09-05T12:32:25+00:00,190,185,128,85,9.408,20.0,37,fit:4646790a223ca804ff872615506f25932dc9009c9ddf09dd7973b26339c7531e:segment:002,2,222.0,212,activities/125_260905142842.csv,1,1,0,0
fit:4646790a223ca804ff872615506f25932dc9009c9ddf09dd7973b26339c7531e,2026-09-05T12:32:26+00:00,191,195,128,85,9.318,21.0,37,fit:4646790a223ca804ff872615506f25932dc9009c9ddf09dd7973b26339c7531e:segment:002,2,223.0,213,activities/125_260905142842.csv,1,1,0,0
fit:4646790a223ca804ff872615506f25932dc9009c9ddf09dd7973b26339c7531e,2026-09-05T12:32:27+00:00,192,202,128,85,9.304,20.200000000000045,37,fit:4646790a223ca804ff872615506f25932dc9009c9ddf09dd7973b26339c7531e:segment:002,2,224.0,214,activities/125_260905142842.csv,1,1,0,0
fit:4646790a223ca804ff872615506f25932dc9009c9ddf09dd7973b26339c7531e,2026-09-05T12:32:28+00:00,193,204,128,85,9.345,20.200000000000045,37,fit:4646790a223ca804ff872615506f25932dc9009c9ddf09dd7973b26339c7531e:segment:002,2,225.0,215,activities/125_260905142842.csv,1,1,0,0
fit:4646790a223ca804ff872615506f25932dc9009c9ddf09dd7973b26339c7531e,2026-09-05T12:32:29+00:00,194,202,128,85,9.369,20.200000000000045,37,fit:4646790a223ca804ff872615506f25932dc9009c9ddf09dd7973b26339c7531e:segment:002,2,226.0,216,activities/125_260905142842.csv,1,1,0,0
fit:4646790a223ca804ff872615506f25932dc9009c9ddf09dd7973b26339c7531e,2026-09-05T12:32:30+00:00,195,184,128,86,9.365,20.200000000000045,37,fit:4646790a223ca804ff872615506f25932dc9009c9ddf09dd7973b26339c7531e:segment:002,2,227.0,217,activities/125_260905142842.csv,1,1,0,0
fit:4646790a223ca804ff872615506f25932dc9009c9ddf09dd7973b26339c7531e,2026-09-05T12:32:31+00:00,196,189,128,85,9.386,20.200000000000045,37,fit:4646790a223ca804ff872615506f25932dc9009c9ddf09dd7973b26339c7531e:segment:002,2,228.0,218,activities/125_260905142842.csv,1,1,0,0
fit:4646790a223ca804ff872615506f25932dc9009c9ddf09dd7973b26339c7531e,2026-09-05T12:32:32+00:00,197,199,129,85,9.401,20.200000000000045,37,fit:4646790a223ca804ff872615506f25932dc9009c9ddf09dd7973b26339c7531e:segment:002,2,229.0,219,activities/125_260905142842.csv,1,1,0,0
fit:4646790a223ca804ff872615506f25932dc9009c9ddf09dd7973b26339c7531e,2026-09-05T12:32:33+00:00,198,199,129,85,9.334,20.200000000000045,37,fit:4646790a223ca804ff872615506f25932dc9009c9ddf09dd7973b26339c7531e:segment:002,2,230.0,220,activities/125_260905142842.csv,1,1,0,0
fit:4646790a223ca804ff872615506f25932dc9009c9ddf09dd7973b26339c7531e,2026-09-05T12:32:34+00:00,199,185,130,85,9.309,20.600000000000023,37,fit:4646790a223ca804ff872615506f25932dc9009c9ddf09dd7973b26339c7531e:segment:002,2,231.0,221,activities/125_260905142842.csv,1,1,0,0
fit:4646790a223ca804ff872615506f25932dc9009c9ddf09dd7973b26339c7531e,2026-09-05T12:32:35+00:00,200,167,131,85,9.307,21.200000000000045,37,fit:4646790a223ca804ff872615506f25932dc9009c9ddf09dd7973b26339c7531e:segment:002,2,232.0,222,activities/125_260905142842.csv,1,1,0,0
fit:4646790a223ca804ff872615506f25932dc9009c9ddf09dd7973b26339c7531e,2026-09-05T12:32:36+00:00,201,196,132,85,9.353,21.200000000000045,37,fit:4646790a223ca804ff872615506f25932dc9009c9ddf09dd7973b26339c7531e:segment:002,2,233.0,223,activities/125_260905142842.csv,1,1,0,0
fit:4646790a223ca804ff872615506f25932dc9009c9ddf09dd7973b26339c7531e,2026-09-05T12:32:37+00:00,202,205,132,86,9.445,21.200000000000045,37,fit:4646790a223ca804ff872615506f25932dc9009c9ddf09dd7973b26339c7531e:segment:002,2,234.0,224,activities/125_260905142842.csv,1,1,0,0
fit:4646790a223ca804ff872615506f25932dc9009c9ddf09dd7973b26339c7531e,2026-09-05T12:32:38+00:00,203,222,132,86,9.475,21.200000000000045,37,fit:4646790a223ca804ff872615506f25932dc9009c9ddf09dd7973b26339c7531e:segment:002,2,235.0,225,activities/125_260905142842.csv,1,1,0,0
fit:4646790a223ca804ff872615506f25932dc9009c9ddf09dd7973b26339c7531e,2026-09-05T12:32:39+00:00,204,222,133,87,9.543,19.200000000000045,37,fit:4646790a223ca804ff872615506f25932dc9009c9ddf09dd7973b26339c7531e:segment:002,2,236.0,226,activities/125_260905142842.csv,1,1,0,0
fit:4646790a223ca804ff872615506f25932dc9009c9ddf09dd7973b26339c7531e,2026-09-05T12:32:40+00:00,205,208,133,87,9.551,19.200000000000045,37,fit:4646790a223ca804ff872615506f25932dc9009c9ddf09dd7973b26339c7531e:segment:002,2,237.0,227,activities/125_260905142842.csv,1,1,0,0
fit:4646790a223ca804ff872615506f25932dc9009c9ddf09dd7973b26339c7531e,2026-09-05T12:32:41+00:00,206,205,134,87,9.506,19.200000000000045,37,fit:4646790a223ca804ff872615506f25932dc9009c9ddf09dd7973b26339c7531e:segment:002,2,238.0,228,activities/125_260905142842.csv,1,1,0,0
fit:4646790a223ca804ff872615506f25932dc9009c9ddf09dd7973b26339c7531e,2026-09-05T12:32:42+00:00,207,209,134,87,9.587,19.200000000000045,37,fit:4646790a223ca804ff872615506f25932dc9009c9ddf09dd7973b26339c7531e:segment:002,2,239.0,229,activities/125_260905142842.csv,1,1,0,0
fit:4646790a223ca804ff872615506f25932dc9009c9ddf09dd7973b26339c7531e,2026-09-05T12:32:43+00:00,208,203,134,87,9.487,18.799999999999955,37,fit:4646790a223ca804ff872615506f25932dc9009c9ddf09dd7973b26339c7531e:segment:002,2,240.0,230,activities/125_260905142842.csv,1,1,0,0
fit:4646790a223ca804ff872615506f25932dc9009c9ddf09dd7973b26339c7531e,2026-09-05T12:32:44+00:00,209,190,135,87,9.488,18.799999999999955,37,fit:4646790a223ca804ff872615506f25932dc9009c9ddf09dd7973b26339c7531e:segment:002,2,241.0,231,activities/125_260905142842.csv,1,1,0,0
fit:4646790a223ca804ff872615506f25932dc9009c9ddf09dd7973b26339c7531e,2026-09-05T12:32:45+00:00,210,191,136,87,9.614,18.799999999999955,37,fit:4646790a223ca804ff872615506f25932dc9009c9ddf09dd7973b26339c7531e:segment:002,2,242.0,232,activities/125_260905142842.csv,1,1,0,0
fit:4646790a223ca804ff872615506f25932dc9009c9ddf09dd7973b26339c7531e,2026-09-05T12:32:46+00:00,211,179,136,87,9.61,19.799999999999955,37,fit:4646790a223ca804ff872615506f25932dc9009c9ddf09dd7973b26339c7531e:segment:002,2,243.0,233,activities/125_260905142842.csv,1,1,0,0
fit:4646790a223ca804ff872615506f25932dc9009c9ddf09dd7973b26339c7531e,2026-09-05T12:32:47+00:00,212,188,137,88,9.643,20.600000000000023,37,fit:4646790a223ca804ff872615506f25932dc9009c9ddf09dd7973b26339c7531e:segment:002,2,244.0,234,activities/125_260905142842.csv,1,1,0,0
fit:4646790a223ca804ff872615506f25932dc9009c9ddf09dd7973b26339c7531e,2026-09-05T12:32:48+00:00,213,201,138,89,9.673,20.600000000000023,37,fit:4646790a223ca804ff872615506f25932dc9009c9ddf09dd7973b26339c7531e:segment:002,2,245.0,235,activities/125_260905142842.csv,1,1,0,0
fit:4646790a223ca804ff872615506f25932dc9009c9ddf09dd7973b26339c7531e,2026-09-05T12:32:49+00:00,214,132,139,89,9.751,20.600000000000023,37,fit:4646790a223ca804ff872615506f25932dc9009c9ddf09dd7973b26339c7531e:segment:002,2,246.0,236,activities/125_260905142842.csv,1,1,0,0
fit:4646790a223ca804ff872615506f25932dc9009c9ddf09dd7973b26339c7531e,2026-09-05T12:32:50+00:00,215,139,139,89,9.813,20.200000000000045,37,fit:4646790a223ca804ff872615506f25932dc9009c9ddf09dd7973b26339c7531e:segment:002,2,247.0,237,activities/125_260905142842.csv,1,1,0,0
fit:4646790a223ca804ff872615506f25932dc9009c9ddf09dd7973b26339c7531e,2026-09-05T12:32:51+00:00,216,138,139,89,9.83,19.600000000000023,37,fit:4646790a223ca804ff872615506f25932dc9009c9ddf09dd7973b26339c7531e:segment:002,2,248.0,238,activities/125_260905142842.csv,1,1,0,0
fit:4646790a223ca804ff872615506f25932dc9009c9ddf09dd7973b26339c7531e,2026-09-05T12:32:52+00:00,217,153,139,88,9.802,19.600000000000023,37,fit:4646790a223ca804ff872615506f25932dc9009c9ddf09dd7973b26339c7531e:segment:002,2,249.0,239,activities/125_260905142842.csv,1,1,0,0
fit:4646790a223ca804ff872615506f25932dc9009c9ddf09dd7973b26339c7531e,2026-09-05T12:32:53+00:00,218,157,138,88,9.817,19.600000000000023,37,fit:4646790a223ca804ff872615506f25932dc9009c9ddf09dd7973b26339c7531e:segment:002,2,250.0,240,activities/125_260905142842.csv,1,1,0,0
fit:4646790a223ca804ff872615506f25932dc9009c9ddf09dd7973b26339c7531e,2026-09-05T12:32:54+00:00,219,157,138,88,9.722,19.600000000000023,37,fit:4646790a223ca804ff872615506f25932dc9009c9ddf09dd7973b26339c7531e:segment:002,2,251.0,241,activities/125_260905142842.csv,1,1,0,0
fit:4646790a223ca804ff872615506f25932dc9009c9ddf09dd7973b26339c7531e,2026-09-05T12:32:55+00:00,220,219,137,88,9.68,19.200000000000045,37,fit:4646790a223ca804ff872615506f25932dc9009c9ddf09dd7973b26339c7531e:segment:002,2,252.0,242,activities/125_260905142842.csv,1,1,0,0
fit:4646790a223ca804ff872615506f25932dc9009c9ddf09dd7973b26339c7531e,2026-09-05T12:32:56+00:00,221,187,135,88,9.676,19.200000000000045,37,fit:4646790a223ca804ff872615506f25932dc9009c9ddf09dd7973b26339c7531e:segment:002,2,253.0,243,activities/125_260905142842.csv,1,1,0,0
fit:4646790a223ca804ff872615506f25932dc9009c9ddf09dd7973b26339c7531e,2026-09-05T12:32:57+00:00,222,201,134,89,9.573,19.200000000000045,37,fit:4646790a223ca804ff872615506f25932dc9009c9ddf09dd7973b26339c7531e:segment:002,2,254.0,244,activities/125_260905142842.csv,1,1,0,0
fit:4646790a223ca804ff872615506f25932dc9009c9ddf09dd7973b26339c7531e,2026-09-05T12:32:58+00:00,223,190,134,89,9.654,19.200000000000045,37,fit:4646790a223ca804ff872615506f25932dc9009c9ddf09dd7973b26339c7531e:segment:002,2,255.0,245,activities/125_260905142842.csv,1,1,0,0
fit:4646790a223ca804ff872615506f25932dc9009c9ddf09dd7973b26339c7531e,2026-09-05T12:32:59+00:00,224,184,132,89,9.749,19.799999999999955,37,fit:4646790a223ca804ff872615506f25932dc9009c9ddf09dd7973b26339c7531e:segment:002,2,256.0,246,activities/125_260905142842.csv,1,1,0,0
fit:4646790a223ca804ff872615506f25932dc9009c9ddf09dd7973b26339c7531e,2026-09-05T12:33:00+00:00,225,155,131,89,9.697,19.799999999999955,37,fit:4646790a223ca804ff872615506f25932dc9009c9ddf09dd7973b26339c7531e:segment:002,2,257.0,247,activities/125_260905142842.csv,1,1,0,0
fit:4646790a223ca804ff872615506f25932dc9009c9ddf09dd7973b26339c7531e,2026-09-05T12:33:01+00:00,226,175,131,89,9.591,19.799999999999955,37,fit:4646790a223ca804ff872615506f25932dc9009c9ddf09dd7973b26339c7531e:segment:002,2,258.0,248,activities/125_260905142842.csv,1,1,0,0
fit:4646790a223ca804ff872615506f25932dc9009c9ddf09dd7973b26339c7531e,2026-09-05T12:33:02+00:00,227,159,131,88,9.574,19.799999999999955,37,fit:4646790a223ca804ff872615506f25932dc9009c9ddf09dd7973b26339c7531e:segment:002,2,259.0,249,activities/125_260905142842.csv,1,1,0,0
fit:4646790a223ca804ff872615506f25932dc9009c9ddf09dd7973b26339c7531e,2026-09-05T12:33:03+00:00,228,176,130,87,9.592,19.200000000000045,37,fit:4646790a223ca804ff872615506f25932dc9009c9ddf09dd7973b26339c7531e:segment:002,2,260.0,250,activities/125_260905142842.csv,1,1,0,0
fit:4646790a223ca804ff872615506f25932dc9009c9ddf09dd7973b26339c7531e,2026-09-05T12:33:04+00:00,229,187,130,87,9.521,19.200000000000045,37,fit:4646790a223ca804ff872615506f25932dc9009c9ddf09dd7973b26339c7531e:segment:002,2,261.0,251,activities/125_260905142842.csv,1,1,0,0
fit:4646790a223ca804ff872615506f25932dc9009c9ddf09dd7973b26339c7531e,2026-09-05T12:33:05+00:00,230,188,130,86,9.485,19.200000000000045,37,fit:4646790a223ca804ff872615506f25932dc9009c9ddf09dd7973b26339c7531e:segment:002,2,262.0,252,activities/125_260905142842.csv,1,1,0,0
fit:4646790a223ca804ff872615506f25932dc9009c9ddf09dd7973b26339c7531e,2026-09-05T12:33:06+00:00,231,196,129,86,9.473,20.0,37,fit:4646790a223ca804ff872615506f25932dc9009c9ddf09dd7973b26339c7531e:segment:002,2,263.0,253,activities/125_260905142842.csv,1,1,0,0
fit:4646790a223ca804ff872615506f25932dc9009c9ddf09dd7973b26339c7531e,2026-09-05T12:33:07+00:00,232,175,129,86,9.453,21.200000000000045,36,fit:4646790a223ca804ff872615506f25932dc9009c9ddf09dd7973b26339c7531e:segment:002,2,264.0,254,activities/125_260905142842.csv,1,1,0,0
fit:4646790a223ca804ff872615506f25932dc9009c9ddf09dd7973b26339c7531e,2026-09-05T12:33:08+00:00,233,173,129,85,9.491,21.200000000000045,36,fit:4646790a223ca804ff872615506f25932dc9009c9ddf09dd7973b26339c7531e:segment:002,2,265.0,255,activities/125_260905142842.csv,1,1,0,0
fit:4646790a223ca804ff872615506f25932dc9009c9ddf09dd7973b26339c7531e,2026-09-05T12:33:09+00:00,234,197,129,85,9.496,21.200000000000045,36,fit:4646790a223ca804ff872615506f25932dc9009c9ddf09dd7973b26339c7531e:segment:002,2,266.0,256,activities/125_260905142842.csv,1,1,0,0
fit:4646790a223ca804ff872615506f25932dc9009c9ddf09dd7973b26339c7531e,2026-09-05T12:33:10+00:00,235,175,129,86,9.377,20.399999999999977,36,fit:4646790a223ca804ff872615506f25932dc9009c9ddf09dd7973b26339c7531e:segment:002,2,267.0,257,activities/125_260905142842.csv,1,1,0,0
fit:4646790a223ca804ff872615506f25932dc9009c9ddf09dd7973b26339c7531e,2026-09-05T12:33:11+00:00,236,200,129,86,9.339,18.600000000000023,36,fit:4646790a223ca804ff872615506f25932dc9009c9ddf09dd7973b26339c7531e:segment:002,2,268.0,258,activities/125_260905142842.csv,1,1,0,0
fit:4646790a223ca804ff872615506f25932dc9009c9ddf09dd7973b26339c7531e,2026-09-05T12:33:12+00:00,237,159,130,86,9.31,18.600000000000023,36,fit:4646790a223ca804ff872615506f25932dc9009c9ddf09dd7973b26339c7531e:segment:002,2,269.0,259,activities/125_260905142842.csv,1,1,0,0
fit:4646790a223ca804ff872615506f25932dc9009c9ddf09dd7973b26339c7531e,2026-09-05T12:33:13+00:00,238,197,131,87,9.363,18.600000000000023,36,fit:4646790a223ca804ff872615506f25932dc9009c9ddf09dd7973b26339c7531e:segment:002,2,270.0,260,activities/125_260905142842.csv,1,1,0,0
fit:4646790a223ca804ff872615506f25932dc9009c9ddf09dd7973b26339c7531e,2026-09-05T12:33:14+00:00,239,167,133,87,9.464,19.200000000000045,36,fit:4646790a223ca804ff872615506f25932dc9009c9ddf09dd7973b26339c7531e:segment:002,2,271.0,261,activities/125_260905142842.csv,1,1,0,0
fit:4646790a223ca804ff872615506f25932dc9009c9ddf09dd7973b26339c7531e,2026-09-05T12:33:15+00:00,240,369,133,87,9.51,19.799999999999955,36,fit:4646790a223ca804ff872615506f25932dc9009c9ddf09dd7973b26339c7531e:segment:002,2,272.0,262,activities/125_260905142842.csv,1,1,0,0
fit:4646790a223ca804ff872615506f25932dc9009c9ddf09dd7973b26339c7531e,2026-09-05T12:33:16+00:00,241,270,133,88,9.617,19.799999999999955,36,fit:4646790a223ca804ff872615506f25932dc9009c9ddf09dd7973b26339c7531e:segment:002,2,273.0,263,activities/125_260905142842.csv,1,1,0,0
fit:4646790a223ca804ff872615506f25932dc9009c9ddf09dd7973b26339c7531e,2026-09-05T12:33:17+00:00,242,182,134,88,9.715,19.799999999999955,36,fit:4646790a223ca804ff872615506f25932dc9009c9ddf09dd7973b26339c7531e:segment:002,2,274.0,264,activities/125_260905142842.csv,1,1,0,0
fit:4646790a223ca804ff872615506f25932dc9009c9ddf09dd7973b26339c7531e,2026-09-05T12:33:18+00:00,243,175,134,88,9.727,18.799999999999955,36,fit:4646790a223ca804ff872615506f25932dc9009c9ddf09dd7973b26339c7531e:segment:002,2,275.0,265,activities/125_260905142842.csv,1,1,0,0
fit:4646790a223ca804ff872615506f25932dc9009c9ddf09dd7973b26339c7531e,2026-09-05T12:33:19+00:00,244,140,134,88,9.759,19.200000000000045,36,fit:4646790a223ca804ff872615506f25932dc9009c9ddf09dd7973b26339c7531e:segment:002,2,276.0,266,activities/125_260905142842.csv,1,1,0,0
fit:4646790a223ca804ff872615506f25932dc9009c9ddf09dd7973b26339c7531e,2026-09-05T12:33:20+00:00,245,215,134,88,9.79,19.200000000000045,36,fit:4646790a223ca804ff872615506f25932dc9009c9ddf09dd7973b26339c7531e:segment:002,2,277.0,267,activities/125_260905142842.csv,1,1,0,0
fit:4646790a223ca804ff872615506f25932dc9009c9ddf09dd7973b26339c7531e,2026-09-05T12:33:21+00:00,246,197,135,87,9.736,19.200000000000045,36,fit:4646790a223ca804ff872615506f25932dc9009c9ddf09dd7973b26339c7531e:segment:002,2,278.0,268,activities/125_260905142842.csv,1,1,0,0
fit:4646790a223ca804ff872615506f25932dc9009c9ddf09dd7973b26339c7531e,2026-09-05T12:33:22+00:00,247,198,135,86,9.604,18.600000000000023,36,fit:4646790a223ca804ff872615506f25932dc9009c9ddf09dd7973b26339c7531e:segment:002,2,279.0,269,activities/125_260905142842.csv,1,1,0,0
fit:4646790a223ca804ff872615506f25932dc9009c9ddf09dd7973b26339c7531e,2026-09-05T12:33:23+00:00,248,198,135,86,9.479,18.600000000000023,36,fit:4646790a223ca804ff872615506f25932dc9009c9ddf09dd7973b26339c7531e:segment:002,2,280.0,270,activities/125_260905142842.csv,1,1,0,0
fit:4646790a223ca804ff872615506f25932dc9009c9ddf09dd7973b26339c7531e,2026-09-05T12:33:24+00:00,249,189,135,86,9.396,18.600000000000023,36,fit:4646790a223ca804ff872615506f25932dc9009c9ddf09dd7973b26339c7531e:segment:002,2,281.0,271,activities/125_260905142842.csv,1,1,0,0
fit:4646790a223ca804ff872615506f25932dc9009c9ddf09dd7973b26339c7531e,2026-09-05T12:33:25+00:00,250,401,135,86,9.377,18.600000000000023,36,fit:4646790a223ca804ff872615506f25932dc9009c9ddf09dd7973b26339c7531e:segment:002,2,282.0,272,activities/125_260905142842.csv,1,1,0,0
fit:4646790a223ca804ff872615506f25932dc9009c9ddf09dd7973b26339c7531e,2026-09-05T12:33:26+00:00,251,234,135,86,9.46,18.600000000000023,36,fit:4646790a223ca804ff872615506f25932dc9009c9ddf09dd7973b26339c7531e:segment:002,2,283.0,273,activities/125_260905142842.csv,1,1,0,0
fit:4646790a223ca804ff872615506f25932dc9009c9ddf09dd7973b26339c7531e,2026-09-05T12:33:27+00:00,252,182,135,87,9.541,18.399999999999977,36,fit:4646790a223ca804ff872615506f25932dc9009c9ddf09dd7973b26339c7531e:segment:002,2,284.0,274,activities/125_260905142842.csv,1,1,0,0
fit:4646790a223ca804ff872615506f25932dc9009c9ddf09dd7973b26339c7531e,2026-09-05T12:33:28+00:00,253,212,134,87,9.532,18.399999999999977,36,fit:4646790a223ca804ff872615506f25932dc9009c9ddf09dd7973b26339c7531e:segment:002,2,285.0,275,activities/125_260905142842.csv,1,1,0,0
fit:4646790a223ca804ff872615506f25932dc9009c9ddf09dd7973b26339c7531e,2026-09-05T12:33:29+00:00,254,189,134,86,9.48,18.399999999999977,36,fit:4646790a223ca804ff872615506f25932dc9009c9ddf09dd7973b26339c7531e:segment:002,2,286.0,276,activities/125_260905142842.csv,1,1,0,0
fit:4646790a223ca804ff872615506f25932dc9009c9ddf09dd7973b26339c7531e,2026-09-05T12:33:30+00:00,255,189,133,86,9.471,18.399999999999977,36,fit:4646790a223ca804ff872615506f25932dc9009c9ddf09dd7973b26339c7531e:segment:002,2,287.0,277,activities/125_260905142842.csv,1,1,0,0
fit:4646790a223ca804ff872615506f25932dc9009c9ddf09dd7973b26339c7531e,2026-09-05T12:33:31+00:00,256,168,133,86,9.44,18.799999999999955,36,fit:4646790a223ca804ff872615506f25932dc9009c9ddf09dd7973b26339c7531e:segment:002,2,288.0,278,activities/125_260905142842.csv,1,1,0,0
fit:4646790a223ca804ff872615506f25932dc9009c9ddf09dd7973b26339c7531e,2026-09-05T12:33:32+00:00,257,190,133,84,9.315,18.799999999999955,36,fit:4646790a223ca804ff872615506f25932dc9009c9ddf09dd7973b26339c7531e:segment:002,2,289.0,279,activities/125_260905142842.csv,1,1,0,0
fit:4646790a223ca804ff872615506f25932dc9009c9ddf09dd7973b26339c7531e,2026-09-05T12:33:33+00:00,258,274,133,84,9.313,18.799999999999955,36,fit:4646790a223ca804ff872615506f25932dc9009c9ddf09dd7973b26339c7531e:segment:002,2,290.0,280,activities/125_260905142842.csv,1,1,0,0
fit:4646790a223ca804ff872615506f25932dc9009c9ddf09dd7973b26339c7531e,2026-09-05T12:33:34+00:00,259,266,133,85,9.425,18.799999999999955,36,fit:4646790a223ca804ff872615506f25932dc9009c9ddf09dd7973b26339c7531e:segment:002,2,291.0,281,activities/125_260905142842.csv,1,1,0,0
fit:4646790a223ca804ff872615506f25932dc9009c9ddf09dd7973b26339c7531e,2026-09-05T12:33:35+00:00,260,266,133,86,9.448,19.200000000000045,36,fit:4646790a223ca804ff872615506f25932dc9009c9ddf09dd7973b26339c7531e:segment:002,2,292.0,282,activities/125_260905142842.csv,1,1,0,0
fit:4646790a223ca804ff872615506f25932dc9009c9ddf09dd7973b26339c7531e,2026-09-05T12:33:36+00:00,261,216,133,86,9.493,19.200000000000045,36,fit:4646790a223ca804ff872615506f25932dc9009c9ddf09dd7973b26339c7531e:segment:002,2,293.0,283,activities/125_260905142842.csv,1,1,0,0
fit:4646790a223ca804ff872615506f25932dc9009c9ddf09dd7973b26339c7531e,2026-09-05T12:33:37+00:00,262,204,133,87,9.597,19.200000000000045,36,fit:4646790a223ca804ff872615506f25932dc9009c9ddf09dd7973b26339c7531e:segment:002,2,294.0,284,activities/125_260905142842.csv,1,1,0,0
fit:4646790a223ca804ff872615506f25932dc9009c9ddf09dd7973b26339c7531e,2026-09-05T12:33:38+00:00,263,187,134,87,9.617,19.200000000000045,36,fit:4646790a223ca804ff872615506f25932dc9009c9ddf09dd7973b26339c7531e:segment:002,2,295.0,285,activities/125_260905142842.csv,1,1,0,0
fit:4646790a223ca804ff872615506f25932dc9009c9ddf09dd7973b26339c7531e,2026-09-05T12:33:39+00:00,264,178,134,87,9.546,19.200000000000045,36,fit:4646790a223ca804ff872615506f25932dc9009c9ddf09dd7973b26339c7531e:segment:002,2,296.0,286,activities/125_260905142842.csv,1,1,0,0
fit:4646790a223ca804ff872615506f25932dc9009c9ddf09dd7973b26339c7531e,2026-09-05T12:33:40+00:00,265,196,134,86,9.524,18.399999999999977,36,fit:4646790a223ca804ff872615506f25932dc9009c9ddf09dd7973b26339c7531e:segment:002,2,297.0,287,activities/125_260905142842.csv,1,1,0,0
fit:4646790a223ca804ff872615506f25932dc9009c9ddf09dd7973b26339c7531e,2026-09-05T12:33:41+00:00,266,211,134,86,9.405,18.399999999999977,36,fit:4646790a223ca804ff872615506f25932dc9009c9ddf09dd7973b26339c7531e:segment:002,2,298.0,288,activities/125_260905142842.csv,1,1,0,0
fit:4646790a223ca804ff872615506f25932dc9009c9ddf09dd7973b26339c7531e,2026-09-05T12:33:42+00:00,267,150,134,86,9.351,18.399999999999977,36,fit:4646790a223ca804ff872615506f25932dc9009c9ddf09dd7973b26339c7531e:segment:002,2,299.0,289,activities/125_260905142842.csv,1,1,0,0
fit:4646790a223ca804ff872615506f25932dc9009c9ddf09dd7973b26339c7531e,2026-09-05T12:33:43+00:00,268,108,134,85,9.31,18.399999999999977,36,fit:4646790a223ca804ff872615506f25932dc9009c9ddf09dd7973b26339c7531e:segment:002,2,300.0,290,activities/125_260905142842.csv,1,1,0,0
fit:4646790a223ca804ff872615506f25932dc9009c9ddf09dd7973b26339c7531e,2026-09-05T12:33:44+00:00,269,91,134,84,9.333,18.799999999999955,36,fit:4646790a223ca804ff872615506f25932dc9009c9ddf09dd7973b26339c7531e:segment:002,2,301.0,291,activities/125_260905142842.csv,1,1,0,0
fit:4646790a223ca804ff872615506f25932dc9009c9ddf09dd7973b26339c7531e,2026-09-05T12:33:45+00:00,270,146,134,84,9.212,18.799999999999955,36,fit:4646790a223ca804ff872615506f25932dc9009c9ddf09dd7973b26339c7531e:segment:002,2,302.0,292,activities/125_260905142842.csv,1,1,0,0
fit:4646790a223ca804ff872615506f25932dc9009c9ddf09dd7973b26339c7531e,2026-09-05T12:33:46+00:00,271,114,134,83,9.129,18.799999999999955,36,fit:4646790a223ca804ff872615506f25932dc9009c9ddf09dd7973b26339c7531e:segment:002,2,303.0,293,activities/125_260905142842.csv,1,1,0,0
fit:4646790a223ca804ff872615506f25932dc9009c9ddf09dd7973b26339c7531e,2026-09-05T12:33:47+00:00,272,63,134,82,9.082,18.799999999999955,36,fit:4646790a223ca804ff872615506f25932dc9009c9ddf09dd7973b26339c7531e:segment:002,2,304.0,294,activities/125_260905142842.csv,1,1,0,0
fit:4646790a223ca804ff872615506f25932dc9009c9ddf09dd7973b26339c7531e,2026-09-05T12:33:48+00:00,273,63,133,80,8.968,18.600000000000023,36,fit:4646790a223ca804ff872615506f25932dc9009c9ddf09dd7973b26339c7531e:segment:002,2,305.0,295,activities/125_260905142842.csv,1,1,0,0
fit:4646790a223ca804ff872615506f25932dc9009c9ddf09dd7973b26339c7531e,2026-09-05T12:33:49+00:00,274,82,133,79,8.831,18.600000000000023,36,fit:4646790a223ca804ff872615506f25932dc9009c9ddf09dd7973b26339c7531e:segment:002,2,306.0,296,activities/125_260905142842.csv,1,1,0,0
fit:4646790a223ca804ff872615506f25932dc9009c9ddf09dd7973b26339c7531e,2026-09-05T12:33:50+00:00,275,50,132,78,8.768,18.600000000000023,36,fit:4646790a223ca804ff872615506f25932dc9009c9ddf09dd7973b26339c7531e:segment:002,2,307.0,297,activities/125_260905142842.csv,1,1,0,0
fit:4646790a223ca804ff872615506f25932dc9009c9ddf09dd7973b26339c7531e,2026-09-05T12:33:51+00:00,276,50,132,76,8.574,18.799999999999955,36,fit:4646790a223ca804ff872615506f25932dc9009c9ddf09dd7973b26339c7531e:segment:002,2,308.0,298,activities/125_260905142842.csv,1,1,0,0
fit:4646790a223ca804ff872615506f25932dc9009c9ddf09dd7973b26339c7531e,2026-09-05T12:33:52+00:00,277,50,132,73,8.41,21.799999999999955,36,fit:4646790a223ca804ff872615506f25932dc9009c9ddf09dd7973b26339c7531e:segment:002,2,309.0,299,activities/125_260905142842.csv,1,1,0,0
fit:4646790a223ca804ff872615506f25932dc9009c9ddf09dd7973b26339c7531e,2026-09-05T12:33:53+00:00,278,50,132,73,8.259,21.799999999999955,36,fit:4646790a223ca804ff872615506f25932dc9009c9ddf09dd7973b26339c7531e:segment:002,2,310.0,300,activities/125_260905142842.csv,1,1,0,0
fit:4646790a223ca804ff872615506f25932dc9009c9ddf09dd7973b26339c7531e,2026-09-05T12:33:54+00:00,279,50,130,73,7.988,21.799999999999955,36,fit:4646790a223ca804ff872615506f25932dc9009c9ddf09dd7973b26339c7531e:segment:002,2,311.0,301,activities/125_260905142842.csv,1,1,0,0
fit:4646790a223ca804ff872615506f25932dc9009c9ddf09dd7973b26339c7531e,2026-09-05T12:33:55+00:00,280,50,129,73,7.764,20.799999999999955,36,fit:4646790a223ca804ff872615506f25932dc9009c9ddf09dd7973b26339c7531e:segment:002,2,312.0,302,activities/125_260905142842.csv,1,1,0,0
fit:4646790a223ca804ff872615506f25932dc9009c9ddf09dd7973b26339c7531e,2026-09-05T12:33:56+00:00,281,0,129,72,7.634,19.600000000000023,36,fit:4646790a223ca804ff872615506f25932dc9009c9ddf09dd7973b26339c7531e:segment:002,2,313.0,303,activities/125_260905142842.csv,1,1,0,0
fit:4646790a223ca804ff872615506f25932dc9009c9ddf09dd7973b26339c7531e,2026-09-05T12:33:57+00:00,282,0,127,0,7.461,19.600000000000023,36,fit:4646790a223ca804ff872615506f25932dc9009c9ddf09dd7973b26339c7531e:segment:002,2,314.0,304,activities/125_260905142842.csv,1,1,0,0
fit:4646790a223ca804ff872615506f25932dc9009c9ddf09dd7973b26339c7531e,2026-09-05T12:33:58+00:00,283,0,125,0,7.271,19.600000000000023,36,fit:4646790a223ca804ff872615506f25932dc9009c9ddf09dd7973b26339c7531e:segment:002,2,315.0,305,activities/125_260905142842.csv,1,1,0,0
fit:4646790a223ca804ff872615506f25932dc9009c9ddf09dd7973b26339c7531e,2026-09-05T12:33:59+00:00,284,0,124,0,7.138,20.0,36,fit:4646790a223ca804ff872615506f25932dc9009c9ddf09dd7973b26339c7531e:segment:002,2,316.0,306,activities/125_260905142842.csv,1,1,0,0
fit:4646790a223ca804ff872615506f25932dc9009c9ddf09dd7973b26339c7531e,2026-09-05T12:34:00+00:00,285,0,123,0,6.97,20.799999999999955,36,fit:4646790a223ca804ff872615506f25932dc9009c9ddf09dd7973b26339c7531e:segment:002,2,317.0,307,activities/125_260905142842.csv,1,1,0,0
fit:4646790a223ca804ff872615506f25932dc9009c9ddf09dd7973b26339c7531e,2026-09-05T12:34:01+00:00,286,0,121,0,6.537,20.799999999999955,36,fit:4646790a223ca804ff872615506f25932dc9009c9ddf09dd7973b26339c7531e:segment:002,2,318.0,308,activities/125_260905142842.csv,1,1,0,0
fit:4646790a223ca804ff872615506f25932dc9009c9ddf09dd7973b26339c7531e,2026-09-05T12:34:02+00:00,287,0,120,0,5.833,20.799999999999955,36,fit:4646790a223ca804ff872615506f25932dc9009c9ddf09dd7973b26339c7531e:segment:002,2,319.0,309,activities/125_260905142842.csv,1,1,0,0
fit:4646790a223ca804ff872615506f25932dc9009c9ddf09dd7973b26339c7531e,2026-09-05T12:34:03+00:00,288,0,118,0,4.731,20.799999999999955,36,fit:4646790a223ca804ff872615506f25932dc9009c9ddf09dd7973b26339c7531e:segment:002,2,320.0,310,activities/125_260905142842.csv,1,1,0,0
fit:4646790a223ca804ff872615506f25932dc9009c9ddf09dd7973b26339c7531e,2026-09-05T12:34:04+00:00,289,0,117,0,3.893,20.799999999999955,36,fit:4646790a223ca804ff872615506f25932dc9009c9ddf09dd7973b26339c7531e:segment:002,2,321.0,311,activities/125_260905142842.csv,1,1,0,0
fit:4646790a223ca804ff872615506f25932dc9009c9ddf09dd7973b26339c7531e,2026-09-05T12:34:05+00:00,290,0,116,0,3.437,20.799999999999955,36,fit:4646790a223ca804ff872615506f25932dc9009c9ddf09dd7973b26339c7531e:segment:002,2,322.0,312,activities/125_260905142842.csv,1,1,0,0
fit:4646790a223ca804ff872615506f25932dc9009c9ddf09dd7973b26339c7531e,2026-09-05T12:34:06+00:00,291,0,115,0,3.437,20.799999999999955,36,fit:4646790a223ca804ff872615506f25932dc9009c9ddf09dd7973b26339c7531e:segment:002,2,323.0,313,activities/125_260905142842.csv,1,1,0,0
fit:4646790a223ca804ff872615506f25932dc9009c9ddf09dd7973b26339c7531e,2026-09-05T12:34:07+00:00,292,245,115,0,3.665,20.799999999999955,36,fit:4646790a223ca804ff872615506f25932dc9009c9ddf09dd7973b26339c7531e:segment:002,2,324.0,314,activities/125_260905142842.csv,1,1,0,0
fit:4646790a223ca804ff872615506f25932dc9009c9ddf09dd7973b26339c7531e,2026-09-05T12:34:08+00:00,293,287,115,38,4.2,19.200000000000045,36,fit:4646790a223ca804ff872615506f25932dc9009c9ddf09dd7973b26339c7531e:segment:002,2,325.0,315,activities/125_260905142842.csv,1,1,0,0
fit:4646790a223ca804ff872615506f25932dc9009c9ddf09dd7973b26339c7531e,2026-09-05T12:34:09+00:00,294,315,115,43,4.439,19.200000000000045,36,fit:4646790a223ca804ff872615506f25932dc9009c9ddf09dd7973b26339c7531e:segment:002,2,326.0,316,activities/125_260905142842.csv,1,1,0,0
fit:4646790a223ca804ff872615506f25932dc9009c9ddf09dd7973b26339c7531e,2026-09-05T12:34:10+00:00,295,316,115,49,5.002,19.200000000000045,36,fit:4646790a223ca804ff872615506f25932dc9009c9ddf09dd7973b26339c7531e:segment:002,2,327.0,317,activities/125_260905142842.csv,1,1,0,0
fit:4646790a223ca804ff872615506f25932dc9009c9ddf09dd7973b26339c7531e,2026-09-05T12:34:11+00:00,296,311,116,49,5.518,20.200000000000045,36,fit:4646790a223ca804ff872615506f25932dc9009c9ddf09dd7973b26339c7531e:segment:002,2,328.0,318,activities/125_260905142842.csv,1,1,0,0
fit:4646790a223ca804ff872615506f25932dc9009c9ddf09dd7973b26339c7531e,2026-09-05T12:34:12+00:00,297,355,117,54,6.04,21.399999999999977,36,fit:4646790a223ca804ff872615506f25932dc9009c9ddf09dd7973b26339c7531e:segment:002,2,329.0,319,activities/125_260905142842.csv,1,1,0,0
fit:4646790a223ca804ff872615506f25932dc9009c9ddf09dd7973b26339c7531e,2026-09-05T12:34:13+00:00,298,363,119,62,6.402,21.399999999999977,36,fit:4646790a223ca804ff872615506f25932dc9009c9ddf09dd7973b26339c7531e:segment:002,2,330.0,320,activities/125_260905142842.csv,1,1,0,0
fit:4646790a223ca804ff872615506f25932dc9009c9ddf09dd7973b26339c7531e,2026-09-05T12:34:14+00:00,299,350,119,66,6.891,21.399999999999977,36,fit:4646790a223ca804ff872615506f25932dc9009c9ddf09dd7973b26339c7531e:segment:002,2,331.0,321,activities/125_260905142842.csv,1,1,0,0
fit:4646790a223ca804ff872615506f25932dc9009c9ddf09dd7973b26339c7531e,2026-09-05T12:34:15+00:00,300,377,121,69,7.305,20.399999999999977,36,fit:4646790a223ca804ff872615506f25932dc9009c9ddf09dd7973b26339c7531e:segment:002,2,332.0,322,activities/125_260905142842.csv,1,1,0,0
fit:4646790a223ca804ff872615506f25932dc9009c9ddf09dd7973b26339c7531e,2026-09-05T12:34:16+00:00,301,108,122,72,7.42,20.799999999999955,36,fit:4646790a223ca804ff872615506f25932dc9009c9ddf09dd7973b26339c7531e:segment:002,2,333.0,323,activities/125_260905142842.csv,1,1,0,0
fit:4646790a223ca804ff872615506f25932dc9009c9ddf09dd7973b26339c7531e,2026-09-05T12:34:17+00:00,302,494,122,46,7.662,20.799999999999955,36,fit:4646790a223ca804ff872615506f25932dc9009c9ddf09dd7973b26339c7531e:segment:002,2,334.0,324,activities/125_260905142842.csv,1,1,0,0
fit:4646790a223ca804ff872615506f25932dc9009c9ddf09dd7973b26339c7531e,2026-09-05T12:34:18+00:00,303,542,123,75,7.991,20.799999999999955,36,fit:4646790a223ca804ff872615506f25932dc9009c9ddf09dd7973b26339c7531e:segment:002,2,335.0,325,activities/125_260905142842.csv,1,1,0,0
fit:4646790a223ca804ff872615506f25932dc9009c9ddf09dd7973b26339c7531e,2026-09-05T12:34:19+00:00,304,387,124,79,8.431,20.799999999999955,36,fit:4646790a223ca804ff872615506f25932dc9009c9ddf09dd7973b26339c7531e:segment:002,2,336.0,326,activities/125_260905142842.csv,1,1,0,0
fit:4646790a223ca804ff872615506f25932dc9009c9ddf09dd7973b26339c7531e,2026-09-05T12:34:20+00:00,305,339,124,83,8.739,19.200000000000045,36,fit:4646790a223ca804ff872615506f25932dc9009c9ddf09dd7973b26339c7531e:segment:002,2,337.0,327,activities/125_260905142842.csv,1,1,0,0
fit:4646790a223ca804ff872615506f25932dc9009c9ddf09dd7973b26339c7531e,2026-09-05T12:34:21+00:00,306,197,124,83,8.905,19.200000000000045,36,fit:4646790a223ca804ff872615506f25932dc9009c9ddf09dd7973b26339c7531e:segment:002,2,338.0,328,activities/125_260905142842.csv,1,1,0,0
fit:4646790a223ca804ff872615506f25932dc9009c9ddf09dd7973b26339c7531e,2026-09-05T12:34:22+00:00,307,159,125,83,8.988,19.200000000000045,36,fit:4646790a223ca804ff872615506f25932dc9009c9ddf09dd7973b26339c7531e:segment:002,2,339.0,329,activities/125_260905142842.csv,1,1,0,0
fit:4646790a223ca804ff872615506f25932dc9009c9ddf09dd7973b26339c7531e,2026-09-05T12:34:23+00:00,308,135,126,83,9.011,19.200000000000045,36,fit:4646790a223ca804ff872615506f25932dc9009c9ddf09dd7973b26339c7531e:segment:002,2,340.0,330,activities/125_260905142842.csv,1,1,0,0
fit:4646790a223ca804ff872615506f25932dc9009c9ddf09dd7973b26339c7531e,2026-09-05T12:34:24+00:00,309,135,126,82,9.064,19.0,36,fit:4646790a223ca804ff872615506f25932dc9009c9ddf09dd7973b26339c7531e:segment:002,2,341.0,331,activities/125_260905142842.csv,1,1,0,0
fit:4646790a223ca804ff872615506f25932dc9009c9ddf09dd7973b26339c7531e,2026-09-05T12:34:25+00:00,310,148,126,82,9.012,19.0,36,fit:4646790a223ca804ff872615506f25932dc9009c9ddf09dd7973b26339c7531e:segment:002,2,342.0,332,activities/125_260905142842.csv,1,1,0,0
fit:4646790a223ca804ff872615506f25932dc9009c9ddf09dd7973b26339c7531e,2026-09-05T12:34:26+00:00,311,180,127,82,9.032,19.0,36,fit:4646790a223ca804ff872615506f25932dc9009c9ddf09dd7973b26339c7531e:segment:002,2,343.0,333,activities/125_260905142842.csv,1,1,0,0
fit:4646790a223ca804ff872615506f25932dc9009c9ddf09dd7973b26339c7531e,2026-09-05T12:34:27+00:00,312,194,127,82,9.018,19.200000000000045,36,fit:4646790a223ca804ff872615506f25932dc9009c9ddf09dd7973b26339c7531e:segment:002,2,344.0,334,activities/125_260905142842.csv,1,1,0,0
fit:4646790a223ca804ff872615506f25932dc9009c9ddf09dd7973b26339c7531e,2026-09-05T12:34:28+00:00,313,190,128,82,8.81,19.799999999999955,36,fit:4646790a223ca804ff872615506f25932dc9009c9ddf09dd7973b26339c7531e:segment:002,2,345.0,335,activities/125_260905142842.csv,1,1,0,0
fit:4646790a223ca804ff872615506f25932dc9009c9ddf09dd7973b26339c7531e,2026-09-05T12:34:29+00:00,314,172,127,82,8.825,19.799999999999955,36,fit:4646790a223ca804ff872615506f25932dc9009c9ddf09dd7973b26339c7531e:segment:002,2,346.0,336,activities/125_260905142842.csv,1,1,0,0
fit:4646790a223ca804ff872615506f25932dc9009c9ddf09dd7973b26339c7531e,2026-09-05T12:34:30+00:00,315,174,127,82,8.824,19.799999999999955,36,fit:4646790a223ca804ff872615506f25932dc9009c9ddf09dd7973b26339c7531e:segment:002,2,347.0,337,activities/125_260905142842.csv,1,1,0,0
fit:4646790a223ca804ff872615506f25932dc9009c9ddf09dd7973b26339c7531e,2026-09-05T12:34:31+00:00,316,164,127,82,8.809,19.799999999999955,36,fit:4646790a223ca804ff872615506f25932dc9009c9ddf09dd7973b26339c7531e:segment:002,2,348.0,338,activities/125_260905142842.csv,1,1,0,0
fit:4646790a223ca804ff872615506f25932dc9009c9ddf09dd7973b26339c7531e,2026-09-05T12:34:32+00:00,317,187,127,82,8.829,19.200000000000045,36,fit:4646790a223ca804ff872615506f25932dc9009c9ddf09dd7973b26339c7531e:segment:002,2,349.0,339,activities/125_260905142842.csv,1,1,0,0
fit:4646790a223ca804ff872615506f25932dc9009c9ddf09dd7973b26339c7531e,2026-09-05T12:34:33+00:00,318,152,127,83,8.8,19.200000000000045,36,fit:4646790a223ca804ff872615506f25932dc9009c9ddf09dd7973b26339c7531e:segment:002,2,350.0,340,activities/125_260905142842.csv,1,1,0,0
fit:4646790a223ca804ff872615506f25932dc9009c9ddf09dd7973b26339c7531e,2026-09-05T12:34:34+00:00,319,234,128,83,8.856,19.200000000000045,36,fit:4646790a223ca804ff872615506f25932dc9009c9ddf09dd7973b26339c7531e:segment:002,2,351.0,341,activities/125_260905142842.csv,1,1,0,0
fit:4646790a223ca804ff872615506f25932dc9009c9ddf09dd7973b26339c7531e,2026-09-05T12:34:35+00:00,320,234,128,83,8.935,19.200000000000045,36,fit:4646790a223ca804ff872615506f25932dc9009c9ddf09dd7973b26339c7531e:segment:002,2,352.0,342,activities/125_260905142842.csv,1,1,0,0
fit:4646790a223ca804ff872615506f25932dc9009c9ddf09dd7973b26339c7531e,2026-09-05T12:34:36+00:00,321,235,129,83,9.038,19.200000000000045,36,fit:4646790a223ca804ff872615506f25932dc9009c9ddf09dd7973b26339c7531e:segment:002,2,353.0,343,activities/125_260905142842.csv,1,1,0,0
fit:4646790a223ca804ff872615506f25932dc9009c9ddf09dd7973b26339c7531e,2026-09-05T12:34:37+00:00,322,271,129,83,9.036,19.200000000000045,36,fit:4646790a223ca804ff872615506f25932dc9009c9ddf09dd7973b26339c7531e:segment:002,2,354.0,344,activities/125_260905142842.csv,1,1,0,0
fit:4646790a223ca804ff872615506f25932dc9009c9ddf09dd7973b26339c7531e,2026-09-05T12:34:38+00:00,323,243,130,70,8.979,19.200000000000045,36,fit:4646790a223ca804ff872615506f25932dc9009c9ddf09dd7973b26339c7531e:segment:002,2,355.0,345,activities/125_260905142842.csv,1,1,0,0
fit:4646790a223ca804ff872615506f25932dc9009c9ddf09dd7973b26339c7531e,2026-09-05T12:34:39+00:00,324,151,131,83,9.03,20.200000000000045,36,fit:4646790a223ca804ff872615506f25932dc9009c9ddf09dd7973b26339c7531e:segment:002,2,356.0,346,activities/125_260905142842.csv,1,1,0,0
fit:4646790a223ca804ff872615506f25932dc9009c9ddf09dd7973b26339c7531e,2026-09-05T12:34:40+00:00,325,131,131,85,9.112,19.799999999999955,36,fit:4646790a223ca804ff872615506f25932dc9009c9ddf09dd7973b26339c7531e:segment:002,2,357.0,347,activities/125_260905142842.csv,1,1,0,0
fit:4646790a223ca804ff872615506f25932dc9009c9ddf09dd7973b26339c7531e,2026-09-05T12:34:41+00:00,326,199,131,85,9.233,19.799999999999955,36,fit:4646790a223ca804ff872615506f25932dc9009c9ddf09dd7973b26339c7531e:segment:002,2,358.0,348,activities/125_260905142842.csv,1,1,0,0
fit:4646790a223ca804ff872615506f25932dc9009c9ddf09dd7973b26339c7531e,2026-09-05T12:34:42+00:00,327,28,131,85,9.244,19.799999999999955,36,fit:4646790a223ca804ff872615506f25932dc9009c9ddf09dd7973b26339c7531e:segment:002,2,359.0,349,activities/125_260905142842.csv,1,1,0,0
fit:4646790a223ca804ff872615506f25932dc9009c9ddf09dd7973b26339c7531e,2026-09-05T12:34:43+00:00,328,28,131,84,9.194,19.799999999999955,36,fit:4646790a223ca804ff872615506f25932dc9009c9ddf09dd7973b26339c7531e:segment:002,2,360.0,350,activities/125_260905142842.csv,1,1,0,0
fit:4646790a223ca804ff872615506f25932dc9009c9ddf09dd7973b26339c7531e,2026-09-05T12:34:44+00:00,329,120,131,84,9.168,21.799999999999955,36,fit:4646790a223ca804ff872615506f25932dc9009c9ddf09dd7973b26339c7531e:segment:002,2,361.0,351,activities/125_260905142842.csv,1,1,0,0
fit:4646790a223ca804ff872615506f25932dc9009c9ddf09dd7973b26339c7531e,2026-09-05T12:34:45+00:00,330,117,131,72,9.239,21.799999999999955,36,fit:4646790a223ca804ff872615506f25932dc9009c9ddf09dd7973b26339c7531e:segment:002,2,362.0,352,activities/125_260905142842.csv,1,1,0,0
fit:4646790a223ca804ff872615506f25932dc9009c9ddf09dd7973b26339c7531e,2026-09-05T12:34:46+00:00,331,203,130,72,9.23,21.799999999999955,36,fit:4646790a223ca804ff872615506f25932dc9009c9ddf09dd7973b26339c7531e:segment:002,2,363.0,353,activities/125_260905142842.csv,1,1,0,0
fit:4646790a223ca804ff872615506f25932dc9009c9ddf09dd7973b26339c7531e,2026-09-05T12:34:47+00:00,332,166,130,83,9.142,20.799999999999955,36,fit:4646790a223ca804ff872615506f25932dc9009c9ddf09dd7973b26339c7531e:segment:002,2,364.0,354,activities/125_260905142842.csv,1,1,0,0
fit:4646790a223ca804ff872615506f25932dc9009c9ddf09dd7973b26339c7531e,2026-09-05T12:34:48+00:00,333,185,131,83,9.114,19.799999999999955,36,fit:4646790a223ca804ff872615506f25932dc9009c9ddf09dd7973b26339c7531e:segment:002,2,365.0,355,activities/125_260905142842.csv,1,1,0,0
fit:4646790a223ca804ff872615506f25932dc9009c9ddf09dd7973b26339c7531e,2026-09-05T12:34:49+00:00,334,178,131,83,9.156,19.799999999999955,36,fit:4646790a223ca804ff872615506f25932dc9009c9ddf09dd7973b26339c7531e:segment:002,2,366.0,356,activities/125_260905142842.csv,1,1,0,0
fit:4646790a223ca804ff872615506f25932dc9009c9ddf09dd7973b26339c7531e,2026-09-05T12:34:50+00:00,335,184,131,83,9.101,19.799999999999955,36,fit:4646790a223ca804ff872615506f25932dc9009c9ddf09dd7973b26339c7531e:segment:002,2,367.0,357,activities/125_260905142842.csv,1,1,0,0
fit:4646790a223ca804ff872615506f25932dc9009c9ddf09dd7973b26339c7531e,2026-09-05T12:34:51+00:00,336,194,131,84,9.141,19.799999999999955,36,fit:4646790a223ca804ff872615506f25932dc9009c9ddf09dd7973b26339c7531e:segment:002,2,368.0,358,activities/125_260905142842.csv,1,1,0,0
fit:4646790a223ca804ff872615506f25932dc9009c9ddf09dd7973b26339c7531e,2026-09-05T12:34:52+00:00,337,176,131,83,9.086,18.799999999999955,36,fit:4646790a223ca804ff872615506f25932dc9009c9ddf09dd7973b26339c7531e:segment:002,2,369.0,359,activities/125_260905142842.csv,1,1,0,0
fit:4646790a223ca804ff872615506f25932dc9009c9ddf09dd7973b26339c7531e,2026-09-05T12:34:53+00:00,338,193,131,83,8.997,18.799999999999955,36,fit:4646790a223ca804ff872615506f25932dc9009c9ddf09dd7973b26339c7531e:segment:002,2,370.0,360,activities/125_260905142842.csv,1,1,0,0
fit:4646790a223ca804ff872615506f25932dc9009c9ddf09dd7973b26339c7531e,2026-09-05T12:34:54+00:00,339,157,131,83,9.068,18.799999999999955,36,fit:4646790a223ca804ff872615506f25932dc9009c9ddf09dd7973b26339c7531e:segment:002,2,371.0,361,activities/125_260905142842.csv,1,1,0,0
fit:4646790a223ca804ff872615506f25932dc9009c9ddf09dd7973b26339c7531e,2026-09-05T12:34:55+00:00,340,121,131,82,9.044,18.799999999999955,36,fit:4646790a223ca804ff872615506f25932dc9009c9ddf09dd7973b26339c7531e:segment:002,2,372.0,362,activities/125_260905142842.csv,1,1,0,0
fit:4646790a223ca804ff872615506f25932dc9009c9ddf09dd7973b26339c7531e,2026-09-05T12:34:56+00:00,341,122,131,81,8.984,19.799999999999955,36,fit:4646790a223ca804ff872615506f25932dc9009c9ddf09dd7973b26339c7531e:segment:002,2,373.0,363,activities/125_260905142842.csv,1,1,0,0
fit:4646790a223ca804ff872615506f25932dc9009c9ddf09dd7973b26339c7531e,2026-09-05T12:34:57+00:00,342,89,130,81,8.933,19.799999999999955,36,fit:4646790a223ca804ff872615506f25932dc9009c9ddf09dd7973b26339c7531e:segment:002,2,374.0,364,activities/125_260905142842.csv,1,1,0,0
fit:4646790a223ca804ff872615506f25932dc9009c9ddf09dd7973b26339c7531e,2026-09-05T12:34:58+00:00,343,89,130,79,8.785,19.799999999999955,36,fit:4646790a223ca804ff872615506f25932dc9009c9ddf09dd7973b26339c7531e:segment:002,2,375.0,365,activities/125_260905142842.csv,1,1,0,0
fit:4646790a223ca804ff872615506f25932dc9009c9ddf09dd7973b26339c7531e,2026-09-05T12:34:59+00:00,344,16,130,79,8.751,19.799999999999955,36,fit:4646790a223ca804ff872615506f25932dc9009c9ddf09dd7973b26339c7531e:segment:002,2,376.0,366,activities/125_260905142842.csv,1,1,0,0
fit:4646790a223ca804ff872615506f25932dc9009c9ddf09dd7973b26339c7531e,2026-09-05T12:35:00+00:00,345,120,129,29,8.527,19.799999999999955,36,fit:4646790a223ca804ff872615506f25932dc9009c9ddf09dd7973b26339c7531e:segment:002,2,377.0,367,activities/125_260905142842.csv,1,1,0,0
fit:4646790a223ca804ff872615506f25932dc9009c9ddf09dd7973b26339c7531e,2026-09-05T12:35:01+00:00,346,112,129,73,8.284,19.799999999999955,36,fit:4646790a223ca804ff872615506f25932dc9009c9ddf09dd7973b26339c7531e:segment:002,2,378.0,368,activities/125_260905142842.csv,1,1,0,0
fit:4646790a223ca804ff872615506f25932dc9009c9ddf09dd7973b26339c7531e,2026-09-05T12:35:02+00:00,347,112,129,72,8.125,19.799999999999955,36,fit:4646790a223ca804ff872615506f25932dc9009c9ddf09dd7973b26339c7531e:segment:002,2,379.0,369,activities/125_260905142842.csv,1,1,0,0
fit:4646790a223ca804ff872615506f25932dc9009c9ddf09dd7973b26339c7531e,2026-09-05T12:35:03+00:00,348,112,129,72,7.977,19.799999999999955,36,fit:4646790a223ca804ff872615506f25932dc9009c9ddf09dd7973b26339c7531e:segment:002,2,380.0,370,activities/125_260905142842.csv,1,1,0,0
fit:4646790a223ca804ff872615506f25932dc9009c9ddf09dd7973b26339c7531e,2026-09-05T12:35:04+00:00,349,109,128,72,7.79,20.799999999999955,36,fit:4646790a223ca804ff872615506f25932dc9009c9ddf09dd7973b26339c7531e:segment:002,2,381.0,371,activities/125_260905142842.csv,1,1,0,0
fit:4646790a223ca804ff872615506f25932dc9009c9ddf09dd7973b26339c7531e,2026-09-05T12:35:05+00:00,350,0,128,71,7.579,20.799999999999955,36,fit:4646790a223ca804ff872615506f25932dc9009c9ddf09dd7973b26339c7531e:segment:002,2,382.0,372,activities/125_260905142842.csv,1,1,0,0
fit:4646790a223ca804ff872615506f25932dc9009c9ddf09dd7973b26339c7531e,2026-09-05T12:35:06+00:00,351,0,128,0,7.403,20.799999999999955,36,fit:4646790a223ca804ff872615506f25932dc9009c9ddf09dd7973b26339c7531e:segment:002,2,383.0,373,activities/125_260905142842.csv,1,1,0,0
fit:4646790a223ca804ff872615506f25932dc9009c9ddf09dd7973b26339c7531e,2026-09-05T12:35:07+00:00,352,0,127,0,7.276,20.200000000000045,36,fit:4646790a223ca804ff872615506f25932dc9009c9ddf09dd7973b26339c7531e:segment:002,2,384.0,374,activities/125_260905142842.csv,1,1,0,0
fit:4646790a223ca804ff872615506f25932dc9009c9ddf09dd7973b26339c7531e,2026-09-05T12:35:08+00:00,353,0,126,0,7.133,20.200000000000045,36,fit:4646790a223ca804ff872615506f25932dc9009c9ddf09dd7973b26339c7531e:segment:002,2,385.0,375,activities/125_260905142842.csv,1,1,0,0
fit:4646790a223ca804ff872615506f25932dc9009c9ddf09dd7973b26339c7531e,2026-09-05T12:35:09+00:00,354,0,125,0,7.013,20.200000000000045,36,fit:4646790a223ca804ff872615506f25932dc9009c9ddf09dd7973b26339c7531e:segment:002,2,386.0,376,activities/125_260905142842.csv,1,1,0,0
fit:4646790a223ca804ff872615506f25932dc9009c9ddf09dd7973b26339c7531e,2026-09-05T12:35:10+00:00,355,0,125,0,6.861,20.200000000000045,36,fit:4646790a223ca804ff872615506f25932dc9009c9ddf09dd7973b26339c7531e:segment:002,2,387.0,377,activities/125_260905142842.csv,1,1,0,0
fit:4646790a223ca804ff872615506f25932dc9009c9ddf09dd7973b26339c7531e,2026-09-05T12:35:11+00:00,356,0,124,0,6.724,20.200000000000045,36,fit:4646790a223ca804ff872615506f25932dc9009c9ddf09dd7973b26339c7531e:segment:002,2,388.0,378,activities/125_260905142842.csv,1,1,0,0
fit:4646790a223ca804ff872615506f25932dc9009c9ddf09dd7973b26339c7531e,2026-09-05T12:35:12+00:00,357,0,121,0,6.613,20.399999999999977,36,fit:4646790a223ca804ff872615506f25932dc9009c9ddf09dd7973b26339c7531e:segment:002,2,389.0,379,activities/125_260905142842.csv,1,1,0,0
fit:4646790a223ca804ff872615506f25932dc9009c9ddf09dd7973b26339c7531e,2026-09-05T12:35:13+00:00,358,0,120,0,6.479,20.399999999999977,36,fit:4646790a223ca804ff872615506f25932dc9009c9ddf09dd7973b26339c7531e:segment:002,2,390.0,380,activities/125_260905142842.csv,1,1,0,0
fit:4646790a223ca804ff872615506f25932dc9009c9ddf09dd7973b26339c7531e,2026-09-05T12:35:14+00:00,359,0,120,0,6.281,20.399999999999977,36,fit:4646790a223ca804ff872615506f25932dc9009c9ddf09dd7973b26339c7531e:segment:002,2,391.0,381,activities/125_260905142842.csv,1,1,0,0
fit:4646790a223ca804ff872615506f25932dc9009c9ddf09dd7973b26339c7531e,2026-09-05T12:35:15+00:00,360,0,118,0,6.101,20.399999999999977,36,fit:4646790a223ca804ff872615506f25932dc9009c9ddf09dd7973b26339c7531e:segment:002,2,392.0,382,activities/125_260905142842.csv,1,1,0,0
fit:4646790a223ca804ff872615506f25932dc9009c9ddf09dd7973b26339c7531e,2026-09-05T12:35:16+00:00,361,0,117,0,5.808,21.0,36,fit:4646790a223ca804ff872615506f25932dc9009c9ddf09dd7973b26339c7531e:segment:002,2,393.0,383,activities/125_260905142842.csv,1,1,0,0
fit:4646790a223ca804ff872615506f25932dc9009c9ddf09dd7973b26339c7531e,2026-09-05T12:35:17+00:00,362,0,115,0,5.559,21.0,36,fit:4646790a223ca804ff872615506f25932dc9009c9ddf09dd7973b26339c7531e:segment:002,2,394.0,384,activities/125_260905142842.csv,1,1,0,0
fit:4646790a223ca804ff872615506f25932dc9009c9ddf09dd7973b26339c7531e,2026-09-05T12:35:18+00:00,363,0,113,0,5.417,21.0,36,fit:4646790a223ca804ff872615506f25932dc9009c9ddf09dd7973b26339c7531e:segment:002,2,395.0,385,activities/125_260905142842.csv,1,1,0,0
fit:4646790a223ca804ff872615506f25932dc9009c9ddf09dd7973b26339c7531e,2026-09-05T12:35:19+00:00,364,0,111,0,4.903,21.0,36,fit:4646790a223ca804ff872615506f25932dc9009c9ddf09dd7973b26339c7531e:segment:002,2,396.0,386,activities/125_260905142842.csv,1,1,0,0
fit:4646790a223ca804ff872615506f25932dc9009c9ddf09dd7973b26339c7531e,2026-09-05T12:35:20+00:00,365,0,109,0,3.996,21.0,36,fit:4646790a223ca804ff872615506f25932dc9009c9ddf09dd7973b26339c7531e:segment:002,2,397.0,387,activities/125_260905142842.csv,1,1,0,0
fit:4646790a223ca804ff872615506f25932dc9009c9ddf09dd7973b26339c7531e,2026-09-05T12:35:21+00:00,366,0,107,0,3.046,21.0,36,fit:4646790a223ca804ff872615506f25932dc9009c9ddf09dd7973b26339c7531e:segment:002,2,398.0,388,activities/125_260905142842.csv,1,1,0,0
fit:4646790a223ca804ff872615506f25932dc9009c9ddf09dd7973b26339c7531e,2026-09-05T12:35:22+00:00,367,0,107,0,2.17,21.0,36,fit:4646790a223ca804ff872615506f25932dc9009c9ddf09dd7973b26339c7531e:segment:002,2,399.0,389,activities/125_260905142842.csv,1,1,0,0
fit:4646790a223ca804ff872615506f25932dc9009c9ddf09dd7973b26339c7531e,2026-09-05T12:35:23+00:00,368,0,105,0,1.385,21.200000000000045,36,fit:4646790a223ca804ff872615506f25932dc9009c9ddf09dd7973b26339c7531e:segment:002,2,400.0,390,activities/125_260905142842.csv,1,1,0,0
fit:4646790a223ca804ff872615506f25932dc9009c9ddf09dd7973b26339c7531e,2026-09-05T12:35:24+00:00,369,0,104,0,0.0,21.200000000000045,36,fit:4646790a223ca804ff872615506f25932dc9009c9ddf09dd7973b26339c7531e:segment:002,2,401.0,391,activities/125_260905142842.csv,1,1,0,0
