activity_id,timestamp,elapsed_seconds,power_w,heart_rate_bpm,cadence_rpm,speed_m_s,altitude_m,temperature_c,segment_id,segment_number,source_elapsed_seconds,source_row_index,source_file,activity_split,segment_selected_from_activity,power_missing,hr_missing
fit:6e89a0befe0a3ac47a7a1c34172354760de7b862b17e4a8744ec85fadd57b030,2025-07-15T16:14:39+00:00,0,0,145,0,1.934,33.60000000000002,31,fit:6e89a0befe0a3ac47a7a1c34172354760de7b862b17e4a8744ec85fadd57b030:segment:003,3,4964.0,4882,activities/026_250715165154.csv,1,1,0,0
fit:6e89a0befe0a3ac47a7a1c34172354760de7b862b17e4a8744ec85fadd57b030,2025-07-15T16:14:40+00:00,1,63,145,0,2.228,33.60000000000002,31,fit:6e89a0befe0a3ac47a7a1c34172354760de7b862b17e4a8744ec85fadd57b030:segment:003,3,4965.0,4883,activities/026_250715165154.csv,1,1,0,0
fit:6e89a0befe0a3ac47a7a1c34172354760de7b862b17e4a8744ec85fadd57b030,2025-07-15T16:14:41+00:00,2,63,145,0,2.538,30.799999999999955,31,fit:6e89a0befe0a3ac47a7a1c34172354760de7b862b17e4a8744ec85fadd57b030:segment:003,3,4966.0,4884,activities/026_250715165154.csv,1,1,0,0
fit:6e89a0befe0a3ac47a7a1c34172354760de7b862b17e4a8744ec85fadd57b030,2025-07-15T16:14:42+00:00,3,260,145,32,3.304,30.799999999999955,31,fit:6e89a0befe0a3ac47a7a1c34172354760de7b862b17e4a8744ec85fadd57b030:segment:003,3,4967.0,4885,activities/026_250715165154.csv,1,1,0,0
fit:6e89a0befe0a3ac47a7a1c34172354760de7b862b17e4a8744ec85fadd57b030,2025-07-15T16:14:43+00:00,4,383,144,45,4.186,30.799999999999955,31,fit:6e89a0befe0a3ac47a7a1c34172354760de7b862b17e4a8744ec85fadd57b030:segment:003,3,4968.0,4886,activities/026_250715165154.csv,1,1,0,0
fit:6e89a0befe0a3ac47a7a1c34172354760de7b862b17e4a8744ec85fadd57b030,2025-07-15T16:14:44+00:00,5,367,145,53,5.059,31.799999999999955,31,fit:6e89a0befe0a3ac47a7a1c34172354760de7b862b17e4a8744ec85fadd57b030:segment:003,3,4969.0,4887,activities/026_250715165154.csv,1,1,0,0
fit:6e89a0befe0a3ac47a7a1c34172354760de7b862b17e4a8744ec85fadd57b030,2025-07-15T16:14:45+00:00,6,620,145,68,5.746,33.39999999999998,31,fit:6e89a0befe0a3ac47a7a1c34172354760de7b862b17e4a8744ec85fadd57b030:segment:003,3,4970.0,4888,activities/026_250715165154.csv,1,1,0,0
fit:6e89a0befe0a3ac47a7a1c34172354760de7b862b17e4a8744ec85fadd57b030,2025-07-15T16:14:46+00:00,7,620,145,68,6.555,33.39999999999998,31,fit:6e89a0befe0a3ac47a7a1c34172354760de7b862b17e4a8744ec85fadd57b030:segment:003,3,4971.0,4889,activities/026_250715165154.csv,1,1,0,0
fit:6e89a0befe0a3ac47a7a1c34172354760de7b862b17e4a8744ec85fadd57b030,2025-07-15T16:14:47+00:00,8,704,147,80,7.129,33.39999999999998,31,fit:6e89a0befe0a3ac47a7a1c34172354760de7b862b17e4a8744ec85fadd57b030:segment:003,3,4972.0,4890,activities/026_250715165154.csv,1,1,0,0
fit:6e89a0befe0a3ac47a7a1c34172354760de7b862b17e4a8744ec85fadd57b030,2025-07-15T16:14:48+00:00,9,675,147,84,8.189,33.0,31,fit:6e89a0befe0a3ac47a7a1c34172354760de7b862b17e4a8744ec85fadd57b030:segment:003,3,4973.0,4891,activities/026_250715165154.csv,1,1,0,0
fit:6e89a0befe0a3ac47a7a1c34172354760de7b862b17e4a8744ec85fadd57b030,2025-07-15T16:14:49+00:00,10,620,148,90,9.053,31.600000000000023,31,fit:6e89a0befe0a3ac47a7a1c34172354760de7b862b17e4a8744ec85fadd57b030:segment:003,3,4974.0,4892,activities/026_250715165154.csv,1,1,0,0
fit:6e89a0befe0a3ac47a7a1c34172354760de7b862b17e4a8744ec85fadd57b030,2025-07-15T16:14:50+00:00,11,628,149,96,9.768,31.600000000000023,31,fit:6e89a0befe0a3ac47a7a1c34172354760de7b862b17e4a8744ec85fadd57b030:segment:003,3,4975.0,4893,activities/026_250715165154.csv,1,1,0,0
fit:6e89a0befe0a3ac47a7a1c34172354760de7b862b17e4a8744ec85fadd57b030,2025-07-15T16:14:51+00:00,12,673,151,99,10.1,31.600000000000023,31,fit:6e89a0befe0a3ac47a7a1c34172354760de7b862b17e4a8744ec85fadd57b030:segment:003,3,4976.0,4894,activities/026_250715165154.csv,1,1,0,0
fit:6e89a0befe0a3ac47a7a1c34172354760de7b862b17e4a8744ec85fadd57b030,2025-07-15T16:14:52+00:00,13,682,153,103,10.471,31.600000000000023,31,fit:6e89a0befe0a3ac47a7a1c34172354760de7b862b17e4a8744ec85fadd57b030:segment:003,3,4977.0,4895,activities/026_250715165154.csv,1,1,0,0
fit:6e89a0befe0a3ac47a7a1c34172354760de7b862b17e4a8744ec85fadd57b030,2025-07-15T16:14:53+00:00,14,676,154,107,11.041,31.799999999999955,31,fit:6e89a0befe0a3ac47a7a1c34172354760de7b862b17e4a8744ec85fadd57b030:segment:003,3,4978.0,4896,activities/026_250715165154.csv,1,1,0,0
fit:6e89a0befe0a3ac47a7a1c34172354760de7b862b17e4a8744ec85fadd57b030,2025-07-15T16:14:54+00:00,15,664,154,110,11.136,31.799999999999955,31,fit:6e89a0befe0a3ac47a7a1c34172354760de7b862b17e4a8744ec85fadd57b030:segment:003,3,4979.0,4897,activities/026_250715165154.csv,1,1,0,0
fit:6e89a0befe0a3ac47a7a1c34172354760de7b862b17e4a8744ec85fadd57b030,2025-07-15T16:14:55+00:00,16,693,156,112,11.576,31.799999999999955,31,fit:6e89a0befe0a3ac47a7a1c34172354760de7b862b17e4a8744ec85fadd57b030:segment:003,3,4980.0,4898,activities/026_250715165154.csv,1,1,0,0
fit:6e89a0befe0a3ac47a7a1c34172354760de7b862b17e4a8744ec85fadd57b030,2025-07-15T16:14:56+00:00,17,727,158,114,11.865,31.799999999999955,31,fit:6e89a0befe0a3ac47a7a1c34172354760de7b862b17e4a8744ec85fadd57b030:segment:003,3,4981.0,4899,activities/026_250715165154.csv,1,1,0,0
fit:6e89a0befe0a3ac47a7a1c34172354760de7b862b17e4a8744ec85fadd57b030,2025-07-15T16:14:57+00:00,18,607,160,116,12.145,31.799999999999955,31,fit:6e89a0befe0a3ac47a7a1c34172354760de7b862b17e4a8744ec85fadd57b030:segment:003,3,4982.0,4900,activities/026_250715165154.csv,1,1,0,0
fit:6e89a0befe0a3ac47a7a1c34172354760de7b862b17e4a8744ec85fadd57b030,2025-07-15T16:14:58+00:00,19,611,161,117,12.248,31.799999999999955,31,fit:6e89a0befe0a3ac47a7a1c34172354760de7b862b17e4a8744ec85fadd57b030:segment:003,3,4983.0,4901,activities/026_250715165154.csv,1,1,0,0
fit:6e89a0befe0a3ac47a7a1c34172354760de7b862b17e4a8744ec85fadd57b030,2025-07-15T16:14:59+00:00,20,108,163,80,12.485,31.799999999999955,31,fit:6e89a0befe0a3ac47a7a1c34172354760de7b862b17e4a8744ec85fadd57b030:segment:003,3,4984.0,4902,activities/026_250715165154.csv,1,1,0,0
fit:6e89a0befe0a3ac47a7a1c34172354760de7b862b17e4a8744ec85fadd57b030,2025-07-15T16:15:00+00:00,21,558,165,100,12.483,31.600000000000023,31,fit:6e89a0befe0a3ac47a7a1c34172354760de7b862b17e4a8744ec85fadd57b030:segment:003,3,4985.0,4903,activities/026_250715165154.csv,1,1,0,0
fit:6e89a0befe0a3ac47a7a1c34172354760de7b862b17e4a8744ec85fadd57b030,2025-07-15T16:15:01+00:00,22,622,167,101,12.622,29.600000000000023,31,fit:6e89a0befe0a3ac47a7a1c34172354760de7b862b17e4a8744ec85fadd57b030:segment:003,3,4986.0,4904,activities/026_250715165154.csv,1,1,0,0
fit:6e89a0befe0a3ac47a7a1c34172354760de7b862b17e4a8744ec85fadd57b030,2025-07-15T16:15:02+00:00,23,589,169,102,12.622,29.600000000000023,31,fit:6e89a0befe0a3ac47a7a1c34172354760de7b862b17e4a8744ec85fadd57b030:segment:003,3,4987.0,4905,activities/026_250715165154.csv,1,1,0,0
fit:6e89a0befe0a3ac47a7a1c34172354760de7b862b17e4a8744ec85fadd57b030,2025-07-15T16:15:03+00:00,24,501,170,103,12.715,29.600000000000023,31,fit:6e89a0befe0a3ac47a7a1c34172354760de7b862b17e4a8744ec85fadd57b030:segment:003,3,4988.0,4906,activities/026_250715165154.csv,1,1,0,0
fit:6e89a0befe0a3ac47a7a1c34172354760de7b862b17e4a8744ec85fadd57b030,2025-07-15T16:15:04+00:00,25,526,171,104,12.765,29.600000000000023,31,fit:6e89a0befe0a3ac47a7a1c34172354760de7b862b17e4a8744ec85fadd57b030:segment:003,3,4989.0,4907,activities/026_250715165154.csv,1,1,0,0
fit:6e89a0befe0a3ac47a7a1c34172354760de7b862b17e4a8744ec85fadd57b030,2025-07-15T16:15:05+00:00,26,475,171,105,12.864,30.200000000000045,31,fit:6e89a0befe0a3ac47a7a1c34172354760de7b862b17e4a8744ec85fadd57b030:segment:003,3,4990.0,4908,activities/026_250715165154.csv,1,1,0,0
fit:6e89a0befe0a3ac47a7a1c34172354760de7b862b17e4a8744ec85fadd57b030,2025-07-15T16:15:06+00:00,27,475,172,105,12.946,30.200000000000045,31,fit:6e89a0befe0a3ac47a7a1c34172354760de7b862b17e4a8744ec85fadd57b030:segment:003,3,4991.0,4909,activities/026_250715165154.csv,1,1,0,0
fit:6e89a0befe0a3ac47a7a1c34172354760de7b862b17e4a8744ec85fadd57b030,2025-07-15T16:15:07+00:00,28,497,173,106,13.082,30.200000000000045,31,fit:6e89a0befe0a3ac47a7a1c34172354760de7b862b17e4a8744ec85fadd57b030:segment:003,3,4992.0,4910,activities/026_250715165154.csv,1,1,0,0
fit:6e89a0befe0a3ac47a7a1c34172354760de7b862b17e4a8744ec85fadd57b030,2025-07-15T16:15:08+00:00,29,313,175,106,13.08,30.200000000000045,31,fit:6e89a0befe0a3ac47a7a1c34172354760de7b862b17e4a8744ec85fadd57b030:segment:003,3,4993.0,4911,activities/026_250715165154.csv,1,1,0,0
fit:6e89a0befe0a3ac47a7a1c34172354760de7b862b17e4a8744ec85fadd57b030,2025-07-15T16:15:09+00:00,30,161,175,106,13.174,29.600000000000023,31,fit:6e89a0befe0a3ac47a7a1c34172354760de7b862b17e4a8744ec85fadd57b030:segment:003,3,4994.0,4912,activities/026_250715165154.csv,1,1,0,0
fit:6e89a0befe0a3ac47a7a1c34172354760de7b862b17e4a8744ec85fadd57b030,2025-07-15T16:15:10+00:00,31,129,178,104,13.076,29.600000000000023,31,fit:6e89a0befe0a3ac47a7a1c34172354760de7b862b17e4a8744ec85fadd57b030:segment:003,3,4995.0,4913,activities/026_250715165154.csv,1,1,0,0
fit:6e89a0befe0a3ac47a7a1c34172354760de7b862b17e4a8744ec85fadd57b030,2025-07-15T16:15:11+00:00,32,64,180,102,12.836,29.600000000000023,31,fit:6e89a0befe0a3ac47a7a1c34172354760de7b862b17e4a8744ec85fadd57b030:segment:003,3,4996.0,4914,activities/026_250715165154.csv,1,1,0,0
fit:6e89a0befe0a3ac47a7a1c34172354760de7b862b17e4a8744ec85fadd57b030,2025-07-15T16:15:12+00:00,33,13,180,76,12.517,29.600000000000023,31,fit:6e89a0befe0a3ac47a7a1c34172354760de7b862b17e4a8744ec85fadd57b030:segment:003,3,4997.0,4915,activities/026_250715165154.csv,1,1,0,0
fit:6e89a0befe0a3ac47a7a1c34172354760de7b862b17e4a8744ec85fadd57b030,2025-07-15T16:15:13+00:00,34,13,181,76,12.354,30.200000000000045,31,fit:6e89a0befe0a3ac47a7a1c34172354760de7b862b17e4a8744ec85fadd57b030:segment:003,3,4998.0,4916,activities/026_250715165154.csv,1,1,0,0
fit:6e89a0befe0a3ac47a7a1c34172354760de7b862b17e4a8744ec85fadd57b030,2025-07-15T16:15:14+00:00,35,13,181,76,12.085,30.200000000000045,31,fit:6e89a0befe0a3ac47a7a1c34172354760de7b862b17e4a8744ec85fadd57b030:segment:003,3,4999.0,4917,activities/026_250715165154.csv,1,1,0,0
fit:6e89a0befe0a3ac47a7a1c34172354760de7b862b17e4a8744ec85fadd57b030,2025-07-15T16:15:15+00:00,36,13,181,76,11.792,30.200000000000045,31,fit:6e89a0befe0a3ac47a7a1c34172354760de7b862b17e4a8744ec85fadd57b030:segment:003,3,5000.0,4918,activities/026_250715165154.csv,1,1,0,0
fit:6e89a0befe0a3ac47a7a1c34172354760de7b862b17e4a8744ec85fadd57b030,2025-07-15T16:15:16+00:00,37,0,182,0,11.453,30.200000000000045,31,fit:6e89a0befe0a3ac47a7a1c34172354760de7b862b17e4a8744ec85fadd57b030:segment:003,3,5001.0,4919,activities/026_250715165154.csv,1,1,0,0
fit:6e89a0befe0a3ac47a7a1c34172354760de7b862b17e4a8744ec85fadd57b030,2025-07-15T16:15:17+00:00,38,0,182,0,11.24,31.0,31,fit:6e89a0befe0a3ac47a7a1c34172354760de7b862b17e4a8744ec85fadd57b030:segment:003,3,5002.0,4920,activities/026_250715165154.csv,1,1,0,0
fit:6e89a0befe0a3ac47a7a1c34172354760de7b862b17e4a8744ec85fadd57b030,2025-07-15T16:15:18+00:00,39,0,182,0,11.079,31.0,31,fit:6e89a0befe0a3ac47a7a1c34172354760de7b862b17e4a8744ec85fadd57b030:segment:003,3,5003.0,4921,activities/026_250715165154.csv,1,1,0,0
fit:6e89a0befe0a3ac47a7a1c34172354760de7b862b17e4a8744ec85fadd57b030,2025-07-15T16:15:19+00:00,40,0,182,0,10.844,31.0,31,fit:6e89a0befe0a3ac47a7a1c34172354760de7b862b17e4a8744ec85fadd57b030:segment:003,3,5004.0,4922,activities/026_250715165154.csv,1,1,0,0
fit:6e89a0befe0a3ac47a7a1c34172354760de7b862b17e4a8744ec85fadd57b030,2025-07-15T16:15:20+00:00,41,0,182,0,10.581,31.0,31,fit:6e89a0befe0a3ac47a7a1c34172354760de7b862b17e4a8744ec85fadd57b030:segment:003,3,5005.0,4923,activities/026_250715165154.csv,1,1,0,0
fit:6e89a0befe0a3ac47a7a1c34172354760de7b862b17e4a8744ec85fadd57b030,2025-07-15T16:15:21+00:00,42,0,182,0,10.304,30.600000000000023,31,fit:6e89a0befe0a3ac47a7a1c34172354760de7b862b17e4a8744ec85fadd57b030:segment:003,3,5006.0,4924,activities/026_250715165154.csv,1,1,0,0
fit:6e89a0befe0a3ac47a7a1c34172354760de7b862b17e4a8744ec85fadd57b030,2025-07-15T16:15:22+00:00,43,0,182,0,10.161,30.600000000000023,31,fit:6e89a0befe0a3ac47a7a1c34172354760de7b862b17e4a8744ec85fadd57b030:segment:003,3,5007.0,4925,activities/026_250715165154.csv,1,1,0,0
fit:6e89a0befe0a3ac47a7a1c34172354760de7b862b17e4a8744ec85fadd57b030,2025-07-15T16:15:23+00:00,44,10,181,52,10.037,30.600000000000023,31,fit:6e89a0befe0a3ac47a7a1c34172354760de7b862b17e4a8744ec85fadd57b030:segment:003,3,5008.0,4926,activities/026_250715165154.csv,1,1,0,0
fit:6e89a0befe0a3ac47a7a1c34172354760de7b862b17e4a8744ec85fadd57b030,2025-07-15T16:15:24+00:00,45,10,181,52,9.848,31.600000000000023,31,fit:6e89a0befe0a3ac47a7a1c34172354760de7b862b17e4a8744ec85fadd57b030:segment:003,3,5009.0,4927,activities/026_250715165154.csv,1,1,0,0
fit:6e89a0befe0a3ac47a7a1c34172354760de7b862b17e4a8744ec85fadd57b030,2025-07-15T16:15:25+00:00,46,10,180,56,9.688,30.200000000000045,31,fit:6e89a0befe0a3ac47a7a1c34172354760de7b862b17e4a8744ec85fadd57b030:segment:003,3,5010.0,4928,activities/026_250715165154.csv,1,1,0,0
fit:6e89a0befe0a3ac47a7a1c34172354760de7b862b17e4a8744ec85fadd57b030,2025-07-15T16:15:26+00:00,47,25,180,56,9.479,30.200000000000045,31,fit:6e89a0befe0a3ac47a7a1c34172354760de7b862b17e4a8744ec85fadd57b030:segment:003,3,5011.0,4929,activities/026_250715165154.csv,1,1,0,0
fit:6e89a0befe0a3ac47a7a1c34172354760de7b862b17e4a8744ec85fadd57b030,2025-07-15T16:15:27+00:00,48,25,179,73,9.334,30.200000000000045,31,fit:6e89a0befe0a3ac47a7a1c34172354760de7b862b17e4a8744ec85fadd57b030:segment:003,3,5012.0,4930,activities/026_250715165154.csv,1,1,0,0
fit:6e89a0befe0a3ac47a7a1c34172354760de7b862b17e4a8744ec85fadd57b030,2025-07-15T16:15:28+00:00,49,183,178,73,9.209,30.200000000000045,31,fit:6e89a0befe0a3ac47a7a1c34172354760de7b862b17e4a8744ec85fadd57b030:segment:003,3,5013.0,4931,activities/026_250715165154.csv,1,1,0,0
fit:6e89a0befe0a3ac47a7a1c34172354760de7b862b17e4a8744ec85fadd57b030,2025-07-15T16:15:29+00:00,50,90,177,81,9.195,30.399999999999977,31,fit:6e89a0befe0a3ac47a7a1c34172354760de7b862b17e4a8744ec85fadd57b030:segment:003,3,5014.0,4932,activities/026_250715165154.csv,1,1,0,0
fit:6e89a0befe0a3ac47a7a1c34172354760de7b862b17e4a8744ec85fadd57b030,2025-07-15T16:15:30+00:00,51,197,176,84,9.224,30.399999999999977,31,fit:6e89a0befe0a3ac47a7a1c34172354760de7b862b17e4a8744ec85fadd57b030:segment:003,3,5015.0,4933,activities/026_250715165154.csv,1,1,0,0
fit:6e89a0befe0a3ac47a7a1c34172354760de7b862b17e4a8744ec85fadd57b030,2025-07-15T16:15:31+00:00,52,228,175,84,9.238,30.399999999999977,31,fit:6e89a0befe0a3ac47a7a1c34172354760de7b862b17e4a8744ec85fadd57b030:segment:003,3,5016.0,4934,activities/026_250715165154.csv,1,1,0,0
fit:6e89a0befe0a3ac47a7a1c34172354760de7b862b17e4a8744ec85fadd57b030,2025-07-15T16:15:32+00:00,53,184,174,86,9.265,30.399999999999977,31,fit:6e89a0befe0a3ac47a7a1c34172354760de7b862b17e4a8744ec85fadd57b030:segment:003,3,5017.0,4935,activities/026_250715165154.csv,1,1,0,0
fit:6e89a0befe0a3ac47a7a1c34172354760de7b862b17e4a8744ec85fadd57b030,2025-07-15T16:15:33+00:00,54,139,174,86,9.408,30.200000000000045,31,fit:6e89a0befe0a3ac47a7a1c34172354760de7b862b17e4a8744ec85fadd57b030:segment:003,3,5018.0,4936,activities/026_250715165154.csv,1,1,0,0
fit:6e89a0befe0a3ac47a7a1c34172354760de7b862b17e4a8744ec85fadd57b030,2025-07-15T16:15:34+00:00,55,116,173,86,9.504,30.200000000000045,31,fit:6e89a0befe0a3ac47a7a1c34172354760de7b862b17e4a8744ec85fadd57b030:segment:003,3,5019.0,4937,activities/026_250715165154.csv,1,1,0,0
fit:6e89a0befe0a3ac47a7a1c34172354760de7b862b17e4a8744ec85fadd57b030,2025-07-15T16:15:35+00:00,56,117,173,86,9.472,30.200000000000045,31,fit:6e89a0befe0a3ac47a7a1c34172354760de7b862b17e4a8744ec85fadd57b030:segment:003,3,5020.0,4938,activities/026_250715165154.csv,1,1,0,0
fit:6e89a0befe0a3ac47a7a1c34172354760de7b862b17e4a8744ec85fadd57b030,2025-07-15T16:15:36+00:00,57,191,173,86,9.445,30.200000000000045,31,fit:6e89a0befe0a3ac47a7a1c34172354760de7b862b17e4a8744ec85fadd57b030:segment:003,3,5021.0,4939,activities/026_250715165154.csv,1,1,0,0
fit:6e89a0befe0a3ac47a7a1c34172354760de7b862b17e4a8744ec85fadd57b030,2025-07-15T16:15:37+00:00,58,204,171,87,9.37,29.600000000000023,31,fit:6e89a0befe0a3ac47a7a1c34172354760de7b862b17e4a8744ec85fadd57b030:segment:003,3,5022.0,4940,activities/026_250715165154.csv,1,1,0,0
fit:6e89a0befe0a3ac47a7a1c34172354760de7b862b17e4a8744ec85fadd57b030,2025-07-15T16:15:38+00:00,59,208,171,88,9.452,29.600000000000023,31,fit:6e89a0befe0a3ac47a7a1c34172354760de7b862b17e4a8744ec85fadd57b030:segment:003,3,5023.0,4941,activities/026_250715165154.csv,1,1,0,0
fit:6e89a0befe0a3ac47a7a1c34172354760de7b862b17e4a8744ec85fadd57b030,2025-07-15T16:15:39+00:00,60,299,170,90,9.523,29.600000000000023,31,fit:6e89a0befe0a3ac47a7a1c34172354760de7b862b17e4a8744ec85fadd57b030:segment:003,3,5024.0,4942,activities/026_250715165154.csv,1,1,0,0
fit:6e89a0befe0a3ac47a7a1c34172354760de7b862b17e4a8744ec85fadd57b030,2025-07-15T16:15:40+00:00,61,299,169,92,9.68,29.600000000000023,31,fit:6e89a0befe0a3ac47a7a1c34172354760de7b862b17e4a8744ec85fadd57b030:segment:003,3,5025.0,4943,activities/026_250715165154.csv,1,1,0,0
fit:6e89a0befe0a3ac47a7a1c34172354760de7b862b17e4a8744ec85fadd57b030,2025-07-15T16:15:41+00:00,62,142,169,92,9.886,29.799999999999955,31,fit:6e89a0befe0a3ac47a7a1c34172354760de7b862b17e4a8744ec85fadd57b030:segment:003,3,5026.0,4944,activities/026_250715165154.csv,1,1,0,0
fit:6e89a0befe0a3ac47a7a1c34172354760de7b862b17e4a8744ec85fadd57b030,2025-07-15T16:15:42+00:00,63,142,169,94,10.092,29.799999999999955,31,fit:6e89a0befe0a3ac47a7a1c34172354760de7b862b17e4a8744ec85fadd57b030:segment:003,3,5027.0,4945,activities/026_250715165154.csv,1,1,0,0
fit:6e89a0befe0a3ac47a7a1c34172354760de7b862b17e4a8744ec85fadd57b030,2025-07-15T16:15:43+00:00,64,94,168,94,10.231,29.799999999999955,31,fit:6e89a0befe0a3ac47a7a1c34172354760de7b862b17e4a8744ec85fadd57b030:segment:003,3,5028.0,4946,activities/026_250715165154.csv,1,1,0,0
fit:6e89a0befe0a3ac47a7a1c34172354760de7b862b17e4a8744ec85fadd57b030,2025-07-15T16:15:44+00:00,65,105,168,95,10.301,29.799999999999955,31,fit:6e89a0befe0a3ac47a7a1c34172354760de7b862b17e4a8744ec85fadd57b030:segment:003,3,5029.0,4947,activities/026_250715165154.csv,1,1,0,0
fit:6e89a0befe0a3ac47a7a1c34172354760de7b862b17e4a8744ec85fadd57b030,2025-07-15T16:15:45+00:00,66,67,167,96,10.375,29.600000000000023,31,fit:6e89a0befe0a3ac47a7a1c34172354760de7b862b17e4a8744ec85fadd57b030:segment:003,3,5030.0,4948,activities/026_250715165154.csv,1,1,0,0
fit:6e89a0befe0a3ac47a7a1c34172354760de7b862b17e4a8744ec85fadd57b030,2025-07-15T16:15:46+00:00,67,67,167,88,10.402,29.600000000000023,31,fit:6e89a0befe0a3ac47a7a1c34172354760de7b862b17e4a8744ec85fadd57b030:segment:003,3,5031.0,4949,activities/026_250715165154.csv,1,1,0,0
fit:6e89a0befe0a3ac47a7a1c34172354760de7b862b17e4a8744ec85fadd57b030,2025-07-15T16:15:47+00:00,68,68,167,88,10.438,29.600000000000023,31,fit:6e89a0befe0a3ac47a7a1c34172354760de7b862b17e4a8744ec85fadd57b030:segment:003,3,5032.0,4950,activities/026_250715165154.csv,1,1,0,0
fit:6e89a0befe0a3ac47a7a1c34172354760de7b862b17e4a8744ec85fadd57b030,2025-07-15T16:15:48+00:00,69,68,167,88,10.369,29.600000000000023,31,fit:6e89a0befe0a3ac47a7a1c34172354760de7b862b17e4a8744ec85fadd57b030:segment:003,3,5033.0,4951,activities/026_250715165154.csv,1,1,0,0
fit:6e89a0befe0a3ac47a7a1c34172354760de7b862b17e4a8744ec85fadd57b030,2025-07-15T16:15:49+00:00,70,68,167,88,10.255,32.200000000000045,31,fit:6e89a0befe0a3ac47a7a1c34172354760de7b862b17e4a8744ec85fadd57b030:segment:003,3,5034.0,4952,activities/026_250715165154.csv,1,1,0,0
fit:6e89a0befe0a3ac47a7a1c34172354760de7b862b17e4a8744ec85fadd57b030,2025-07-15T16:15:50+00:00,71,68,166,88,10.299,32.200000000000045,31,fit:6e89a0befe0a3ac47a7a1c34172354760de7b862b17e4a8744ec85fadd57b030:segment:003,3,5035.0,4953,activities/026_250715165154.csv,1,1,0,0
fit:6e89a0befe0a3ac47a7a1c34172354760de7b862b17e4a8744ec85fadd57b030,2025-07-15T16:15:51+00:00,72,65,166,87,10.069,32.200000000000045,31,fit:6e89a0befe0a3ac47a7a1c34172354760de7b862b17e4a8744ec85fadd57b030:segment:003,3,5036.0,4954,activities/026_250715165154.csv,1,1,0,0
fit:6e89a0befe0a3ac47a7a1c34172354760de7b862b17e4a8744ec85fadd57b030,2025-07-15T16:15:52+00:00,73,59,166,82,9.896,31.600000000000023,31,fit:6e89a0befe0a3ac47a7a1c34172354760de7b862b17e4a8744ec85fadd57b030:segment:003,3,5037.0,4955,activities/026_250715165154.csv,1,1,0,0
fit:6e89a0befe0a3ac47a7a1c34172354760de7b862b17e4a8744ec85fadd57b030,2025-07-15T16:15:53+00:00,74,0,164,0,9.637,29.399999999999977,31,fit:6e89a0befe0a3ac47a7a1c34172354760de7b862b17e4a8744ec85fadd57b030:segment:003,3,5038.0,4956,activities/026_250715165154.csv,1,1,0,0
fit:6e89a0befe0a3ac47a7a1c34172354760de7b862b17e4a8744ec85fadd57b030,2025-07-15T16:15:54+00:00,75,0,163,0,9.028,29.399999999999977,31,fit:6e89a0befe0a3ac47a7a1c34172354760de7b862b17e4a8744ec85fadd57b030:segment:003,3,5039.0,4957,activities/026_250715165154.csv,1,1,0,0
fit:6e89a0befe0a3ac47a7a1c34172354760de7b862b17e4a8744ec85fadd57b030,2025-07-15T16:15:55+00:00,76,0,162,0,8.315,29.399999999999977,31,fit:6e89a0befe0a3ac47a7a1c34172354760de7b862b17e4a8744ec85fadd57b030:segment:003,3,5040.0,4958,activities/026_250715165154.csv,1,1,0,0
fit:6e89a0befe0a3ac47a7a1c34172354760de7b862b17e4a8744ec85fadd57b030,2025-07-15T16:15:56+00:00,77,7,162,0,7.855,29.399999999999977,31,fit:6e89a0befe0a3ac47a7a1c34172354760de7b862b17e4a8744ec85fadd57b030:segment:003,3,5041.0,4959,activities/026_250715165154.csv,1,1,0,0
fit:6e89a0befe0a3ac47a7a1c34172354760de7b862b17e4a8744ec85fadd57b030,2025-07-15T16:15:57+00:00,78,8,161,0,7.347,29.600000000000023,31,fit:6e89a0befe0a3ac47a7a1c34172354760de7b862b17e4a8744ec85fadd57b030:segment:003,3,5042.0,4960,activities/026_250715165154.csv,1,1,0,0
fit:6e89a0befe0a3ac47a7a1c34172354760de7b862b17e4a8744ec85fadd57b030,2025-07-15T16:15:58+00:00,79,8,159,0,7.203,29.600000000000023,31,fit:6e89a0befe0a3ac47a7a1c34172354760de7b862b17e4a8744ec85fadd57b030:segment:003,3,5043.0,4961,activities/026_250715165154.csv,1,1,0,0
fit:6e89a0befe0a3ac47a7a1c34172354760de7b862b17e4a8744ec85fadd57b030,2025-07-15T16:15:59+00:00,80,283,159,75,7.621,29.600000000000023,31,fit:6e89a0befe0a3ac47a7a1c34172354760de7b862b17e4a8744ec85fadd57b030:segment:003,3,5044.0,4962,activities/026_250715165154.csv,1,1,0,0
fit:6e89a0befe0a3ac47a7a1c34172354760de7b862b17e4a8744ec85fadd57b030,2025-07-15T16:16:00+00:00,81,223,158,75,7.846,30.200000000000045,31,fit:6e89a0befe0a3ac47a7a1c34172354760de7b862b17e4a8744ec85fadd57b030:segment:003,3,5045.0,4963,activities/026_250715165154.csv,1,1,0,0
fit:6e89a0befe0a3ac47a7a1c34172354760de7b862b17e4a8744ec85fadd57b030,2025-07-15T16:16:01+00:00,82,207,158,76,8.09,30.600000000000023,31,fit:6e89a0befe0a3ac47a7a1c34172354760de7b862b17e4a8744ec85fadd57b030:segment:003,3,5046.0,4964,activities/026_250715165154.csv,1,1,0,0
fit:6e89a0befe0a3ac47a7a1c34172354760de7b862b17e4a8744ec85fadd57b030,2025-07-15T16:16:02+00:00,83,207,157,76,8.206,30.600000000000023,31,fit:6e89a0befe0a3ac47a7a1c34172354760de7b862b17e4a8744ec85fadd57b030:segment:003,3,5047.0,4965,activities/026_250715165154.csv,1,1,0,0
fit:6e89a0befe0a3ac47a7a1c34172354760de7b862b17e4a8744ec85fadd57b030,2025-07-15T16:16:03+00:00,84,175,156,76,8.23,30.600000000000023,31,fit:6e89a0befe0a3ac47a7a1c34172354760de7b862b17e4a8744ec85fadd57b030:segment:003,3,5048.0,4966,activities/026_250715165154.csv,1,1,0,0
fit:6e89a0befe0a3ac47a7a1c34172354760de7b862b17e4a8744ec85fadd57b030,2025-07-15T16:16:04+00:00,85,145,155,77,8.375,30.600000000000023,31,fit:6e89a0befe0a3ac47a7a1c34172354760de7b862b17e4a8744ec85fadd57b030:segment:003,3,5049.0,4967,activities/026_250715165154.csv,1,1,0,0
fit:6e89a0befe0a3ac47a7a1c34172354760de7b862b17e4a8744ec85fadd57b030,2025-07-15T16:16:05+00:00,86,142,154,77,8.435,30.200000000000045,31,fit:6e89a0befe0a3ac47a7a1c34172354760de7b862b17e4a8744ec85fadd57b030:segment:003,3,5050.0,4968,activities/026_250715165154.csv,1,1,0,0
fit:6e89a0befe0a3ac47a7a1c34172354760de7b862b17e4a8744ec85fadd57b030,2025-07-15T16:16:06+00:00,87,142,154,77,8.55,30.200000000000045,31,fit:6e89a0befe0a3ac47a7a1c34172354760de7b862b17e4a8744ec85fadd57b030:segment:003,3,5051.0,4969,activities/026_250715165154.csv,1,1,0,0
fit:6e89a0befe0a3ac47a7a1c34172354760de7b862b17e4a8744ec85fadd57b030,2025-07-15T16:16:07+00:00,88,142,154,77,8.48,30.200000000000045,31,fit:6e89a0befe0a3ac47a7a1c34172354760de7b862b17e4a8744ec85fadd57b030:segment:003,3,5052.0,4970,activities/026_250715165154.csv,1,1,0,0
fit:6e89a0befe0a3ac47a7a1c34172354760de7b862b17e4a8744ec85fadd57b030,2025-07-15T16:16:08+00:00,89,143,154,0,8.08,31.200000000000045,31,fit:6e89a0befe0a3ac47a7a1c34172354760de7b862b17e4a8744ec85fadd57b030:segment:003,3,5053.0,4971,activities/026_250715165154.csv,1,1,0,0
fit:6e89a0befe0a3ac47a7a1c34172354760de7b862b17e4a8744ec85fadd57b030,2025-07-15T16:16:09+00:00,90,15,154,0,7.722,30.399999999999977,31,fit:6e89a0befe0a3ac47a7a1c34172354760de7b862b17e4a8744ec85fadd57b030:segment:003,3,5054.0,4972,activities/026_250715165154.csv,1,1,0,0
fit:6e89a0befe0a3ac47a7a1c34172354760de7b862b17e4a8744ec85fadd57b030,2025-07-15T16:16:10+00:00,91,15,155,0,7.561,30.399999999999977,31,fit:6e89a0befe0a3ac47a7a1c34172354760de7b862b17e4a8744ec85fadd57b030:segment:003,3,5055.0,4973,activities/026_250715165154.csv,1,1,0,0
fit:6e89a0befe0a3ac47a7a1c34172354760de7b862b17e4a8744ec85fadd57b030,2025-07-15T16:16:11+00:00,92,232,155,70,7.492,30.399999999999977,31,fit:6e89a0befe0a3ac47a7a1c34172354760de7b862b17e4a8744ec85fadd57b030:segment:003,3,5056.0,4974,activities/026_250715165154.csv,1,1,0,0
fit:6e89a0befe0a3ac47a7a1c34172354760de7b862b17e4a8744ec85fadd57b030,2025-07-15T16:16:12+00:00,93,202,155,72,7.655,30.399999999999977,31,fit:6e89a0befe0a3ac47a7a1c34172354760de7b862b17e4a8744ec85fadd57b030:segment:003,3,5057.0,4975,activities/026_250715165154.csv,1,1,0,0
fit:6e89a0befe0a3ac47a7a1c34172354760de7b862b17e4a8744ec85fadd57b030,2025-07-15T16:16:13+00:00,94,162,155,73,7.905,30.600000000000023,31,fit:6e89a0befe0a3ac47a7a1c34172354760de7b862b17e4a8744ec85fadd57b030:segment:003,3,5058.0,4976,activities/026_250715165154.csv,1,1,0,0
fit:6e89a0befe0a3ac47a7a1c34172354760de7b862b17e4a8744ec85fadd57b030,2025-07-15T16:16:14+00:00,95,154,154,73,7.868,30.600000000000023,31,fit:6e89a0befe0a3ac47a7a1c34172354760de7b862b17e4a8744ec85fadd57b030:segment:003,3,5059.0,4977,activities/026_250715165154.csv,1,1,0,0
fit:6e89a0befe0a3ac47a7a1c34172354760de7b862b17e4a8744ec85fadd57b030,2025-07-15T16:16:15+00:00,96,151,154,74,8.031,30.600000000000023,31,fit:6e89a0befe0a3ac47a7a1c34172354760de7b862b17e4a8744ec85fadd57b030:segment:003,3,5060.0,4978,activities/026_250715165154.csv,1,1,0,0
fit:6e89a0befe0a3ac47a7a1c34172354760de7b862b17e4a8744ec85fadd57b030,2025-07-15T16:16:16+00:00,97,198,153,75,8.164,29.799999999999955,31,fit:6e89a0befe0a3ac47a7a1c34172354760de7b862b17e4a8744ec85fadd57b030:segment:003,3,5061.0,4979,activities/026_250715165154.csv,1,1,0,0
fit:6e89a0befe0a3ac47a7a1c34172354760de7b862b17e4a8744ec85fadd57b030,2025-07-15T16:16:17+00:00,98,180,152,76,8.205,29.799999999999955,31,fit:6e89a0befe0a3ac47a7a1c34172354760de7b862b17e4a8744ec85fadd57b030:segment:003,3,5062.0,4980,activities/026_250715165154.csv,1,1,0,0
fit:6e89a0befe0a3ac47a7a1c34172354760de7b862b17e4a8744ec85fadd57b030,2025-07-15T16:16:18+00:00,99,124,152,75,8.288,29.799999999999955,31,fit:6e89a0befe0a3ac47a7a1c34172354760de7b862b17e4a8744ec85fadd57b030:segment:003,3,5063.0,4981,activities/026_250715165154.csv,1,1,0,0
fit:6e89a0befe0a3ac47a7a1c34172354760de7b862b17e4a8744ec85fadd57b030,2025-07-15T16:16:19+00:00,100,147,151,75,8.291,29.799999999999955,31,fit:6e89a0befe0a3ac47a7a1c34172354760de7b862b17e4a8744ec85fadd57b030:segment:003,3,5064.0,4982,activities/026_250715165154.csv,1,1,0,0
fit:6e89a0befe0a3ac47a7a1c34172354760de7b862b17e4a8744ec85fadd57b030,2025-07-15T16:16:20+00:00,101,176,151,75,8.265,29.799999999999955,31,fit:6e89a0befe0a3ac47a7a1c34172354760de7b862b17e4a8744ec85fadd57b030:segment:003,3,5065.0,4983,activities/026_250715165154.csv,1,1,0,0
fit:6e89a0befe0a3ac47a7a1c34172354760de7b862b17e4a8744ec85fadd57b030,2025-07-15T16:16:21+00:00,102,191,150,75,8.223,30.0,31,fit:6e89a0befe0a3ac47a7a1c34172354760de7b862b17e4a8744ec85fadd57b030:segment:003,3,5066.0,4984,activities/026_250715165154.csv,1,1,0,0
fit:6e89a0befe0a3ac47a7a1c34172354760de7b862b17e4a8744ec85fadd57b030,2025-07-15T16:16:22+00:00,103,161,150,77,8.273,30.0,31,fit:6e89a0befe0a3ac47a7a1c34172354760de7b862b17e4a8744ec85fadd57b030:segment:003,3,5067.0,4985,activities/026_250715165154.csv,1,1,0,0
fit:6e89a0befe0a3ac47a7a1c34172354760de7b862b17e4a8744ec85fadd57b030,2025-07-15T16:16:23+00:00,104,147,150,78,8.378,30.0,31,fit:6e89a0befe0a3ac47a7a1c34172354760de7b862b17e4a8744ec85fadd57b030:segment:003,3,5068.0,4986,activities/026_250715165154.csv,1,1,0,0
fit:6e89a0befe0a3ac47a7a1c34172354760de7b862b17e4a8744ec85fadd57b030,2025-07-15T16:16:24+00:00,105,85,149,77,8.477,30.799999999999955,31,fit:6e89a0befe0a3ac47a7a1c34172354760de7b862b17e4a8744ec85fadd57b030:segment:003,3,5069.0,4987,activities/026_250715165154.csv,1,1,0,0
fit:6e89a0befe0a3ac47a7a1c34172354760de7b862b17e4a8744ec85fadd57b030,2025-07-15T16:16:25+00:00,106,69,148,77,8.583,28.799999999999955,31,fit:6e89a0befe0a3ac47a7a1c34172354760de7b862b17e4a8744ec85fadd57b030:segment:003,3,5070.0,4988,activities/026_250715165154.csv,1,1,0,0
fit:6e89a0befe0a3ac47a7a1c34172354760de7b862b17e4a8744ec85fadd57b030,2025-07-15T16:16:26+00:00,107,70,147,77,8.533,28.799999999999955,31,fit:6e89a0befe0a3ac47a7a1c34172354760de7b862b17e4a8744ec85fadd57b030:segment:003,3,5071.0,4989,activities/026_250715165154.csv,1,1,0,0
fit:6e89a0befe0a3ac47a7a1c34172354760de7b862b17e4a8744ec85fadd57b030,2025-07-15T16:16:27+00:00,108,70,147,77,8.361,28.799999999999955,31,fit:6e89a0befe0a3ac47a7a1c34172354760de7b862b17e4a8744ec85fadd57b030:segment:003,3,5072.0,4990,activities/026_250715165154.csv,1,1,0,0
fit:6e89a0befe0a3ac47a7a1c34172354760de7b862b17e4a8744ec85fadd57b030,2025-07-15T16:16:28+00:00,109,70,146,77,8.093,29.799999999999955,31,fit:6e89a0befe0a3ac47a7a1c34172354760de7b862b17e4a8744ec85fadd57b030:segment:003,3,5073.0,4991,activities/026_250715165154.csv,1,1,0,0
fit:6e89a0befe0a3ac47a7a1c34172354760de7b862b17e4a8744ec85fadd57b030,2025-07-15T16:16:29+00:00,110,0,145,0,7.96,30.600000000000023,31,fit:6e89a0befe0a3ac47a7a1c34172354760de7b862b17e4a8744ec85fadd57b030:segment:003,3,5074.0,4992,activities/026_250715165154.csv,1,1,0,0
fit:6e89a0befe0a3ac47a7a1c34172354760de7b862b17e4a8744ec85fadd57b030,2025-07-15T16:16:30+00:00,111,0,145,0,7.795,30.600000000000023,31,fit:6e89a0befe0a3ac47a7a1c34172354760de7b862b17e4a8744ec85fadd57b030:segment:003,3,5075.0,4993,activities/026_250715165154.csv,1,1,0,0
fit:6e89a0befe0a3ac47a7a1c34172354760de7b862b17e4a8744ec85fadd57b030,2025-07-15T16:16:31+00:00,112,0,144,0,7.567,30.600000000000023,31,fit:6e89a0befe0a3ac47a7a1c34172354760de7b862b17e4a8744ec85fadd57b030:segment:003,3,5076.0,4994,activities/026_250715165154.csv,1,1,0,0
fit:6e89a0befe0a3ac47a7a1c34172354760de7b862b17e4a8744ec85fadd57b030,2025-07-15T16:16:32+00:00,113,0,144,0,7.381,30.600000000000023,31,fit:6e89a0befe0a3ac47a7a1c34172354760de7b862b17e4a8744ec85fadd57b030:segment:003,3,5077.0,4995,activities/026_250715165154.csv,1,1,0,0
fit:6e89a0befe0a3ac47a7a1c34172354760de7b862b17e4a8744ec85fadd57b030,2025-07-15T16:16:33+00:00,114,0,144,0,7.211,29.799999999999955,31,fit:6e89a0befe0a3ac47a7a1c34172354760de7b862b17e4a8744ec85fadd57b030:segment:003,3,5078.0,4996,activities/026_250715165154.csv,1,1,0,0
fit:6e89a0befe0a3ac47a7a1c34172354760de7b862b17e4a8744ec85fadd57b030,2025-07-15T16:16:34+00:00,115,0,143,0,7.22,29.799999999999955,31,fit:6e89a0befe0a3ac47a7a1c34172354760de7b862b17e4a8744ec85fadd57b030:segment:003,3,5079.0,4997,activities/026_250715165154.csv,1,1,0,0
fit:6e89a0befe0a3ac47a7a1c34172354760de7b862b17e4a8744ec85fadd57b030,2025-07-15T16:16:35+00:00,116,0,142,0,7.221,29.799999999999955,31,fit:6e89a0befe0a3ac47a7a1c34172354760de7b862b17e4a8744ec85fadd57b030:segment:003,3,5080.0,4998,activities/026_250715165154.csv,1,1,0,0
fit:6e89a0befe0a3ac47a7a1c34172354760de7b862b17e4a8744ec85fadd57b030,2025-07-15T16:16:36+00:00,117,0,142,0,7.086,30.600000000000023,31,fit:6e89a0befe0a3ac47a7a1c34172354760de7b862b17e4a8744ec85fadd57b030:segment:003,3,5081.0,4999,activities/026_250715165154.csv,1,1,0,0
fit:6e89a0befe0a3ac47a7a1c34172354760de7b862b17e4a8744ec85fadd57b030,2025-07-15T16:16:37+00:00,118,0,139,0,7.056,30.200000000000045,31,fit:6e89a0befe0a3ac47a7a1c34172354760de7b862b17e4a8744ec85fadd57b030:segment:003,3,5082.0,5000,activities/026_250715165154.csv,1,1,0,0
fit:6e89a0befe0a3ac47a7a1c34172354760de7b862b17e4a8744ec85fadd57b030,2025-07-15T16:16:38+00:00,119,35,139,0,6.979,30.200000000000045,31,fit:6e89a0befe0a3ac47a7a1c34172354760de7b862b17e4a8744ec85fadd57b030:segment:003,3,5083.0,5001,activities/026_250715165154.csv,1,1,0,0
fit:6e89a0befe0a3ac47a7a1c34172354760de7b862b17e4a8744ec85fadd57b030,2025-07-15T16:16:39+00:00,120,34,137,60,6.631,30.200000000000045,31,fit:6e89a0befe0a3ac47a7a1c34172354760de7b862b17e4a8744ec85fadd57b030:segment:003,3,5084.0,5002,activities/026_250715165154.csv,1,1,0,0
fit:6e89a0befe0a3ac47a7a1c34172354760de7b862b17e4a8744ec85fadd57b030,2025-07-15T16:16:40+00:00,121,34,136,60,6.404,30.200000000000045,31,fit:6e89a0befe0a3ac47a7a1c34172354760de7b862b17e4a8744ec85fadd57b030:segment:003,3,5085.0,5003,activities/026_250715165154.csv,1,1,0,0
fit:6e89a0befe0a3ac47a7a1c34172354760de7b862b17e4a8744ec85fadd57b030,2025-07-15T16:16:41+00:00,122,34,136,0,6.01,30.200000000000045,31,fit:6e89a0befe0a3ac47a7a1c34172354760de7b862b17e4a8744ec85fadd57b030:segment:003,3,5086.0,5004,activities/026_250715165154.csv,1,1,0,0
fit:6e89a0befe0a3ac47a7a1c34172354760de7b862b17e4a8744ec85fadd57b030,2025-07-15T16:16:42+00:00,123,34,135,0,6.072,30.200000000000045,31,fit:6e89a0befe0a3ac47a7a1c34172354760de7b862b17e4a8744ec85fadd57b030:segment:003,3,5087.0,5005,activities/026_250715165154.csv,1,1,0,0
fit:6e89a0befe0a3ac47a7a1c34172354760de7b862b17e4a8744ec85fadd57b030,2025-07-15T16:16:43+00:00,124,8,133,32,6.05,30.200000000000045,31,fit:6e89a0befe0a3ac47a7a1c34172354760de7b862b17e4a8744ec85fadd57b030:segment:003,3,5088.0,5006,activities/026_250715165154.csv,1,1,0,0
fit:6e89a0befe0a3ac47a7a1c34172354760de7b862b17e4a8744ec85fadd57b030,2025-07-15T16:16:44+00:00,125,8,133,32,5.963,30.200000000000045,31,fit:6e89a0befe0a3ac47a7a1c34172354760de7b862b17e4a8744ec85fadd57b030:segment:003,3,5089.0,5007,activities/026_250715165154.csv,1,1,0,0
fit:6e89a0befe0a3ac47a7a1c34172354760de7b862b17e4a8744ec85fadd57b030,2025-07-15T16:16:45+00:00,126,9,132,32,5.811,30.399999999999977,31,fit:6e89a0befe0a3ac47a7a1c34172354760de7b862b17e4a8744ec85fadd57b030:segment:003,3,5090.0,5008,activities/026_250715165154.csv,1,1,0,0
fit:6e89a0befe0a3ac47a7a1c34172354760de7b862b17e4a8744ec85fadd57b030,2025-07-15T16:16:46+00:00,127,5,131,0,5.641,30.399999999999977,31,fit:6e89a0befe0a3ac47a7a1c34172354760de7b862b17e4a8744ec85fadd57b030:segment:003,3,5091.0,5009,activities/026_250715165154.csv,1,1,0,0
fit:6e89a0befe0a3ac47a7a1c34172354760de7b862b17e4a8744ec85fadd57b030,2025-07-15T16:16:47+00:00,128,139,131,60,5.759,30.399999999999977,31,fit:6e89a0befe0a3ac47a7a1c34172354760de7b862b17e4a8744ec85fadd57b030:segment:003,3,5092.0,5010,activities/026_250715165154.csv,1,1,0,0
fit:6e89a0befe0a3ac47a7a1c34172354760de7b862b17e4a8744ec85fadd57b030,2025-07-15T16:16:48+00:00,129,162,131,64,6.063,29.600000000000023,31,fit:6e89a0befe0a3ac47a7a1c34172354760de7b862b17e4a8744ec85fadd57b030:segment:003,3,5093.0,5011,activities/026_250715165154.csv,1,1,0,0
fit:6e89a0befe0a3ac47a7a1c34172354760de7b862b17e4a8744ec85fadd57b030,2025-07-15T16:16:49+00:00,130,150,130,66,6.252,30.399999999999977,31,fit:6e89a0befe0a3ac47a7a1c34172354760de7b862b17e4a8744ec85fadd57b030:segment:003,3,5094.0,5012,activities/026_250715165154.csv,1,1,0,0
fit:6e89a0befe0a3ac47a7a1c34172354760de7b862b17e4a8744ec85fadd57b030,2025-07-15T16:16:50+00:00,131,90,130,68,6.396,30.399999999999977,31,fit:6e89a0befe0a3ac47a7a1c34172354760de7b862b17e4a8744ec85fadd57b030:segment:003,3,5095.0,5013,activities/026_250715165154.csv,1,1,0,0
fit:6e89a0befe0a3ac47a7a1c34172354760de7b862b17e4a8744ec85fadd57b030,2025-07-15T16:16:51+00:00,132,76,130,68,6.372,30.399999999999977,31,fit:6e89a0befe0a3ac47a7a1c34172354760de7b862b17e4a8744ec85fadd57b030:segment:003,3,5096.0,5014,activities/026_250715165154.csv,1,1,0,0
fit:6e89a0befe0a3ac47a7a1c34172354760de7b862b17e4a8744ec85fadd57b030,2025-07-15T16:16:52+00:00,133,67,129,67,6.415,30.0,31,fit:6e89a0befe0a3ac47a7a1c34172354760de7b862b17e4a8744ec85fadd57b030:segment:003,3,5097.0,5015,activities/026_250715165154.csv,1,1,0,0
fit:6e89a0befe0a3ac47a7a1c34172354760de7b862b17e4a8744ec85fadd57b030,2025-07-15T16:16:53+00:00,134,100,129,67,6.321,29.600000000000023,31,fit:6e89a0befe0a3ac47a7a1c34172354760de7b862b17e4a8744ec85fadd57b030:segment:003,3,5098.0,5016,activities/026_250715165154.csv,1,1,0,0
fit:6e89a0befe0a3ac47a7a1c34172354760de7b862b17e4a8744ec85fadd57b030,2025-07-15T16:16:54+00:00,135,102,128,66,6.341,29.600000000000023,31,fit:6e89a0befe0a3ac47a7a1c34172354760de7b862b17e4a8744ec85fadd57b030:segment:003,3,5099.0,5017,activities/026_250715165154.csv,1,1,0,0
fit:6e89a0befe0a3ac47a7a1c34172354760de7b862b17e4a8744ec85fadd57b030,2025-07-15T16:16:55+00:00,136,102,127,66,6.183,29.600000000000023,31,fit:6e89a0befe0a3ac47a7a1c34172354760de7b862b17e4a8744ec85fadd57b030:segment:003,3,5100.0,5018,activities/026_250715165154.csv,1,1,0,0
fit:6e89a0befe0a3ac47a7a1c34172354760de7b862b17e4a8744ec85fadd57b030,2025-07-15T16:16:56+00:00,137,131,127,67,6.298,30.200000000000045,31,fit:6e89a0befe0a3ac47a7a1c34172354760de7b862b17e4a8744ec85fadd57b030:segment:003,3,5101.0,5019,activities/026_250715165154.csv,1,1,0,0
fit:6e89a0befe0a3ac47a7a1c34172354760de7b862b17e4a8744ec85fadd57b030,2025-07-15T16:16:57+00:00,138,132,126,67,6.352,29.799999999999955,31,fit:6e89a0befe0a3ac47a7a1c34172354760de7b862b17e4a8744ec85fadd57b030:segment:003,3,5102.0,5020,activities/026_250715165154.csv,1,1,0,0
fit:6e89a0befe0a3ac47a7a1c34172354760de7b862b17e4a8744ec85fadd57b030,2025-07-15T16:16:58+00:00,139,81,126,68,6.537,29.799999999999955,31,fit:6e89a0befe0a3ac47a7a1c34172354760de7b862b17e4a8744ec85fadd57b030:segment:003,3,5103.0,5021,activities/026_250715165154.csv,1,1,0,0
fit:6e89a0befe0a3ac47a7a1c34172354760de7b862b17e4a8744ec85fadd57b030,2025-07-15T16:16:59+00:00,140,81,126,68,6.639,29.799999999999955,31,fit:6e89a0befe0a3ac47a7a1c34172354760de7b862b17e4a8744ec85fadd57b030:segment:003,3,5104.0,5022,activities/026_250715165154.csv,1,1,0,0
fit:6e89a0befe0a3ac47a7a1c34172354760de7b862b17e4a8744ec85fadd57b030,2025-07-15T16:17:00+00:00,141,82,126,68,6.745,30.399999999999977,31,fit:6e89a0befe0a3ac47a7a1c34172354760de7b862b17e4a8744ec85fadd57b030:segment:003,3,5105.0,5023,activities/026_250715165154.csv,1,1,0,0
fit:6e89a0befe0a3ac47a7a1c34172354760de7b862b17e4a8744ec85fadd57b030,2025-07-15T16:17:01+00:00,142,82,126,68,6.735,29.600000000000023,31,fit:6e89a0befe0a3ac47a7a1c34172354760de7b862b17e4a8744ec85fadd57b030:segment:003,3,5106.0,5024,activities/026_250715165154.csv,1,1,0,0
fit:6e89a0befe0a3ac47a7a1c34172354760de7b862b17e4a8744ec85fadd57b030,2025-07-15T16:17:02+00:00,143,82,126,0,6.565,29.600000000000023,31,fit:6e89a0befe0a3ac47a7a1c34172354760de7b862b17e4a8744ec85fadd57b030:segment:003,3,5107.0,5025,activities/026_250715165154.csv,1,1,0,0
fit:6e89a0befe0a3ac47a7a1c34172354760de7b862b17e4a8744ec85fadd57b030,2025-07-15T16:17:03+00:00,144,129,126,64,6.391,29.600000000000023,31,fit:6e89a0befe0a3ac47a7a1c34172354760de7b862b17e4a8744ec85fadd57b030:segment:003,3,5108.0,5026,activities/026_250715165154.csv,1,1,0,0
fit:6e89a0befe0a3ac47a7a1c34172354760de7b862b17e4a8744ec85fadd57b030,2025-07-15T16:17:04+00:00,145,102,126,62,6.337,29.600000000000023,31,fit:6e89a0befe0a3ac47a7a1c34172354760de7b862b17e4a8744ec85fadd57b030:segment:003,3,5109.0,5027,activities/026_250715165154.csv,1,1,0,0
fit:6e89a0befe0a3ac47a7a1c34172354760de7b862b17e4a8744ec85fadd57b030,2025-07-15T16:17:05+00:00,146,102,125,62,6.082,29.600000000000023,31,fit:6e89a0befe0a3ac47a7a1c34172354760de7b862b17e4a8744ec85fadd57b030:segment:003,3,5110.0,5028,activities/026_250715165154.csv,1,1,0,0
fit:6e89a0befe0a3ac47a7a1c34172354760de7b862b17e4a8744ec85fadd57b030,2025-07-15T16:17:06+00:00,147,102,125,62,5.859,29.600000000000023,31,fit:6e89a0befe0a3ac47a7a1c34172354760de7b862b17e4a8744ec85fadd57b030:segment:003,3,5111.0,5029,activities/026_250715165154.csv,1,1,0,0
fit:6e89a0befe0a3ac47a7a1c34172354760de7b862b17e4a8744ec85fadd57b030,2025-07-15T16:17:07+00:00,148,102,124,62,5.428,29.600000000000023,31,fit:6e89a0befe0a3ac47a7a1c34172354760de7b862b17e4a8744ec85fadd57b030:segment:003,3,5112.0,5030,activities/026_250715165154.csv,1,1,0,0
fit:6e89a0befe0a3ac47a7a1c34172354760de7b862b17e4a8744ec85fadd57b030,2025-07-15T16:17:08+00:00,149,102,123,62,4.625,29.600000000000023,31,fit:6e89a0befe0a3ac47a7a1c34172354760de7b862b17e4a8744ec85fadd57b030:segment:003,3,5113.0,5031,activities/026_250715165154.csv,1,1,0,0
fit:6e89a0befe0a3ac47a7a1c34172354760de7b862b17e4a8744ec85fadd57b030,2025-07-15T16:17:09+00:00,150,102,122,62,3.863,32.200000000000045,31,fit:6e89a0befe0a3ac47a7a1c34172354760de7b862b17e4a8744ec85fadd57b030:segment:003,3,5114.0,5032,activities/026_250715165154.csv,1,1,0,0
fit:6e89a0befe0a3ac47a7a1c34172354760de7b862b17e4a8744ec85fadd57b030,2025-07-15T16:17:10+00:00,151,96,122,60,3.508,32.200000000000045,31,fit:6e89a0befe0a3ac47a7a1c34172354760de7b862b17e4a8744ec85fadd57b030:segment:003,3,5115.0,5033,activities/026_250715165154.csv,1,1,0,0
fit:6e89a0befe0a3ac47a7a1c34172354760de7b862b17e4a8744ec85fadd57b030,2025-07-15T16:17:11+00:00,152,0,121,0,3.353,32.200000000000045,31,fit:6e89a0befe0a3ac47a7a1c34172354760de7b862b17e4a8744ec85fadd57b030:segment:003,3,5116.0,5034,activities/026_250715165154.csv,1,1,0,0
fit:6e89a0befe0a3ac47a7a1c34172354760de7b862b17e4a8744ec85fadd57b030,2025-07-15T16:17:12+00:00,153,0,121,0,3.342,31.200000000000045,31,fit:6e89a0befe0a3ac47a7a1c34172354760de7b862b17e4a8744ec85fadd57b030:segment:003,3,5117.0,5035,activities/026_250715165154.csv,1,1,0,0
fit:6e89a0befe0a3ac47a7a1c34172354760de7b862b17e4a8744ec85fadd57b030,2025-07-15T16:17:13+00:00,154,157,120,43,3.593,30.399999999999977,31,fit:6e89a0befe0a3ac47a7a1c34172354760de7b862b17e4a8744ec85fadd57b030:segment:003,3,5118.0,5036,activities/026_250715165154.csv,1,1,0,0
fit:6e89a0befe0a3ac47a7a1c34172354760de7b862b17e4a8744ec85fadd57b030,2025-07-15T16:17:14+00:00,155,164,120,49,3.99,30.399999999999977,31,fit:6e89a0befe0a3ac47a7a1c34172354760de7b862b17e4a8744ec85fadd57b030:segment:003,3,5119.0,5037,activities/026_250715165154.csv,1,1,0,0
fit:6e89a0befe0a3ac47a7a1c34172354760de7b862b17e4a8744ec85fadd57b030,2025-07-15T16:17:15+00:00,156,165,120,52,4.304,30.399999999999977,31,fit:6e89a0befe0a3ac47a7a1c34172354760de7b862b17e4a8744ec85fadd57b030:segment:003,3,5120.0,5038,activities/026_250715165154.csv,1,1,0,0
fit:6e89a0befe0a3ac47a7a1c34172354760de7b862b17e4a8744ec85fadd57b030,2025-07-15T16:17:16+00:00,157,165,120,52,4.303,30.399999999999977,31,fit:6e89a0befe0a3ac47a7a1c34172354760de7b862b17e4a8744ec85fadd57b030:segment:003,3,5121.0,5039,activities/026_250715165154.csv,1,1,0,0
fit:6e89a0befe0a3ac47a7a1c34172354760de7b862b17e4a8744ec85fadd57b030,2025-07-15T16:17:17+00:00,158,127,121,54,4.355,30.600000000000023,31,fit:6e89a0befe0a3ac47a7a1c34172354760de7b862b17e4a8744ec85fadd57b030:segment:003,3,5122.0,5040,activities/026_250715165154.csv,1,1,0,0
fit:6e89a0befe0a3ac47a7a1c34172354760de7b862b17e4a8744ec85fadd57b030,2025-07-15T16:17:18+00:00,159,155,121,56,4.631,30.600000000000023,31,fit:6e89a0befe0a3ac47a7a1c34172354760de7b862b17e4a8744ec85fadd57b030:segment:003,3,5123.0,5041,activities/026_250715165154.csv,1,1,0,0
fit:6e89a0befe0a3ac47a7a1c34172354760de7b862b17e4a8744ec85fadd57b030,2025-07-15T16:17:19+00:00,160,71,121,57,4.986,30.600000000000023,31,fit:6e89a0befe0a3ac47a7a1c34172354760de7b862b17e4a8744ec85fadd57b030:segment:003,3,5124.0,5042,activities/026_250715165154.csv,1,1,0,0
fit:6e89a0befe0a3ac47a7a1c34172354760de7b862b17e4a8744ec85fadd57b030,2025-07-15T16:17:20+00:00,161,71,122,57,5.055,30.200000000000045,31,fit:6e89a0befe0a3ac47a7a1c34172354760de7b862b17e4a8744ec85fadd57b030:segment:003,3,5125.0,5043,activities/026_250715165154.csv,1,1,0,0
fit:6e89a0befe0a3ac47a7a1c34172354760de7b862b17e4a8744ec85fadd57b030,2025-07-15T16:17:21+00:00,162,12,122,54,4.984,29.799999999999955,31,fit:6e89a0befe0a3ac47a7a1c34172354760de7b862b17e4a8744ec85fadd57b030:segment:003,3,5126.0,5044,activities/026_250715165154.csv,1,1,0,0
fit:6e89a0befe0a3ac47a7a1c34172354760de7b862b17e4a8744ec85fadd57b030,2025-07-15T16:17:22+00:00,163,12,122,54,4.973,29.799999999999955,31,fit:6e89a0befe0a3ac47a7a1c34172354760de7b862b17e4a8744ec85fadd57b030:segment:003,3,5127.0,5045,activities/026_250715165154.csv,1,1,0,0
fit:6e89a0befe0a3ac47a7a1c34172354760de7b862b17e4a8744ec85fadd57b030,2025-07-15T16:17:23+00:00,164,4,122,0,4.772,29.799999999999955,31,fit:6e89a0befe0a3ac47a7a1c34172354760de7b862b17e4a8744ec85fadd57b030:segment:003,3,5128.0,5046,activities/026_250715165154.csv,1,1,0,0
fit:6e89a0befe0a3ac47a7a1c34172354760de7b862b17e4a8744ec85fadd57b030,2025-07-15T16:17:24+00:00,165,271,122,57,4.662,29.799999999999955,31,fit:6e89a0befe0a3ac47a7a1c34172354760de7b862b17e4a8744ec85fadd57b030:segment:003,3,5129.0,5047,activities/026_250715165154.csv,1,1,0,0
fit:6e89a0befe0a3ac47a7a1c34172354760de7b862b17e4a8744ec85fadd57b030,2025-07-15T16:17:25+00:00,166,206,122,60,4.847,29.799999999999955,31,fit:6e89a0befe0a3ac47a7a1c34172354760de7b862b17e4a8744ec85fadd57b030:segment:003,3,5130.0,5048,activities/026_250715165154.csv,1,1,0,0
fit:6e89a0befe0a3ac47a7a1c34172354760de7b862b17e4a8744ec85fadd57b030,2025-07-15T16:17:26+00:00,167,107,122,62,5.073,29.799999999999955,31,fit:6e89a0befe0a3ac47a7a1c34172354760de7b862b17e4a8744ec85fadd57b030:segment:003,3,5131.0,5049,activities/026_250715165154.csv,1,1,0,0
fit:6e89a0befe0a3ac47a7a1c34172354760de7b862b17e4a8744ec85fadd57b030,2025-07-15T16:17:27+00:00,168,108,122,63,5.466,29.799999999999955,31,fit:6e89a0befe0a3ac47a7a1c34172354760de7b862b17e4a8744ec85fadd57b030:segment:003,3,5132.0,5050,activities/026_250715165154.csv,1,1,0,0
fit:6e89a0befe0a3ac47a7a1c34172354760de7b862b17e4a8744ec85fadd57b030,2025-07-15T16:17:28+00:00,169,111,123,64,5.655,29.799999999999955,31,fit:6e89a0befe0a3ac47a7a1c34172354760de7b862b17e4a8744ec85fadd57b030:segment:003,3,5133.0,5051,activities/026_250715165154.csv,1,1,0,0
fit:6e89a0befe0a3ac47a7a1c34172354760de7b862b17e4a8744ec85fadd57b030,2025-07-15T16:17:29+00:00,170,111,123,65,5.822,29.600000000000023,31,fit:6e89a0befe0a3ac47a7a1c34172354760de7b862b17e4a8744ec85fadd57b030:segment:003,3,5134.0,5052,activities/026_250715165154.csv,1,1,0,0
fit:6e89a0befe0a3ac47a7a1c34172354760de7b862b17e4a8744ec85fadd57b030,2025-07-15T16:17:30+00:00,171,116,123,74,5.947,29.600000000000023,31,fit:6e89a0befe0a3ac47a7a1c34172354760de7b862b17e4a8744ec85fadd57b030:segment:003,3,5135.0,5053,activities/026_250715165154.csv,1,1,0,0
fit:6e89a0befe0a3ac47a7a1c34172354760de7b862b17e4a8744ec85fadd57b030,2025-07-15T16:17:31+00:00,172,116,124,74,6.168,29.600000000000023,31,fit:6e89a0befe0a3ac47a7a1c34172354760de7b862b17e4a8744ec85fadd57b030:segment:003,3,5136.0,5054,activities/026_250715165154.csv,1,1,0,0
fit:6e89a0befe0a3ac47a7a1c34172354760de7b862b17e4a8744ec85fadd57b030,2025-07-15T16:17:32+00:00,173,154,124,75,6.351,29.399999999999977,31,fit:6e89a0befe0a3ac47a7a1c34172354760de7b862b17e4a8744ec85fadd57b030:segment:003,3,5137.0,5055,activities/026_250715165154.csv,1,1,0,0
fit:6e89a0befe0a3ac47a7a1c34172354760de7b862b17e4a8744ec85fadd57b030,2025-07-15T16:17:33+00:00,174,125,124,76,6.411,29.200000000000045,31,fit:6e89a0befe0a3ac47a7a1c34172354760de7b862b17e4a8744ec85fadd57b030:segment:003,3,5138.0,5056,activities/026_250715165154.csv,1,1,0,0
fit:6e89a0befe0a3ac47a7a1c34172354760de7b862b17e4a8744ec85fadd57b030,2025-07-15T16:17:34+00:00,175,125,125,77,6.452,29.200000000000045,31,fit:6e89a0befe0a3ac47a7a1c34172354760de7b862b17e4a8744ec85fadd57b030:segment:003,3,5139.0,5057,activities/026_250715165154.csv,1,1,0,0
fit:6e89a0befe0a3ac47a7a1c34172354760de7b862b17e4a8744ec85fadd57b030,2025-07-15T16:17:35+00:00,176,142,126,77,6.496,29.200000000000045,31,fit:6e89a0befe0a3ac47a7a1c34172354760de7b862b17e4a8744ec85fadd57b030:segment:003,3,5140.0,5058,activities/026_250715165154.csv,1,1,0,0
fit:6e89a0befe0a3ac47a7a1c34172354760de7b862b17e4a8744ec85fadd57b030,2025-07-15T16:17:36+00:00,177,142,126,77,6.561,29.200000000000045,31,fit:6e89a0befe0a3ac47a7a1c34172354760de7b862b17e4a8744ec85fadd57b030:segment:003,3,5141.0,5059,activities/026_250715165154.csv,1,1,0,0
fit:6e89a0befe0a3ac47a7a1c34172354760de7b862b17e4a8744ec85fadd57b030,2025-07-15T16:17:37+00:00,178,130,126,78,6.528,28.799999999999955,31,fit:6e89a0befe0a3ac47a7a1c34172354760de7b862b17e4a8744ec85fadd57b030:segment:003,3,5142.0,5060,activities/026_250715165154.csv,1,1,0,0
fit:6e89a0befe0a3ac47a7a1c34172354760de7b862b17e4a8744ec85fadd57b030,2025-07-15T16:17:38+00:00,179,153,127,78,6.686,28.799999999999955,31,fit:6e89a0befe0a3ac47a7a1c34172354760de7b862b17e4a8744ec85fadd57b030:segment:003,3,5143.0,5061,activities/026_250715165154.csv,1,1,0,0
fit:6e89a0befe0a3ac47a7a1c34172354760de7b862b17e4a8744ec85fadd57b030,2025-07-15T16:17:39+00:00,180,151,127,79,6.676,28.799999999999955,31,fit:6e89a0befe0a3ac47a7a1c34172354760de7b862b17e4a8744ec85fadd57b030:segment:003,3,5144.0,5062,activities/026_250715165154.csv,1,1,0,0
fit:6e89a0befe0a3ac47a7a1c34172354760de7b862b17e4a8744ec85fadd57b030,2025-07-15T16:17:40+00:00,181,151,127,79,6.778,28.799999999999955,31,fit:6e89a0befe0a3ac47a7a1c34172354760de7b862b17e4a8744ec85fadd57b030:segment:003,3,5145.0,5063,activities/026_250715165154.csv,1,1,0,0
fit:6e89a0befe0a3ac47a7a1c34172354760de7b862b17e4a8744ec85fadd57b030,2025-07-15T16:17:41+00:00,182,154,127,80,6.591,28.399999999999977,31,fit:6e89a0befe0a3ac47a7a1c34172354760de7b862b17e4a8744ec85fadd57b030:segment:003,3,5146.0,5064,activities/026_250715165154.csv,1,1,0,0
fit:6e89a0befe0a3ac47a7a1c34172354760de7b862b17e4a8744ec85fadd57b030,2025-07-15T16:17:42+00:00,183,154,127,80,6.439,28.399999999999977,31,fit:6e89a0befe0a3ac47a7a1c34172354760de7b862b17e4a8744ec85fadd57b030:segment:003,3,5147.0,5065,activities/026_250715165154.csv,1,1,0,0
fit:6e89a0befe0a3ac47a7a1c34172354760de7b862b17e4a8744ec85fadd57b030,2025-07-15T16:17:43+00:00,184,97,127,80,6.54,28.399999999999977,31,fit:6e89a0befe0a3ac47a7a1c34172354760de7b862b17e4a8744ec85fadd57b030:segment:003,3,5148.0,5066,activities/026_250715165154.csv,1,1,0,0
fit:6e89a0befe0a3ac47a7a1c34172354760de7b862b17e4a8744ec85fadd57b030,2025-07-15T16:17:44+00:00,185,84,128,80,6.601,29.200000000000045,31,fit:6e89a0befe0a3ac47a7a1c34172354760de7b862b17e4a8744ec85fadd57b030:segment:003,3,5149.0,5067,activities/026_250715165154.csv,1,1,0,0
fit:6e89a0befe0a3ac47a7a1c34172354760de7b862b17e4a8744ec85fadd57b030,2025-07-15T16:17:45+00:00,186,79,128,79,6.739,29.200000000000045,31,fit:6e89a0befe0a3ac47a7a1c34172354760de7b862b17e4a8744ec85fadd57b030:segment:003,3,5150.0,5068,activities/026_250715165154.csv,1,1,0,0
fit:6e89a0befe0a3ac47a7a1c34172354760de7b862b17e4a8744ec85fadd57b030,2025-07-15T16:17:46+00:00,187,81,129,79,6.851,29.200000000000045,31,fit:6e89a0befe0a3ac47a7a1c34172354760de7b862b17e4a8744ec85fadd57b030:segment:003,3,5151.0,5069,activities/026_250715165154.csv,1,1,0,0
fit:6e89a0befe0a3ac47a7a1c34172354760de7b862b17e4a8744ec85fadd57b030,2025-07-15T16:17:47+00:00,188,76,129,79,6.889,29.200000000000045,31,fit:6e89a0befe0a3ac47a7a1c34172354760de7b862b17e4a8744ec85fadd57b030:segment:003,3,5152.0,5070,activities/026_250715165154.csv,1,1,0,0
fit:6e89a0befe0a3ac47a7a1c34172354760de7b862b17e4a8744ec85fadd57b030,2025-07-15T16:17:48+00:00,189,61,130,79,6.89,29.200000000000045,31,fit:6e89a0befe0a3ac47a7a1c34172354760de7b862b17e4a8744ec85fadd57b030:segment:003,3,5153.0,5071,activities/026_250715165154.csv,1,1,0,0
fit:6e89a0befe0a3ac47a7a1c34172354760de7b862b17e4a8744ec85fadd57b030,2025-07-15T16:17:49+00:00,190,61,131,79,6.689,29.600000000000023,31,fit:6e89a0befe0a3ac47a7a1c34172354760de7b862b17e4a8744ec85fadd57b030:segment:003,3,5154.0,5072,activities/026_250715165154.csv,1,1,0,0
fit:6e89a0befe0a3ac47a7a1c34172354760de7b862b17e4a8744ec85fadd57b030,2025-07-15T16:17:50+00:00,191,61,131,79,6.723,29.600000000000023,31,fit:6e89a0befe0a3ac47a7a1c34172354760de7b862b17e4a8744ec85fadd57b030:segment:003,3,5155.0,5073,activities/026_250715165154.csv,1,1,0,0
fit:6e89a0befe0a3ac47a7a1c34172354760de7b862b17e4a8744ec85fadd57b030,2025-07-15T16:17:51+00:00,192,61,132,79,6.582,29.600000000000023,31,fit:6e89a0befe0a3ac47a7a1c34172354760de7b862b17e4a8744ec85fadd57b030:segment:003,3,5156.0,5074,activities/026_250715165154.csv,1,1,0,0
fit:6e89a0befe0a3ac47a7a1c34172354760de7b862b17e4a8744ec85fadd57b030,2025-07-15T16:17:52+00:00,193,0,132,0,6.502,29.600000000000023,31,fit:6e89a0befe0a3ac47a7a1c34172354760de7b862b17e4a8744ec85fadd57b030:segment:003,3,5157.0,5075,activities/026_250715165154.csv,1,1,0,0
fit:6e89a0befe0a3ac47a7a1c34172354760de7b862b17e4a8744ec85fadd57b030,2025-07-15T16:17:53+00:00,194,0,132,0,6.498,29.0,31,fit:6e89a0befe0a3ac47a7a1c34172354760de7b862b17e4a8744ec85fadd57b030:segment:003,3,5158.0,5076,activities/026_250715165154.csv,1,1,0,0
fit:6e89a0befe0a3ac47a7a1c34172354760de7b862b17e4a8744ec85fadd57b030,2025-07-15T16:17:54+00:00,195,0,133,0,6.413,29.0,31,fit:6e89a0befe0a3ac47a7a1c34172354760de7b862b17e4a8744ec85fadd57b030:segment:003,3,5159.0,5077,activities/026_250715165154.csv,1,1,0,0
fit:6e89a0befe0a3ac47a7a1c34172354760de7b862b17e4a8744ec85fadd57b030,2025-07-15T16:17:55+00:00,196,0,133,0,6.319,29.0,31,fit:6e89a0befe0a3ac47a7a1c34172354760de7b862b17e4a8744ec85fadd57b030:segment:003,3,5160.0,5078,activities/026_250715165154.csv,1,1,0,0
fit:6e89a0befe0a3ac47a7a1c34172354760de7b862b17e4a8744ec85fadd57b030,2025-07-15T16:17:56+00:00,197,0,133,0,6.101,30.0,31,fit:6e89a0befe0a3ac47a7a1c34172354760de7b862b17e4a8744ec85fadd57b030:segment:003,3,5161.0,5079,activities/026_250715165154.csv,1,1,0,0
fit:6e89a0befe0a3ac47a7a1c34172354760de7b862b17e4a8744ec85fadd57b030,2025-07-15T16:17:57+00:00,198,0,133,0,6.009,29.600000000000023,31,fit:6e89a0befe0a3ac47a7a1c34172354760de7b862b17e4a8744ec85fadd57b030:segment:003,3,5162.0,5080,activities/026_250715165154.csv,1,1,0,0
fit:6e89a0befe0a3ac47a7a1c34172354760de7b862b17e4a8744ec85fadd57b030,2025-07-15T16:17:58+00:00,199,0,132,0,5.998,29.600000000000023,31,fit:6e89a0befe0a3ac47a7a1c34172354760de7b862b17e4a8744ec85fadd57b030:segment:003,3,5163.0,5081,activities/026_250715165154.csv,1,1,0,0
fit:6e89a0befe0a3ac47a7a1c34172354760de7b862b17e4a8744ec85fadd57b030,2025-07-15T16:17:59+00:00,200,0,132,0,5.731,29.600000000000023,31,fit:6e89a0befe0a3ac47a7a1c34172354760de7b862b17e4a8744ec85fadd57b030:segment:003,3,5164.0,5082,activities/026_250715165154.csv,1,1,0,0
fit:6e89a0befe0a3ac47a7a1c34172354760de7b862b17e4a8744ec85fadd57b030,2025-07-15T16:18:00+00:00,201,0,131,0,5.792,29.399999999999977,31,fit:6e89a0befe0a3ac47a7a1c34172354760de7b862b17e4a8744ec85fadd57b030:segment:003,3,5165.0,5083,activities/026_250715165154.csv,1,1,0,0
fit:6e89a0befe0a3ac47a7a1c34172354760de7b862b17e4a8744ec85fadd57b030,2025-07-15T16:18:01+00:00,202,0,130,0,5.375,29.799999999999955,31,fit:6e89a0befe0a3ac47a7a1c34172354760de7b862b17e4a8744ec85fadd57b030:segment:003,3,5166.0,5084,activities/026_250715165154.csv,1,1,0,0
fit:6e89a0befe0a3ac47a7a1c34172354760de7b862b17e4a8744ec85fadd57b030,2025-07-15T16:18:02+00:00,203,0,130,0,5.001,29.799999999999955,31,fit:6e89a0befe0a3ac47a7a1c34172354760de7b862b17e4a8744ec85fadd57b030:segment:003,3,5167.0,5085,activities/026_250715165154.csv,1,1,0,0
fit:6e89a0befe0a3ac47a7a1c34172354760de7b862b17e4a8744ec85fadd57b030,2025-07-15T16:18:03+00:00,204,0,129,0,4.865,29.799999999999955,31,fit:6e89a0befe0a3ac47a7a1c34172354760de7b862b17e4a8744ec85fadd57b030:segment:003,3,5168.0,5086,activities/026_250715165154.csv,1,1,0,0
fit:6e89a0befe0a3ac47a7a1c34172354760de7b862b17e4a8744ec85fadd57b030,2025-07-15T16:18:04+00:00,205,0,127,0,4.769,29.799999999999955,31,fit:6e89a0befe0a3ac47a7a1c34172354760de7b862b17e4a8744ec85fadd57b030:segment:003,3,5169.0,5087,activities/026_250715165154.csv,1,1,0,0
fit:6e89a0befe0a3ac47a7a1c34172354760de7b862b17e4a8744ec85fadd57b030,2025-07-15T16:18:05+00:00,206,0,127,0,4.506,30.200000000000045,31,fit:6e89a0befe0a3ac47a7a1c34172354760de7b862b17e4a8744ec85fadd57b030:segment:003,3,5170.0,5088,activities/026_250715165154.csv,1,1,0,0
fit:6e89a0befe0a3ac47a7a1c34172354760de7b862b17e4a8744ec85fadd57b030,2025-07-15T16:18:06+00:00,207,0,125,0,4.128,30.200000000000045,31,fit:6e89a0befe0a3ac47a7a1c34172354760de7b862b17e4a8744ec85fadd57b030:segment:003,3,5171.0,5089,activities/026_250715165154.csv,1,1,0,0
fit:6e89a0befe0a3ac47a7a1c34172354760de7b862b17e4a8744ec85fadd57b030,2025-07-15T16:18:07+00:00,208,0,124,0,3.804,30.200000000000045,31,fit:6e89a0befe0a3ac47a7a1c34172354760de7b862b17e4a8744ec85fadd57b030:segment:003,3,5172.0,5090,activities/026_250715165154.csv,1,1,0,0
fit:6e89a0befe0a3ac47a7a1c34172354760de7b862b17e4a8744ec85fadd57b030,2025-07-15T16:18:08+00:00,209,0,121,0,3.562,30.200000000000045,31,fit:6e89a0befe0a3ac47a7a1c34172354760de7b862b17e4a8744ec85fadd57b030:segment:003,3,5173.0,5091,activities/026_250715165154.csv,1,1,0,0
fit:6e89a0befe0a3ac47a7a1c34172354760de7b862b17e4a8744ec85fadd57b030,2025-07-15T16:18:09+00:00,210,0,121,0,3.493,30.399999999999977,31,fit:6e89a0befe0a3ac47a7a1c34172354760de7b862b17e4a8744ec85fadd57b030:segment:003,3,5174.0,5092,activities/026_250715165154.csv,1,1,0,0
fit:6e89a0befe0a3ac47a7a1c34172354760de7b862b17e4a8744ec85fadd57b030,2025-07-15T16:18:10+00:00,211,0,120,0,3.274,30.399999999999977,31,fit:6e89a0befe0a3ac47a7a1c34172354760de7b862b17e4a8744ec85fadd57b030:segment:003,3,5175.0,5093,activities/026_250715165154.csv,1,1,0,0
fit:6e89a0befe0a3ac47a7a1c34172354760de7b862b17e4a8744ec85fadd57b030,2025-07-15T16:18:11+00:00,212,0,120,0,2.738,30.399999999999977,31,fit:6e89a0befe0a3ac47a7a1c34172354760de7b862b17e4a8744ec85fadd57b030:segment:003,3,5176.0,5094,activities/026_250715165154.csv,1,1,0,0
fit:6e89a0befe0a3ac47a7a1c34172354760de7b862b17e4a8744ec85fadd57b030,2025-07-15T16:18:12+00:00,213,0,119,0,2.375,30.600000000000023,31,fit:6e89a0befe0a3ac47a7a1c34172354760de7b862b17e4a8744ec85fadd57b030:segment:003,3,5177.0,5095,activities/026_250715165154.csv,1,1,0,0
fit:6e89a0befe0a3ac47a7a1c34172354760de7b862b17e4a8744ec85fadd57b030,2025-07-15T16:18:13+00:00,214,0,119,0,1.867,30.600000000000023,31,fit:6e89a0befe0a3ac47a7a1c34172354760de7b862b17e4a8744ec85fadd57b030:segment:003,3,5178.0,5096,activities/026_250715165154.csv,1,1,0,0
fit:6e89a0befe0a3ac47a7a1c34172354760de7b862b17e4a8744ec85fadd57b030,2025-07-15T16:18:14+00:00,215,0,118,0,1.887,30.600000000000023,31,fit:6e89a0befe0a3ac47a7a1c34172354760de7b862b17e4a8744ec85fadd57b030:segment:003,3,5179.0,5097,activities/026_250715165154.csv,1,1,0,0
fit:6e89a0befe0a3ac47a7a1c34172354760de7b862b17e4a8744ec85fadd57b030,2025-07-15T16:18:15+00:00,216,0,117,0,1.429,30.600000000000023,31,fit:6e89a0befe0a3ac47a7a1c34172354760de7b862b17e4a8744ec85fadd57b030:segment:003,3,5180.0,5098,activities/026_250715165154.csv,1,1,0,0
fit:6e89a0befe0a3ac47a7a1c34172354760de7b862b17e4a8744ec85fadd57b030,2025-07-15T16:18:16+00:00,217,0,117,0,0.0,30.399999999999977,31,fit:6e89a0befe0a3ac47a7a1c34172354760de7b862b17e4a8744ec85fadd57b030:segment:003,3,5181.0,5099,activities/026_250715165154.csv,1,1,0,0
fit:6e89a0befe0a3ac47a7a1c34172354760de7b862b17e4a8744ec85fadd57b030,2025-07-15T16:18:17+00:00,218,0,117,0,0.0,30.600000000000023,31,fit:6e89a0befe0a3ac47a7a1c34172354760de7b862b17e4a8744ec85fadd57b030:segment:003,3,5182.0,5100,activities/026_250715165154.csv,1,1,0,0
fit:6e89a0befe0a3ac47a7a1c34172354760de7b862b17e4a8744ec85fadd57b030,2025-07-15T16:18:18+00:00,219,0,116,0,1.047,30.600000000000023,31,fit:6e89a0befe0a3ac47a7a1c34172354760de7b862b17e4a8744ec85fadd57b030:segment:003,3,5183.0,5101,activities/026_250715165154.csv,1,1,0,0
fit:6e89a0befe0a3ac47a7a1c34172354760de7b862b17e4a8744ec85fadd57b030,2025-07-15T16:18:19+00:00,220,0,116,0,1.186,30.600000000000023,31,fit:6e89a0befe0a3ac47a7a1c34172354760de7b862b17e4a8744ec85fadd57b030:segment:003,3,5184.0,5102,activities/026_250715165154.csv,1,1,0,0
fit:6e89a0befe0a3ac47a7a1c34172354760de7b862b17e4a8744ec85fadd57b030,2025-07-15T16:18:20+00:00,221,0,116,0,1.559,30.399999999999977,31,fit:6e89a0befe0a3ac47a7a1c34172354760de7b862b17e4a8744ec85fadd57b030:segment:003,3,5185.0,5103,activities/026_250715165154.csv,1,1,0,0
fit:6e89a0befe0a3ac47a7a1c34172354760de7b862b17e4a8744ec85fadd57b030,2025-07-15T16:18:21+00:00,222,0,116,0,2.27,30.200000000000045,31,fit:6e89a0befe0a3ac47a7a1c34172354760de7b862b17e4a8744ec85fadd57b030:segment:003,3,5186.0,5104,activities/026_250715165154.csv,1,1,0,0
fit:6e89a0befe0a3ac47a7a1c34172354760de7b862b17e4a8744ec85fadd57b030,2025-07-15T16:18:22+00:00,223,162,117,24,2.959,30.200000000000045,31,fit:6e89a0befe0a3ac47a7a1c34172354760de7b862b17e4a8744ec85fadd57b030:segment:003,3,5187.0,5105,activities/026_250715165154.csv,1,1,0,0
fit:6e89a0befe0a3ac47a7a1c34172354760de7b862b17e4a8744ec85fadd57b030,2025-07-15T16:18:23+00:00,224,271,117,47,3.179,30.200000000000045,31,fit:6e89a0befe0a3ac47a7a1c34172354760de7b862b17e4a8744ec85fadd57b030:segment:003,3,5188.0,5106,activities/026_250715165154.csv,1,1,0,0
fit:6e89a0befe0a3ac47a7a1c34172354760de7b862b17e4a8744ec85fadd57b030,2025-07-15T16:18:24+00:00,225,260,117,64,3.078,29.399999999999977,31,fit:6e89a0befe0a3ac47a7a1c34172354760de7b862b17e4a8744ec85fadd57b030:segment:003,3,5189.0,5107,activities/026_250715165154.csv,1,1,0,0
fit:6e89a0befe0a3ac47a7a1c34172354760de7b862b17e4a8744ec85fadd57b030,2025-07-15T16:18:25+00:00,226,247,118,68,2.44,29.600000000000023,31,fit:6e89a0befe0a3ac47a7a1c34172354760de7b862b17e4a8744ec85fadd57b030:segment:003,3,5190.0,5108,activities/026_250715165154.csv,1,1,0,0
fit:6e89a0befe0a3ac47a7a1c34172354760de7b862b17e4a8744ec85fadd57b030,2025-07-15T16:18:26+00:00,227,247,119,68,2.936,29.600000000000023,31,fit:6e89a0befe0a3ac47a7a1c34172354760de7b862b17e4a8744ec85fadd57b030:segment:003,3,5191.0,5109,activities/026_250715165154.csv,1,1,0,0
fit:6e89a0befe0a3ac47a7a1c34172354760de7b862b17e4a8744ec85fadd57b030,2025-07-15T16:18:27+00:00,228,323,120,77,4.428,29.600000000000023,31,fit:6e89a0befe0a3ac47a7a1c34172354760de7b862b17e4a8744ec85fadd57b030:segment:003,3,5192.0,5110,activities/026_250715165154.csv,1,1,0,0
fit:6e89a0befe0a3ac47a7a1c34172354760de7b862b17e4a8744ec85fadd57b030,2025-07-15T16:18:28+00:00,229,253,120,80,5.486,29.200000000000045,31,fit:6e89a0befe0a3ac47a7a1c34172354760de7b862b17e4a8744ec85fadd57b030:segment:003,3,5193.0,5111,activities/026_250715165154.csv,1,1,0,0
fit:6e89a0befe0a3ac47a7a1c34172354760de7b862b17e4a8744ec85fadd57b030,2025-07-15T16:18:29+00:00,230,152,122,83,6.319,28.799999999999955,31,fit:6e89a0befe0a3ac47a7a1c34172354760de7b862b17e4a8744ec85fadd57b030:segment:003,3,5194.0,5112,activities/026_250715165154.csv,1,1,0,0
fit:6e89a0befe0a3ac47a7a1c34172354760de7b862b17e4a8744ec85fadd57b030,2025-07-15T16:18:30+00:00,231,139,123,84,6.715,28.799999999999955,31,fit:6e89a0befe0a3ac47a7a1c34172354760de7b862b17e4a8744ec85fadd57b030:segment:003,3,5195.0,5113,activities/026_250715165154.csv,1,1,0,0
fit:6e89a0befe0a3ac47a7a1c34172354760de7b862b17e4a8744ec85fadd57b030,2025-07-15T16:18:31+00:00,232,159,125,85,7.081,28.799999999999955,31,fit:6e89a0befe0a3ac47a7a1c34172354760de7b862b17e4a8744ec85fadd57b030:segment:003,3,5196.0,5114,activities/026_250715165154.csv,1,1,0,0
fit:6e89a0befe0a3ac47a7a1c34172354760de7b862b17e4a8744ec85fadd57b030,2025-07-15T16:18:32+00:00,233,159,125,85,7.243,28.799999999999955,31,fit:6e89a0befe0a3ac47a7a1c34172354760de7b862b17e4a8744ec85fadd57b030:segment:003,3,5197.0,5115,activities/026_250715165154.csv,1,1,0,0
fit:6e89a0befe0a3ac47a7a1c34172354760de7b862b17e4a8744ec85fadd57b030,2025-07-15T16:18:33+00:00,234,145,126,86,7.376,28.399999999999977,31,fit:6e89a0befe0a3ac47a7a1c34172354760de7b862b17e4a8744ec85fadd57b030:segment:003,3,5198.0,5116,activities/026_250715165154.csv,1,1,0,0
fit:6e89a0befe0a3ac47a7a1c34172354760de7b862b17e4a8744ec85fadd57b030,2025-07-15T16:18:34+00:00,235,165,126,85,7.409,28.399999999999977,31,fit:6e89a0befe0a3ac47a7a1c34172354760de7b862b17e4a8744ec85fadd57b030:segment:003,3,5199.0,5117,activities/026_250715165154.csv,1,1,0,0
fit:6e89a0befe0a3ac47a7a1c34172354760de7b862b17e4a8744ec85fadd57b030,2025-07-15T16:18:35+00:00,236,165,126,85,7.547,28.399999999999977,31,fit:6e89a0befe0a3ac47a7a1c34172354760de7b862b17e4a8744ec85fadd57b030:segment:003,3,5200.0,5118,activities/026_250715165154.csv,1,1,0,0
fit:6e89a0befe0a3ac47a7a1c34172354760de7b862b17e4a8744ec85fadd57b030,2025-07-15T16:18:36+00:00,237,164,127,87,7.782,28.399999999999977,31,fit:6e89a0befe0a3ac47a7a1c34172354760de7b862b17e4a8744ec85fadd57b030:segment:003,3,5201.0,5119,activities/026_250715165154.csv,1,1,0,0
fit:6e89a0befe0a3ac47a7a1c34172354760de7b862b17e4a8744ec85fadd57b030,2025-07-15T16:18:37+00:00,238,168,127,88,7.771,27.799999999999955,31,fit:6e89a0befe0a3ac47a7a1c34172354760de7b862b17e4a8744ec85fadd57b030:segment:003,3,5202.0,5120,activities/026_250715165154.csv,1,1,0,0
fit:6e89a0befe0a3ac47a7a1c34172354760de7b862b17e4a8744ec85fadd57b030,2025-07-15T16:18:38+00:00,239,199,127,87,7.803,27.799999999999955,31,fit:6e89a0befe0a3ac47a7a1c34172354760de7b862b17e4a8744ec85fadd57b030:segment:003,3,5203.0,5121,activities/026_250715165154.csv,1,1,0,0
fit:6e89a0befe0a3ac47a7a1c34172354760de7b862b17e4a8744ec85fadd57b030,2025-07-15T16:18:39+00:00,240,165,128,87,7.787,27.799999999999955,31,fit:6e89a0befe0a3ac47a7a1c34172354760de7b862b17e4a8744ec85fadd57b030:segment:003,3,5204.0,5122,activities/026_250715165154.csv,1,1,0,0
fit:6e89a0befe0a3ac47a7a1c34172354760de7b862b17e4a8744ec85fadd57b030,2025-07-15T16:18:40+00:00,241,176,128,87,7.799,28.600000000000023,31,fit:6e89a0befe0a3ac47a7a1c34172354760de7b862b17e4a8744ec85fadd57b030:segment:003,3,5205.0,5123,activities/026_250715165154.csv,1,1,0,0
fit:6e89a0befe0a3ac47a7a1c34172354760de7b862b17e4a8744ec85fadd57b030,2025-07-15T16:18:41+00:00,242,200,130,87,7.821,27.399999999999977,31,fit:6e89a0befe0a3ac47a7a1c34172354760de7b862b17e4a8744ec85fadd57b030:segment:003,3,5206.0,5124,activities/026_250715165154.csv,1,1,0,0
fit:6e89a0befe0a3ac47a7a1c34172354760de7b862b17e4a8744ec85fadd57b030,2025-07-15T16:18:42+00:00,243,205,131,88,7.729,27.399999999999977,31,fit:6e89a0befe0a3ac47a7a1c34172354760de7b862b17e4a8744ec85fadd57b030:segment:003,3,5207.0,5125,activities/026_250715165154.csv,1,1,0,0
fit:6e89a0befe0a3ac47a7a1c34172354760de7b862b17e4a8744ec85fadd57b030,2025-07-15T16:18:43+00:00,244,243,133,88,7.666,27.399999999999977,31,fit:6e89a0befe0a3ac47a7a1c34172354760de7b862b17e4a8744ec85fadd57b030:segment:003,3,5208.0,5126,activities/026_250715165154.csv,1,1,0,0
fit:6e89a0befe0a3ac47a7a1c34172354760de7b862b17e4a8744ec85fadd57b030,2025-07-15T16:18:44+00:00,245,173,133,87,7.737,27.399999999999977,31,fit:6e89a0befe0a3ac47a7a1c34172354760de7b862b17e4a8744ec85fadd57b030:segment:003,3,5209.0,5127,activities/026_250715165154.csv,1,1,0,0
fit:6e89a0befe0a3ac47a7a1c34172354760de7b862b17e4a8744ec85fadd57b030,2025-07-15T16:18:45+00:00,246,155,134,87,7.682,26.799999999999955,31,fit:6e89a0befe0a3ac47a7a1c34172354760de7b862b17e4a8744ec85fadd57b030:segment:003,3,5210.0,5128,activities/026_250715165154.csv,1,1,0,0
fit:6e89a0befe0a3ac47a7a1c34172354760de7b862b17e4a8744ec85fadd57b030,2025-07-15T16:18:46+00:00,247,169,135,86,7.613,26.799999999999955,31,fit:6e89a0befe0a3ac47a7a1c34172354760de7b862b17e4a8744ec85fadd57b030:segment:003,3,5211.0,5129,activities/026_250715165154.csv,1,1,0,0
fit:6e89a0befe0a3ac47a7a1c34172354760de7b862b17e4a8744ec85fadd57b030,2025-07-15T16:18:47+00:00,248,167,137,85,7.546,26.799999999999955,31,fit:6e89a0befe0a3ac47a7a1c34172354760de7b862b17e4a8744ec85fadd57b030:segment:003,3,5212.0,5130,activities/026_250715165154.csv,1,1,0,0
fit:6e89a0befe0a3ac47a7a1c34172354760de7b862b17e4a8744ec85fadd57b030,2025-07-15T16:18:48+00:00,249,118,138,85,7.517,27.799999999999955,31,fit:6e89a0befe0a3ac47a7a1c34172354760de7b862b17e4a8744ec85fadd57b030:segment:003,3,5213.0,5131,activities/026_250715165154.csv,1,1,0,0
fit:6e89a0befe0a3ac47a7a1c34172354760de7b862b17e4a8744ec85fadd57b030,2025-07-15T16:18:49+00:00,250,204,138,85,7.686,28.200000000000045,31,fit:6e89a0befe0a3ac47a7a1c34172354760de7b862b17e4a8744ec85fadd57b030:segment:003,3,5214.0,5132,activities/026_250715165154.csv,1,1,0,0
fit:6e89a0befe0a3ac47a7a1c34172354760de7b862b17e4a8744ec85fadd57b030,2025-07-15T16:18:50+00:00,251,211,139,84,7.686,28.200000000000045,31,fit:6e89a0befe0a3ac47a7a1c34172354760de7b862b17e4a8744ec85fadd57b030:segment:003,3,5215.0,5133,activities/026_250715165154.csv,1,1,0,0
fit:6e89a0befe0a3ac47a7a1c34172354760de7b862b17e4a8744ec85fadd57b030,2025-07-15T16:18:51+00:00,252,226,139,83,7.492,28.200000000000045,31,fit:6e89a0befe0a3ac47a7a1c34172354760de7b862b17e4a8744ec85fadd57b030:segment:003,3,5216.0,5134,activities/026_250715165154.csv,1,1,0,0
fit:6e89a0befe0a3ac47a7a1c34172354760de7b862b17e4a8744ec85fadd57b030,2025-07-15T16:18:52+00:00,253,195,140,82,7.387,28.200000000000045,31,fit:6e89a0befe0a3ac47a7a1c34172354760de7b862b17e4a8744ec85fadd57b030:segment:003,3,5217.0,5135,activities/026_250715165154.csv,1,1,0,0
fit:6e89a0befe0a3ac47a7a1c34172354760de7b862b17e4a8744ec85fadd57b030,2025-07-15T16:18:53+00:00,254,157,141,80,7.332,29.799999999999955,31,fit:6e89a0befe0a3ac47a7a1c34172354760de7b862b17e4a8744ec85fadd57b030:segment:003,3,5218.0,5136,activities/026_250715165154.csv,1,1,0,0
fit:6e89a0befe0a3ac47a7a1c34172354760de7b862b17e4a8744ec85fadd57b030,2025-07-15T16:18:54+00:00,255,168,141,80,7.2,29.799999999999955,31,fit:6e89a0befe0a3ac47a7a1c34172354760de7b862b17e4a8744ec85fadd57b030:segment:003,3,5219.0,5137,activities/026_250715165154.csv,1,1,0,0
fit:6e89a0befe0a3ac47a7a1c34172354760de7b862b17e4a8744ec85fadd57b030,2025-07-15T16:18:55+00:00,256,207,142,82,7.181,29.799999999999955,31,fit:6e89a0befe0a3ac47a7a1c34172354760de7b862b17e4a8744ec85fadd57b030:segment:003,3,5220.0,5138,activities/026_250715165154.csv,1,1,0,0
fit:6e89a0befe0a3ac47a7a1c34172354760de7b862b17e4a8744ec85fadd57b030,2025-07-15T16:18:56+00:00,257,189,144,82,7.17,29.799999999999955,31,fit:6e89a0befe0a3ac47a7a1c34172354760de7b862b17e4a8744ec85fadd57b030:segment:003,3,5221.0,5139,activities/026_250715165154.csv,1,1,0,0
fit:6e89a0befe0a3ac47a7a1c34172354760de7b862b17e4a8744ec85fadd57b030,2025-07-15T16:18:57+00:00,258,153,144,83,7.249,29.799999999999955,31,fit:6e89a0befe0a3ac47a7a1c34172354760de7b862b17e4a8744ec85fadd57b030:segment:003,3,5222.0,5140,activities/026_250715165154.csv,1,1,0,0
fit:6e89a0befe0a3ac47a7a1c34172354760de7b862b17e4a8744ec85fadd57b030,2025-07-15T16:18:58+00:00,259,142,144,84,7.403,29.799999999999955,31,fit:6e89a0befe0a3ac47a7a1c34172354760de7b862b17e4a8744ec85fadd57b030:segment:003,3,5223.0,5141,activities/026_250715165154.csv,1,1,0,0
fit:6e89a0befe0a3ac47a7a1c34172354760de7b862b17e4a8744ec85fadd57b030,2025-07-15T16:18:59+00:00,260,145,145,86,7.381,29.799999999999955,31,fit:6e89a0befe0a3ac47a7a1c34172354760de7b862b17e4a8744ec85fadd57b030:segment:003,3,5224.0,5142,activities/026_250715165154.csv,1,1,0,0
fit:6e89a0befe0a3ac47a7a1c34172354760de7b862b17e4a8744ec85fadd57b030,2025-07-15T16:19:00+00:00,261,148,145,88,7.474,29.799999999999955,31,fit:6e89a0befe0a3ac47a7a1c34172354760de7b862b17e4a8744ec85fadd57b030:segment:003,3,5225.0,5143,activities/026_250715165154.csv,1,1,0,0
fit:6e89a0befe0a3ac47a7a1c34172354760de7b862b17e4a8744ec85fadd57b030,2025-07-15T16:19:01+00:00,262,128,145,90,7.625,29.600000000000023,31,fit:6e89a0befe0a3ac47a7a1c34172354760de7b862b17e4a8744ec85fadd57b030:segment:003,3,5226.0,5144,activities/026_250715165154.csv,1,1,0,0
fit:6e89a0befe0a3ac47a7a1c34172354760de7b862b17e4a8744ec85fadd57b030,2025-07-15T16:19:02+00:00,263,170,145,85,7.774,29.600000000000023,31,fit:6e89a0befe0a3ac47a7a1c34172354760de7b862b17e4a8744ec85fadd57b030:segment:003,3,5227.0,5145,activities/026_250715165154.csv,1,1,0,0
fit:6e89a0befe0a3ac47a7a1c34172354760de7b862b17e4a8744ec85fadd57b030,2025-07-15T16:19:03+00:00,264,170,145,82,7.952,29.600000000000023,31,fit:6e89a0befe0a3ac47a7a1c34172354760de7b862b17e4a8744ec85fadd57b030:segment:003,3,5228.0,5146,activities/026_250715165154.csv,1,1,0,0
fit:6e89a0befe0a3ac47a7a1c34172354760de7b862b17e4a8744ec85fadd57b030,2025-07-15T16:19:04+00:00,265,167,146,86,8.192,29.600000000000023,31,fit:6e89a0befe0a3ac47a7a1c34172354760de7b862b17e4a8744ec85fadd57b030:segment:003,3,5229.0,5147,activities/026_250715165154.csv,1,1,0,0
fit:6e89a0befe0a3ac47a7a1c34172354760de7b862b17e4a8744ec85fadd57b030,2025-07-15T16:19:05+00:00,266,146,146,86,8.352,28.799999999999955,31,fit:6e89a0befe0a3ac47a7a1c34172354760de7b862b17e4a8744ec85fadd57b030:segment:003,3,5230.0,5148,activities/026_250715165154.csv,1,1,0,0
fit:6e89a0befe0a3ac47a7a1c34172354760de7b862b17e4a8744ec85fadd57b030,2025-07-15T16:19:06+00:00,267,121,146,86,8.394,28.799999999999955,31,fit:6e89a0befe0a3ac47a7a1c34172354760de7b862b17e4a8744ec85fadd57b030:segment:003,3,5231.0,5149,activities/026_250715165154.csv,1,1,0,0
fit:6e89a0befe0a3ac47a7a1c34172354760de7b862b17e4a8744ec85fadd57b030,2025-07-15T16:19:07+00:00,268,137,146,86,8.377,28.799999999999955,31,fit:6e89a0befe0a3ac47a7a1c34172354760de7b862b17e4a8744ec85fadd57b030:segment:003,3,5232.0,5150,activities/026_250715165154.csv,1,1,0,0
fit:6e89a0befe0a3ac47a7a1c34172354760de7b862b17e4a8744ec85fadd57b030,2025-07-15T16:19:08+00:00,269,168,145,86,8.352,28.799999999999955,31,fit:6e89a0befe0a3ac47a7a1c34172354760de7b862b17e4a8744ec85fadd57b030:segment:003,3,5233.0,5151,activities/026_250715165154.csv,1,1,0,0
fit:6e89a0befe0a3ac47a7a1c34172354760de7b862b17e4a8744ec85fadd57b030,2025-07-15T16:19:09+00:00,270,216,146,86,8.393,29.0,31,fit:6e89a0befe0a3ac47a7a1c34172354760de7b862b17e4a8744ec85fadd57b030:segment:003,3,5234.0,5152,activities/026_250715165154.csv,1,1,0,0
fit:6e89a0befe0a3ac47a7a1c34172354760de7b862b17e4a8744ec85fadd57b030,2025-07-15T16:19:10+00:00,271,203,146,86,8.426,29.0,31,fit:6e89a0befe0a3ac47a7a1c34172354760de7b862b17e4a8744ec85fadd57b030:segment:003,3,5235.0,5153,activities/026_250715165154.csv,1,1,0,0
fit:6e89a0befe0a3ac47a7a1c34172354760de7b862b17e4a8744ec85fadd57b030,2025-07-15T16:19:11+00:00,272,164,146,86,8.434,29.0,31,fit:6e89a0befe0a3ac47a7a1c34172354760de7b862b17e4a8744ec85fadd57b030:segment:003,3,5236.0,5154,activities/026_250715165154.csv,1,1,0,0
fit:6e89a0befe0a3ac47a7a1c34172354760de7b862b17e4a8744ec85fadd57b030,2025-07-15T16:19:12+00:00,273,165,146,86,8.478,28.600000000000023,31,fit:6e89a0befe0a3ac47a7a1c34172354760de7b862b17e4a8744ec85fadd57b030:segment:003,3,5237.0,5155,activities/026_250715165154.csv,1,1,0,0
fit:6e89a0befe0a3ac47a7a1c34172354760de7b862b17e4a8744ec85fadd57b030,2025-07-15T16:19:13+00:00,274,133,146,86,8.493,28.799999999999955,31,fit:6e89a0befe0a3ac47a7a1c34172354760de7b862b17e4a8744ec85fadd57b030:segment:003,3,5238.0,5156,activities/026_250715165154.csv,1,1,0,0
fit:6e89a0befe0a3ac47a7a1c34172354760de7b862b17e4a8744ec85fadd57b030,2025-07-15T16:19:14+00:00,275,137,146,86,8.498,28.799999999999955,31,fit:6e89a0befe0a3ac47a7a1c34172354760de7b862b17e4a8744ec85fadd57b030:segment:003,3,5239.0,5157,activities/026_250715165154.csv,1,1,0,0
fit:6e89a0befe0a3ac47a7a1c34172354760de7b862b17e4a8744ec85fadd57b030,2025-07-15T16:19:15+00:00,276,214,146,86,8.472,28.799999999999955,31,fit:6e89a0befe0a3ac47a7a1c34172354760de7b862b17e4a8744ec85fadd57b030:segment:003,3,5240.0,5158,activities/026_250715165154.csv,1,1,0,0
fit:6e89a0befe0a3ac47a7a1c34172354760de7b862b17e4a8744ec85fadd57b030,2025-07-15T16:19:16+00:00,277,192,145,87,8.459,28.399999999999977,31,fit:6e89a0befe0a3ac47a7a1c34172354760de7b862b17e4a8744ec85fadd57b030:segment:003,3,5241.0,5159,activities/026_250715165154.csv,1,1,0,0
fit:6e89a0befe0a3ac47a7a1c34172354760de7b862b17e4a8744ec85fadd57b030,2025-07-15T16:19:17+00:00,278,216,145,87,8.447,28.200000000000045,31,fit:6e89a0befe0a3ac47a7a1c34172354760de7b862b17e4a8744ec85fadd57b030:segment:003,3,5242.0,5160,activities/026_250715165154.csv,1,1,0,0
fit:6e89a0befe0a3ac47a7a1c34172354760de7b862b17e4a8744ec85fadd57b030,2025-07-15T16:19:18+00:00,279,241,145,88,8.517,28.200000000000045,31,fit:6e89a0befe0a3ac47a7a1c34172354760de7b862b17e4a8744ec85fadd57b030:segment:003,3,5243.0,5161,activities/026_250715165154.csv,1,1,0,0
fit:6e89a0befe0a3ac47a7a1c34172354760de7b862b17e4a8744ec85fadd57b030,2025-07-15T16:19:19+00:00,280,165,145,88,8.594,28.200000000000045,31,fit:6e89a0befe0a3ac47a7a1c34172354760de7b862b17e4a8744ec85fadd57b030:segment:003,3,5244.0,5162,activities/026_250715165154.csv,1,1,0,0
fit:6e89a0befe0a3ac47a7a1c34172354760de7b862b17e4a8744ec85fadd57b030,2025-07-15T16:19:20+00:00,281,252,145,87,8.535,27.200000000000045,31,fit:6e89a0befe0a3ac47a7a1c34172354760de7b862b17e4a8744ec85fadd57b030:segment:003,3,5245.0,5163,activities/026_250715165154.csv,1,1,0,0
fit:6e89a0befe0a3ac47a7a1c34172354760de7b862b17e4a8744ec85fadd57b030,2025-07-15T16:19:21+00:00,282,157,145,87,8.502,27.399999999999977,31,fit:6e89a0befe0a3ac47a7a1c34172354760de7b862b17e4a8744ec85fadd57b030:segment:003,3,5246.0,5164,activities/026_250715165154.csv,1,1,0,0
fit:6e89a0befe0a3ac47a7a1c34172354760de7b862b17e4a8744ec85fadd57b030,2025-07-15T16:19:22+00:00,283,169,145,87,8.495,27.399999999999977,31,fit:6e89a0befe0a3ac47a7a1c34172354760de7b862b17e4a8744ec85fadd57b030:segment:003,3,5247.0,5165,activities/026_250715165154.csv,1,1,0,0
fit:6e89a0befe0a3ac47a7a1c34172354760de7b862b17e4a8744ec85fadd57b030,2025-07-15T16:19:23+00:00,284,166,145,87,8.527,27.399999999999977,31,fit:6e89a0befe0a3ac47a7a1c34172354760de7b862b17e4a8744ec85fadd57b030:segment:003,3,5248.0,5166,activities/026_250715165154.csv,1,1,0,0
fit:6e89a0befe0a3ac47a7a1c34172354760de7b862b17e4a8744ec85fadd57b030,2025-07-15T16:19:24+00:00,285,170,145,86,8.54,28.399999999999977,31,fit:6e89a0befe0a3ac47a7a1c34172354760de7b862b17e4a8744ec85fadd57b030:segment:003,3,5249.0,5167,activities/026_250715165154.csv,1,1,0,0
fit:6e89a0befe0a3ac47a7a1c34172354760de7b862b17e4a8744ec85fadd57b030,2025-07-15T16:19:25+00:00,286,182,145,87,8.649,28.399999999999977,31,fit:6e89a0befe0a3ac47a7a1c34172354760de7b862b17e4a8744ec85fadd57b030:segment:003,3,5250.0,5168,activities/026_250715165154.csv,1,1,0,0
fit:6e89a0befe0a3ac47a7a1c34172354760de7b862b17e4a8744ec85fadd57b030,2025-07-15T16:19:26+00:00,287,174,145,87,8.605,28.399999999999977,31,fit:6e89a0befe0a3ac47a7a1c34172354760de7b862b17e4a8744ec85fadd57b030:segment:003,3,5251.0,5169,activities/026_250715165154.csv,1,1,0,0
fit:6e89a0befe0a3ac47a7a1c34172354760de7b862b17e4a8744ec85fadd57b030,2025-07-15T16:19:27+00:00,288,173,145,86,8.59,28.399999999999977,31,fit:6e89a0befe0a3ac47a7a1c34172354760de7b862b17e4a8744ec85fadd57b030:segment:003,3,5252.0,5170,activities/026_250715165154.csv,1,1,0,0
fit:6e89a0befe0a3ac47a7a1c34172354760de7b862b17e4a8744ec85fadd57b030,2025-07-15T16:19:28+00:00,289,173,145,86,8.515,28.399999999999977,31,fit:6e89a0befe0a3ac47a7a1c34172354760de7b862b17e4a8744ec85fadd57b030:segment:003,3,5253.0,5171,activities/026_250715165154.csv,1,1,0,0
fit:6e89a0befe0a3ac47a7a1c34172354760de7b862b17e4a8744ec85fadd57b030,2025-07-15T16:19:29+00:00,290,185,144,86,8.505,28.600000000000023,31,fit:6e89a0befe0a3ac47a7a1c34172354760de7b862b17e4a8744ec85fadd57b030:segment:003,3,5254.0,5172,activities/026_250715165154.csv,1,1,0,0
fit:6e89a0befe0a3ac47a7a1c34172354760de7b862b17e4a8744ec85fadd57b030,2025-07-15T16:19:30+00:00,291,162,144,86,8.498,28.600000000000023,31,fit:6e89a0befe0a3ac47a7a1c34172354760de7b862b17e4a8744ec85fadd57b030:segment:003,3,5255.0,5173,activities/026_250715165154.csv,1,1,0,0
fit:6e89a0befe0a3ac47a7a1c34172354760de7b862b17e4a8744ec85fadd57b030,2025-07-15T16:19:31+00:00,292,152,144,86,8.479,28.600000000000023,31,fit:6e89a0befe0a3ac47a7a1c34172354760de7b862b17e4a8744ec85fadd57b030:segment:003,3,5256.0,5174,activities/026_250715165154.csv,1,1,0,0
fit:6e89a0befe0a3ac47a7a1c34172354760de7b862b17e4a8744ec85fadd57b030,2025-07-15T16:19:32+00:00,293,173,144,86,8.468,28.0,31,fit:6e89a0befe0a3ac47a7a1c34172354760de7b862b17e4a8744ec85fadd57b030:segment:003,3,5257.0,5175,activities/026_250715165154.csv,1,1,0,0
fit:6e89a0befe0a3ac47a7a1c34172354760de7b862b17e4a8744ec85fadd57b030,2025-07-15T16:19:33+00:00,294,118,145,85,8.426,28.600000000000023,31,fit:6e89a0befe0a3ac47a7a1c34172354760de7b862b17e4a8744ec85fadd57b030:segment:003,3,5258.0,5176,activities/026_250715165154.csv,1,1,0,0
fit:6e89a0befe0a3ac47a7a1c34172354760de7b862b17e4a8744ec85fadd57b030,2025-07-15T16:19:34+00:00,295,162,145,85,8.321,28.600000000000023,31,fit:6e89a0befe0a3ac47a7a1c34172354760de7b862b17e4a8744ec85fadd57b030:segment:003,3,5259.0,5177,activities/026_250715165154.csv,1,1,0,0
fit:6e89a0befe0a3ac47a7a1c34172354760de7b862b17e4a8744ec85fadd57b030,2025-07-15T16:19:35+00:00,296,147,145,85,8.306,28.600000000000023,31,fit:6e89a0befe0a3ac47a7a1c34172354760de7b862b17e4a8744ec85fadd57b030:segment:003,3,5260.0,5178,activities/026_250715165154.csv,1,1,0,0
fit:6e89a0befe0a3ac47a7a1c34172354760de7b862b17e4a8744ec85fadd57b030,2025-07-15T16:19:36+00:00,297,147,145,85,8.387,28.600000000000023,31,fit:6e89a0befe0a3ac47a7a1c34172354760de7b862b17e4a8744ec85fadd57b030:segment:003,3,5261.0,5179,activities/026_250715165154.csv,1,1,0,0
fit:6e89a0befe0a3ac47a7a1c34172354760de7b862b17e4a8744ec85fadd57b030,2025-07-15T16:19:37+00:00,298,108,145,94,8.343,29.600000000000023,31,fit:6e89a0befe0a3ac47a7a1c34172354760de7b862b17e4a8744ec85fadd57b030:segment:003,3,5262.0,5180,activities/026_250715165154.csv,1,1,0,0
fit:6e89a0befe0a3ac47a7a1c34172354760de7b862b17e4a8744ec85fadd57b030,2025-07-15T16:19:38+00:00,299,115,145,94,8.351,29.600000000000023,31,fit:6e89a0befe0a3ac47a7a1c34172354760de7b862b17e4a8744ec85fadd57b030:segment:003,3,5263.0,5181,activities/026_250715165154.csv,1,1,0,0
fit:6e89a0befe0a3ac47a7a1c34172354760de7b862b17e4a8744ec85fadd57b030,2025-07-15T16:19:39+00:00,300,124,145,91,8.308,29.600000000000023,31,fit:6e89a0befe0a3ac47a7a1c34172354760de7b862b17e4a8744ec85fadd57b030:segment:003,3,5264.0,5182,activities/026_250715165154.csv,1,1,0,0
fit:6e89a0befe0a3ac47a7a1c34172354760de7b862b17e4a8744ec85fadd57b030,2025-07-15T16:19:40+00:00,301,123,145,91,8.208,28.600000000000023,31,fit:6e89a0befe0a3ac47a7a1c34172354760de7b862b17e4a8744ec85fadd57b030:segment:003,3,5265.0,5183,activities/026_250715165154.csv,1,1,0,0
fit:6e89a0befe0a3ac47a7a1c34172354760de7b862b17e4a8744ec85fadd57b030,2025-07-15T16:19:41+00:00,302,110,145,95,8.222,26.600000000000023,31,fit:6e89a0befe0a3ac47a7a1c34172354760de7b862b17e4a8744ec85fadd57b030:segment:003,3,5266.0,5184,activities/026_250715165154.csv,1,1,0,0
fit:6e89a0befe0a3ac47a7a1c34172354760de7b862b17e4a8744ec85fadd57b030,2025-07-15T16:19:42+00:00,303,104,145,96,8.33,26.600000000000023,31,fit:6e89a0befe0a3ac47a7a1c34172354760de7b862b17e4a8744ec85fadd57b030:segment:003,3,5267.0,5185,activities/026_250715165154.csv,1,1,0,0
fit:6e89a0befe0a3ac47a7a1c34172354760de7b862b17e4a8744ec85fadd57b030,2025-07-15T16:19:43+00:00,304,116,145,97,8.362,26.600000000000023,31,fit:6e89a0befe0a3ac47a7a1c34172354760de7b862b17e4a8744ec85fadd57b030:segment:003,3,5268.0,5186,activities/026_250715165154.csv,1,1,0,0
fit:6e89a0befe0a3ac47a7a1c34172354760de7b862b17e4a8744ec85fadd57b030,2025-07-15T16:19:44+00:00,305,113,145,99,8.535,27.600000000000023,31,fit:6e89a0befe0a3ac47a7a1c34172354760de7b862b17e4a8744ec85fadd57b030:segment:003,3,5269.0,5187,activities/026_250715165154.csv,1,1,0,0
fit:6e89a0befe0a3ac47a7a1c34172354760de7b862b17e4a8744ec85fadd57b030,2025-07-15T16:19:45+00:00,306,104,145,100,8.729,27.399999999999977,31,fit:6e89a0befe0a3ac47a7a1c34172354760de7b862b17e4a8744ec85fadd57b030:segment:003,3,5270.0,5188,activities/026_250715165154.csv,1,1,0,0
fit:6e89a0befe0a3ac47a7a1c34172354760de7b862b17e4a8744ec85fadd57b030,2025-07-15T16:19:46+00:00,307,105,145,100,8.722,27.399999999999977,31,fit:6e89a0befe0a3ac47a7a1c34172354760de7b862b17e4a8744ec85fadd57b030:segment:003,3,5271.0,5189,activities/026_250715165154.csv,1,1,0,0
fit:6e89a0befe0a3ac47a7a1c34172354760de7b862b17e4a8744ec85fadd57b030,2025-07-15T16:19:47+00:00,308,99,145,99,8.752,27.399999999999977,31,fit:6e89a0befe0a3ac47a7a1c34172354760de7b862b17e4a8744ec85fadd57b030:segment:003,3,5272.0,5190,activities/026_250715165154.csv,1,1,0,0
fit:6e89a0befe0a3ac47a7a1c34172354760de7b862b17e4a8744ec85fadd57b030,2025-07-15T16:19:48+00:00,309,117,144,99,8.858,26.600000000000023,31,fit:6e89a0befe0a3ac47a7a1c34172354760de7b862b17e4a8744ec85fadd57b030:segment:003,3,5273.0,5191,activities/026_250715165154.csv,1,1,0,0
fit:6e89a0befe0a3ac47a7a1c34172354760de7b862b17e4a8744ec85fadd57b030,2025-07-15T16:19:49+00:00,310,113,144,98,8.746,26.0,31,fit:6e89a0befe0a3ac47a7a1c34172354760de7b862b17e4a8744ec85fadd57b030:segment:003,3,5274.0,5192,activities/026_250715165154.csv,1,1,0,0
fit:6e89a0befe0a3ac47a7a1c34172354760de7b862b17e4a8744ec85fadd57b030,2025-07-15T16:19:50+00:00,311,104,144,98,8.669,26.0,31,fit:6e89a0befe0a3ac47a7a1c34172354760de7b862b17e4a8744ec85fadd57b030:segment:003,3,5275.0,5193,activities/026_250715165154.csv,1,1,0,0
fit:6e89a0befe0a3ac47a7a1c34172354760de7b862b17e4a8744ec85fadd57b030,2025-07-15T16:19:51+00:00,312,118,143,98,8.68,26.0,31,fit:6e89a0befe0a3ac47a7a1c34172354760de7b862b17e4a8744ec85fadd57b030:segment:003,3,5276.0,5194,activities/026_250715165154.csv,1,1,0,0
fit:6e89a0befe0a3ac47a7a1c34172354760de7b862b17e4a8744ec85fadd57b030,2025-07-15T16:19:52+00:00,313,123,142,96,8.671,26.600000000000023,31,fit:6e89a0befe0a3ac47a7a1c34172354760de7b862b17e4a8744ec85fadd57b030:segment:003,3,5277.0,5195,activities/026_250715165154.csv,1,1,0,0
fit:6e89a0befe0a3ac47a7a1c34172354760de7b862b17e4a8744ec85fadd57b030,2025-07-15T16:19:53+00:00,314,116,142,96,8.52,26.399999999999977,31,fit:6e89a0befe0a3ac47a7a1c34172354760de7b862b17e4a8744ec85fadd57b030:segment:003,3,5278.0,5196,activities/026_250715165154.csv,1,1,0,0
fit:6e89a0befe0a3ac47a7a1c34172354760de7b862b17e4a8744ec85fadd57b030,2025-07-15T16:19:54+00:00,315,123,142,96,8.471,26.399999999999977,31,fit:6e89a0befe0a3ac47a7a1c34172354760de7b862b17e4a8744ec85fadd57b030:segment:003,3,5279.0,5197,activities/026_250715165154.csv,1,1,0,0
fit:6e89a0befe0a3ac47a7a1c34172354760de7b862b17e4a8744ec85fadd57b030,2025-07-15T16:19:55+00:00,316,134,141,95,8.523,26.399999999999977,31,fit:6e89a0befe0a3ac47a7a1c34172354760de7b862b17e4a8744ec85fadd57b030:segment:003,3,5280.0,5198,activities/026_250715165154.csv,1,1,0,0
fit:6e89a0befe0a3ac47a7a1c34172354760de7b862b17e4a8744ec85fadd57b030,2025-07-15T16:19:56+00:00,317,136,141,96,8.553,26.399999999999977,31,fit:6e89a0befe0a3ac47a7a1c34172354760de7b862b17e4a8744ec85fadd57b030:segment:003,3,5281.0,5199,activities/026_250715165154.csv,1,1,0,0
fit:6e89a0befe0a3ac47a7a1c34172354760de7b862b17e4a8744ec85fadd57b030,2025-07-15T16:19:57+00:00,318,137,140,96,8.522,27.0,31,fit:6e89a0befe0a3ac47a7a1c34172354760de7b862b17e4a8744ec85fadd57b030:segment:003,3,5282.0,5200,activities/026_250715165154.csv,1,1,0,0
fit:6e89a0befe0a3ac47a7a1c34172354760de7b862b17e4a8744ec85fadd57b030,2025-07-15T16:19:58+00:00,319,137,140,95,8.454,27.0,31,fit:6e89a0befe0a3ac47a7a1c34172354760de7b862b17e4a8744ec85fadd57b030:segment:003,3,5283.0,5201,activities/026_250715165154.csv,1,1,0,0
fit:6e89a0befe0a3ac47a7a1c34172354760de7b862b17e4a8744ec85fadd57b030,2025-07-15T16:19:59+00:00,320,147,140,95,8.467,27.0,31,fit:6e89a0befe0a3ac47a7a1c34172354760de7b862b17e4a8744ec85fadd57b030:segment:003,3,5284.0,5202,activities/026_250715165154.csv,1,1,0,0
fit:6e89a0befe0a3ac47a7a1c34172354760de7b862b17e4a8744ec85fadd57b030,2025-07-15T16:20:00+00:00,321,153,140,94,8.462,26.0,31,fit:6e89a0befe0a3ac47a7a1c34172354760de7b862b17e4a8744ec85fadd57b030:segment:003,3,5285.0,5203,activities/026_250715165154.csv,1,1,0,0
fit:6e89a0befe0a3ac47a7a1c34172354760de7b862b17e4a8744ec85fadd57b030,2025-07-15T16:20:01+00:00,322,149,140,93,8.384,26.399999999999977,31,fit:6e89a0befe0a3ac47a7a1c34172354760de7b862b17e4a8744ec85fadd57b030:segment:003,3,5286.0,5204,activities/026_250715165154.csv,1,1,0,0
fit:6e89a0befe0a3ac47a7a1c34172354760de7b862b17e4a8744ec85fadd57b030,2025-07-15T16:20:02+00:00,323,149,140,93,8.403,26.399999999999977,31,fit:6e89a0befe0a3ac47a7a1c34172354760de7b862b17e4a8744ec85fadd57b030:segment:003,3,5287.0,5205,activities/026_250715165154.csv,1,1,0,0
fit:6e89a0befe0a3ac47a7a1c34172354760de7b862b17e4a8744ec85fadd57b030,2025-07-15T16:20:03+00:00,324,162,140,94,8.345,26.399999999999977,31,fit:6e89a0befe0a3ac47a7a1c34172354760de7b862b17e4a8744ec85fadd57b030:segment:003,3,5288.0,5206,activities/026_250715165154.csv,1,1,0,0
fit:6e89a0befe0a3ac47a7a1c34172354760de7b862b17e4a8744ec85fadd57b030,2025-07-15T16:20:04+00:00,325,160,140,94,8.279,27.0,31,fit:6e89a0befe0a3ac47a7a1c34172354760de7b862b17e4a8744ec85fadd57b030:segment:003,3,5289.0,5207,activities/026_250715165154.csv,1,1,0,0
fit:6e89a0befe0a3ac47a7a1c34172354760de7b862b17e4a8744ec85fadd57b030,2025-07-15T16:20:05+00:00,326,159,139,95,8.276,26.600000000000023,31,fit:6e89a0befe0a3ac47a7a1c34172354760de7b862b17e4a8744ec85fadd57b030:segment:003,3,5290.0,5208,activities/026_250715165154.csv,1,1,0,0
fit:6e89a0befe0a3ac47a7a1c34172354760de7b862b17e4a8744ec85fadd57b030,2025-07-15T16:20:06+00:00,327,135,139,95,8.326,26.600000000000023,31,fit:6e89a0befe0a3ac47a7a1c34172354760de7b862b17e4a8744ec85fadd57b030:segment:003,3,5291.0,5209,activities/026_250715165154.csv,1,1,0,0
fit:6e89a0befe0a3ac47a7a1c34172354760de7b862b17e4a8744ec85fadd57b030,2025-07-15T16:20:07+00:00,328,141,139,95,8.368,26.600000000000023,31,fit:6e89a0befe0a3ac47a7a1c34172354760de7b862b17e4a8744ec85fadd57b030:segment:003,3,5292.0,5210,activities/026_250715165154.csv,1,1,0,0
fit:6e89a0befe0a3ac47a7a1c34172354760de7b862b17e4a8744ec85fadd57b030,2025-07-15T16:20:08+00:00,329,126,139,95,8.465,26.600000000000023,31,fit:6e89a0befe0a3ac47a7a1c34172354760de7b862b17e4a8744ec85fadd57b030:segment:003,3,5293.0,5211,activities/026_250715165154.csv,1,1,0,0
fit:6e89a0befe0a3ac47a7a1c34172354760de7b862b17e4a8744ec85fadd57b030,2025-07-15T16:20:09+00:00,330,131,139,95,8.389,26.200000000000045,31,fit:6e89a0befe0a3ac47a7a1c34172354760de7b862b17e4a8744ec85fadd57b030:segment:003,3,5294.0,5212,activities/026_250715165154.csv,1,1,0,0
fit:6e89a0befe0a3ac47a7a1c34172354760de7b862b17e4a8744ec85fadd57b030,2025-07-15T16:20:10+00:00,331,128,139,95,8.279,26.200000000000045,31,fit:6e89a0befe0a3ac47a7a1c34172354760de7b862b17e4a8744ec85fadd57b030:segment:003,3,5295.0,5213,activities/026_250715165154.csv,1,1,0,0
fit:6e89a0befe0a3ac47a7a1c34172354760de7b862b17e4a8744ec85fadd57b030,2025-07-15T16:20:11+00:00,332,116,139,95,8.186,26.200000000000045,31,fit:6e89a0befe0a3ac47a7a1c34172354760de7b862b17e4a8744ec85fadd57b030:segment:003,3,5296.0,5214,activities/026_250715165154.csv,1,1,0,0
fit:6e89a0befe0a3ac47a7a1c34172354760de7b862b17e4a8744ec85fadd57b030,2025-07-15T16:20:12+00:00,333,118,139,94,8.22,26.0,31,fit:6e89a0befe0a3ac47a7a1c34172354760de7b862b17e4a8744ec85fadd57b030:segment:003,3,5297.0,5215,activities/026_250715165154.csv,1,1,0,0
fit:6e89a0befe0a3ac47a7a1c34172354760de7b862b17e4a8744ec85fadd57b030,2025-07-15T16:20:13+00:00,334,91,139,95,8.294,26.200000000000045,31,fit:6e89a0befe0a3ac47a7a1c34172354760de7b862b17e4a8744ec85fadd57b030:segment:003,3,5298.0,5216,activities/026_250715165154.csv,1,1,0,0
fit:6e89a0befe0a3ac47a7a1c34172354760de7b862b17e4a8744ec85fadd57b030,2025-07-15T16:20:14+00:00,335,78,138,88,8.314,26.200000000000045,31,fit:6e89a0befe0a3ac47a7a1c34172354760de7b862b17e4a8744ec85fadd57b030:segment:003,3,5299.0,5217,activities/026_250715165154.csv,1,1,0,0
fit:6e89a0befe0a3ac47a7a1c34172354760de7b862b17e4a8744ec85fadd57b030,2025-07-15T16:20:15+00:00,336,78,138,88,8.245,26.200000000000045,31,fit:6e89a0befe0a3ac47a7a1c34172354760de7b862b17e4a8744ec85fadd57b030:segment:003,3,5300.0,5218,activities/026_250715165154.csv,1,1,0,0
fit:6e89a0befe0a3ac47a7a1c34172354760de7b862b17e4a8744ec85fadd57b030,2025-07-15T16:20:16+00:00,337,78,137,88,8.103,25.799999999999955,31,fit:6e89a0befe0a3ac47a7a1c34172354760de7b862b17e4a8744ec85fadd57b030:segment:003,3,5301.0,5219,activities/026_250715165154.csv,1,1,0,0
fit:6e89a0befe0a3ac47a7a1c34172354760de7b862b17e4a8744ec85fadd57b030,2025-07-15T16:20:17+00:00,338,78,137,88,8.047,24.600000000000023,31,fit:6e89a0befe0a3ac47a7a1c34172354760de7b862b17e4a8744ec85fadd57b030:segment:003,3,5302.0,5220,activities/026_250715165154.csv,1,1,0,0
fit:6e89a0befe0a3ac47a7a1c34172354760de7b862b17e4a8744ec85fadd57b030,2025-07-15T16:20:18+00:00,339,0,136,0,7.74,24.600000000000023,31,fit:6e89a0befe0a3ac47a7a1c34172354760de7b862b17e4a8744ec85fadd57b030:segment:003,3,5303.0,5221,activities/026_250715165154.csv,1,1,0,0
fit:6e89a0befe0a3ac47a7a1c34172354760de7b862b17e4a8744ec85fadd57b030,2025-07-15T16:20:19+00:00,340,0,135,0,7.508,24.600000000000023,31,fit:6e89a0befe0a3ac47a7a1c34172354760de7b862b17e4a8744ec85fadd57b030:segment:003,3,5304.0,5222,activities/026_250715165154.csv,1,1,0,0
fit:6e89a0befe0a3ac47a7a1c34172354760de7b862b17e4a8744ec85fadd57b030,2025-07-15T16:20:20+00:00,341,0,135,0,7.357,24.600000000000023,31,fit:6e89a0befe0a3ac47a7a1c34172354760de7b862b17e4a8744ec85fadd57b030:segment:003,3,5305.0,5223,activities/026_250715165154.csv,1,1,0,0
fit:6e89a0befe0a3ac47a7a1c34172354760de7b862b17e4a8744ec85fadd57b030,2025-07-15T16:20:21+00:00,342,0,135,0,6.873,26.0,31,fit:6e89a0befe0a3ac47a7a1c34172354760de7b862b17e4a8744ec85fadd57b030:segment:003,3,5306.0,5224,activities/026_250715165154.csv,1,1,0,0
fit:6e89a0befe0a3ac47a7a1c34172354760de7b862b17e4a8744ec85fadd57b030,2025-07-15T16:20:22+00:00,343,0,134,0,5.995,26.0,31,fit:6e89a0befe0a3ac47a7a1c34172354760de7b862b17e4a8744ec85fadd57b030:segment:003,3,5307.0,5225,activities/026_250715165154.csv,1,1,0,0
fit:6e89a0befe0a3ac47a7a1c34172354760de7b862b17e4a8744ec85fadd57b030,2025-07-15T16:20:23+00:00,344,0,133,0,4.921,26.0,31,fit:6e89a0befe0a3ac47a7a1c34172354760de7b862b17e4a8744ec85fadd57b030:segment:003,3,5308.0,5226,activities/026_250715165154.csv,1,1,0,0
fit:6e89a0befe0a3ac47a7a1c34172354760de7b862b17e4a8744ec85fadd57b030,2025-07-15T16:20:24+00:00,345,0,133,0,3.8,26.600000000000023,31,fit:6e89a0befe0a3ac47a7a1c34172354760de7b862b17e4a8744ec85fadd57b030:segment:003,3,5309.0,5227,activities/026_250715165154.csv,1,1,0,0
fit:6e89a0befe0a3ac47a7a1c34172354760de7b862b17e4a8744ec85fadd57b030,2025-07-15T16:20:25+00:00,346,0,133,0,2.764,26.799999999999955,31,fit:6e89a0befe0a3ac47a7a1c34172354760de7b862b17e4a8744ec85fadd57b030:segment:003,3,5310.0,5228,activities/026_250715165154.csv,1,1,0,0
fit:6e89a0befe0a3ac47a7a1c34172354760de7b862b17e4a8744ec85fadd57b030,2025-07-15T16:20:26+00:00,347,0,132,0,0.0,26.799999999999955,31,fit:6e89a0befe0a3ac47a7a1c34172354760de7b862b17e4a8744ec85fadd57b030:segment:003,3,5311.0,5229,activities/026_250715165154.csv,1,1,0,0
fit:6e89a0befe0a3ac47a7a1c34172354760de7b862b17e4a8744ec85fadd57b030,2025-07-15T16:20:27+00:00,348,0,131,0,0.0,26.799999999999955,31,fit:6e89a0befe0a3ac47a7a1c34172354760de7b862b17e4a8744ec85fadd57b030:segment:003,3,5312.0,5230,activities/026_250715165154.csv,1,1,0,0
