activity_id,timestamp,elapsed_seconds,power_w,heart_rate_bpm,cadence_rpm,speed_m_s,altitude_m,temperature_c,segment_id,segment_number,source_elapsed_seconds,source_row_index,source_file,activity_split,segment_selected_from_activity,power_missing,hr_missing
fit:9651d1dc645f82336228e37958001f2c9b3d23f70d243f7fc55c1c1ef258dfac,2026-07-21T06:52:07+00:00,0,0,101,0,1.973,37.0,26,fit:9651d1dc645f82336228e37958001f2c9b3d23f70d243f7fc55c1c1ef258dfac:segment:003,3,5738.0,5655,activities/104_260721071628.csv,1,1,0,0
fit:9651d1dc645f82336228e37958001f2c9b3d23f70d243f7fc55c1c1ef258dfac,2026-07-21T06:52:08+00:00,1,0,101,0,2.142,37.0,26,fit:9651d1dc645f82336228e37958001f2c9b3d23f70d243f7fc55c1c1ef258dfac:segment:003,3,5739.0,5656,activities/104_260721071628.csv,1,1,0,0
fit:9651d1dc645f82336228e37958001f2c9b3d23f70d243f7fc55c1c1ef258dfac,2026-07-21T06:52:09+00:00,2,0,101,0,1.825,37.0,26,fit:9651d1dc645f82336228e37958001f2c9b3d23f70d243f7fc55c1c1ef258dfac:segment:003,3,5740.0,5657,activities/104_260721071628.csv,1,1,0,0
fit:9651d1dc645f82336228e37958001f2c9b3d23f70d243f7fc55c1c1ef258dfac,2026-07-21T06:52:10+00:00,3,33,101,0,1.971,37.0,26,fit:9651d1dc645f82336228e37958001f2c9b3d23f70d243f7fc55c1c1ef258dfac:segment:003,3,5741.0,5658,activities/104_260721071628.csv,1,1,0,0
fit:9651d1dc645f82336228e37958001f2c9b3d23f70d243f7fc55c1c1ef258dfac,2026-07-21T06:52:11+00:00,4,260,101,0,2.186,37.39999999999998,26,fit:9651d1dc645f82336228e37958001f2c9b3d23f70d243f7fc55c1c1ef258dfac:segment:003,3,5742.0,5659,activities/104_260721071628.csv,1,1,0,0
fit:9651d1dc645f82336228e37958001f2c9b3d23f70d243f7fc55c1c1ef258dfac,2026-07-21T06:52:12+00:00,5,261,101,31,2.582,37.39999999999998,26,fit:9651d1dc645f82336228e37958001f2c9b3d23f70d243f7fc55c1c1ef258dfac:segment:003,3,5743.0,5660,activities/104_260721071628.csv,1,1,0,0
fit:9651d1dc645f82336228e37958001f2c9b3d23f70d243f7fc55c1c1ef258dfac,2026-07-21T06:52:13+00:00,6,315,101,31,3.191,37.39999999999998,26,fit:9651d1dc645f82336228e37958001f2c9b3d23f70d243f7fc55c1c1ef258dfac:segment:003,3,5744.0,5661,activities/104_260721071628.csv,1,1,0,0
fit:9651d1dc645f82336228e37958001f2c9b3d23f70d243f7fc55c1c1ef258dfac,2026-07-21T06:52:14+00:00,7,294,101,57,3.992,37.39999999999998,26,fit:9651d1dc645f82336228e37958001f2c9b3d23f70d243f7fc55c1c1ef258dfac:segment:003,3,5745.0,5662,activities/104_260721071628.csv,1,1,0,0
fit:9651d1dc645f82336228e37958001f2c9b3d23f70d243f7fc55c1c1ef258dfac,2026-07-21T06:52:15+00:00,8,279,101,64,4.256,35.799999999999955,26,fit:9651d1dc645f82336228e37958001f2c9b3d23f70d243f7fc55c1c1ef258dfac:segment:003,3,5746.0,5663,activities/104_260721071628.csv,1,1,0,0
fit:9651d1dc645f82336228e37958001f2c9b3d23f70d243f7fc55c1c1ef258dfac,2026-07-21T06:52:16+00:00,9,301,101,72,4.169,35.799999999999955,26,fit:9651d1dc645f82336228e37958001f2c9b3d23f70d243f7fc55c1c1ef258dfac:segment:003,3,5747.0,5664,activities/104_260721071628.csv,1,1,0,0
fit:9651d1dc645f82336228e37958001f2c9b3d23f70d243f7fc55c1c1ef258dfac,2026-07-21T06:52:17+00:00,10,332,101,75,5.424,35.799999999999955,26,fit:9651d1dc645f82336228e37958001f2c9b3d23f70d243f7fc55c1c1ef258dfac:segment:003,3,5748.0,5665,activities/104_260721071628.csv,1,1,0,0
fit:9651d1dc645f82336228e37958001f2c9b3d23f70d243f7fc55c1c1ef258dfac,2026-07-21T06:52:18+00:00,11,346,102,78,5.915,36.0,26,fit:9651d1dc645f82336228e37958001f2c9b3d23f70d243f7fc55c1c1ef258dfac:segment:003,3,5749.0,5666,activities/104_260721071628.csv,1,1,0,0
fit:9651d1dc645f82336228e37958001f2c9b3d23f70d243f7fc55c1c1ef258dfac,2026-07-21T06:52:19+00:00,12,383,103,82,6.876,35.39999999999998,26,fit:9651d1dc645f82336228e37958001f2c9b3d23f70d243f7fc55c1c1ef258dfac:segment:003,3,5750.0,5667,activities/104_260721071628.csv,1,1,0,0
fit:9651d1dc645f82336228e37958001f2c9b3d23f70d243f7fc55c1c1ef258dfac,2026-07-21T06:52:20+00:00,13,118,105,55,7.557,35.39999999999998,26,fit:9651d1dc645f82336228e37958001f2c9b3d23f70d243f7fc55c1c1ef258dfac:segment:003,3,5751.0,5668,activities/104_260721071628.csv,1,1,0,0
fit:9651d1dc645f82336228e37958001f2c9b3d23f70d243f7fc55c1c1ef258dfac,2026-07-21T06:52:21+00:00,14,313,107,84,8.021,35.39999999999998,26,fit:9651d1dc645f82336228e37958001f2c9b3d23f70d243f7fc55c1c1ef258dfac:segment:003,3,5752.0,5669,activities/104_260721071628.csv,1,1,0,0
fit:9651d1dc645f82336228e37958001f2c9b3d23f70d243f7fc55c1c1ef258dfac,2026-07-21T06:52:22+00:00,15,184,108,86,8.234,36.0,27,fit:9651d1dc645f82336228e37958001f2c9b3d23f70d243f7fc55c1c1ef258dfac:segment:003,3,5753.0,5670,activities/104_260721071628.csv,1,1,0,0
fit:9651d1dc645f82336228e37958001f2c9b3d23f70d243f7fc55c1c1ef258dfac,2026-07-21T06:52:23+00:00,16,103,109,86,8.339,35.39999999999998,27,fit:9651d1dc645f82336228e37958001f2c9b3d23f70d243f7fc55c1c1ef258dfac:segment:003,3,5754.0,5671,activities/104_260721071628.csv,1,1,0,0
fit:9651d1dc645f82336228e37958001f2c9b3d23f70d243f7fc55c1c1ef258dfac,2026-07-21T06:52:24+00:00,17,103,111,86,8.364,35.39999999999998,27,fit:9651d1dc645f82336228e37958001f2c9b3d23f70d243f7fc55c1c1ef258dfac:segment:003,3,5755.0,5672,activities/104_260721071628.csv,1,1,0,0
fit:9651d1dc645f82336228e37958001f2c9b3d23f70d243f7fc55c1c1ef258dfac,2026-07-21T06:52:25+00:00,18,92,111,83,8.304,35.39999999999998,27,fit:9651d1dc645f82336228e37958001f2c9b3d23f70d243f7fc55c1c1ef258dfac:segment:003,3,5756.0,5673,activities/104_260721071628.csv,1,1,0,0
fit:9651d1dc645f82336228e37958001f2c9b3d23f70d243f7fc55c1c1ef258dfac,2026-07-21T06:52:26+00:00,19,84,111,81,8.185,35.200000000000045,27,fit:9651d1dc645f82336228e37958001f2c9b3d23f70d243f7fc55c1c1ef258dfac:segment:003,3,5757.0,5674,activities/104_260721071628.csv,1,1,0,0
fit:9651d1dc645f82336228e37958001f2c9b3d23f70d243f7fc55c1c1ef258dfac,2026-07-21T06:52:27+00:00,20,166,112,81,8.071,35.799999999999955,27,fit:9651d1dc645f82336228e37958001f2c9b3d23f70d243f7fc55c1c1ef258dfac:segment:003,3,5758.0,5675,activities/104_260721071628.csv,1,1,0,0
fit:9651d1dc645f82336228e37958001f2c9b3d23f70d243f7fc55c1c1ef258dfac,2026-07-21T06:52:28+00:00,21,186,112,81,7.952,35.799999999999955,27,fit:9651d1dc645f82336228e37958001f2c9b3d23f70d243f7fc55c1c1ef258dfac:segment:003,3,5759.0,5676,activities/104_260721071628.csv,1,1,0,0
fit:9651d1dc645f82336228e37958001f2c9b3d23f70d243f7fc55c1c1ef258dfac,2026-07-21T06:52:29+00:00,22,223,112,81,7.97,35.799999999999955,27,fit:9651d1dc645f82336228e37958001f2c9b3d23f70d243f7fc55c1c1ef258dfac:segment:003,3,5760.0,5677,activities/104_260721071628.csv,1,1,0,0
fit:9651d1dc645f82336228e37958001f2c9b3d23f70d243f7fc55c1c1ef258dfac,2026-07-21T06:52:30+00:00,23,286,112,83,8.003,35.60000000000002,27,fit:9651d1dc645f82336228e37958001f2c9b3d23f70d243f7fc55c1c1ef258dfac:segment:003,3,5761.0,5678,activities/104_260721071628.csv,1,1,0,0
fit:9651d1dc645f82336228e37958001f2c9b3d23f70d243f7fc55c1c1ef258dfac,2026-07-21T06:52:31+00:00,24,310,112,85,8.218,35.799999999999955,27,fit:9651d1dc645f82336228e37958001f2c9b3d23f70d243f7fc55c1c1ef258dfac:segment:003,3,5762.0,5679,activities/104_260721071628.csv,1,1,0,0
fit:9651d1dc645f82336228e37958001f2c9b3d23f70d243f7fc55c1c1ef258dfac,2026-07-21T06:52:32+00:00,25,310,112,85,8.37,35.799999999999955,27,fit:9651d1dc645f82336228e37958001f2c9b3d23f70d243f7fc55c1c1ef258dfac:segment:003,3,5763.0,5680,activities/104_260721071628.csv,1,1,0,0
fit:9651d1dc645f82336228e37958001f2c9b3d23f70d243f7fc55c1c1ef258dfac,2026-07-21T06:52:33+00:00,26,256,112,87,8.416,35.799999999999955,27,fit:9651d1dc645f82336228e37958001f2c9b3d23f70d243f7fc55c1c1ef258dfac:segment:003,3,5764.0,5681,activities/104_260721071628.csv,1,1,0,0
fit:9651d1dc645f82336228e37958001f2c9b3d23f70d243f7fc55c1c1ef258dfac,2026-07-21T06:52:34+00:00,27,169,113,87,8.487,35.799999999999955,27,fit:9651d1dc645f82336228e37958001f2c9b3d23f70d243f7fc55c1c1ef258dfac:segment:003,3,5765.0,5682,activities/104_260721071628.csv,1,1,0,0
fit:9651d1dc645f82336228e37958001f2c9b3d23f70d243f7fc55c1c1ef258dfac,2026-07-21T06:52:35+00:00,28,113,115,86,8.522,36.39999999999998,27,fit:9651d1dc645f82336228e37958001f2c9b3d23f70d243f7fc55c1c1ef258dfac:segment:003,3,5766.0,5683,activities/104_260721071628.csv,1,1,0,0
fit:9651d1dc645f82336228e37958001f2c9b3d23f70d243f7fc55c1c1ef258dfac,2026-07-21T06:52:36+00:00,29,113,115,86,8.461,36.39999999999998,27,fit:9651d1dc645f82336228e37958001f2c9b3d23f70d243f7fc55c1c1ef258dfac:segment:003,3,5767.0,5684,activities/104_260721071628.csv,1,1,0,0
fit:9651d1dc645f82336228e37958001f2c9b3d23f70d243f7fc55c1c1ef258dfac,2026-07-21T06:52:37+00:00,30,67,117,84,8.426,36.39999999999998,27,fit:9651d1dc645f82336228e37958001f2c9b3d23f70d243f7fc55c1c1ef258dfac:segment:003,3,5768.0,5685,activities/104_260721071628.csv,1,1,0,0
fit:9651d1dc645f82336228e37958001f2c9b3d23f70d243f7fc55c1c1ef258dfac,2026-07-21T06:52:38+00:00,31,119,120,82,8.43,36.39999999999998,27,fit:9651d1dc645f82336228e37958001f2c9b3d23f70d243f7fc55c1c1ef258dfac:segment:003,3,5769.0,5686,activities/104_260721071628.csv,1,1,0,0
fit:9651d1dc645f82336228e37958001f2c9b3d23f70d243f7fc55c1c1ef258dfac,2026-07-21T06:52:39+00:00,32,118,120,82,8.243,35.799999999999955,27,fit:9651d1dc645f82336228e37958001f2c9b3d23f70d243f7fc55c1c1ef258dfac:segment:003,3,5770.0,5687,activities/104_260721071628.csv,1,1,0,0
fit:9651d1dc645f82336228e37958001f2c9b3d23f70d243f7fc55c1c1ef258dfac,2026-07-21T06:52:40+00:00,33,71,123,78,8.011,35.799999999999955,27,fit:9651d1dc645f82336228e37958001f2c9b3d23f70d243f7fc55c1c1ef258dfac:segment:003,3,5771.0,5688,activities/104_260721071628.csv,1,1,0,0
fit:9651d1dc645f82336228e37958001f2c9b3d23f70d243f7fc55c1c1ef258dfac,2026-07-21T06:52:41+00:00,34,71,126,78,7.805,35.799999999999955,27,fit:9651d1dc645f82336228e37958001f2c9b3d23f70d243f7fc55c1c1ef258dfac:segment:003,3,5772.0,5689,activities/104_260721071628.csv,1,1,0,0
fit:9651d1dc645f82336228e37958001f2c9b3d23f70d243f7fc55c1c1ef258dfac,2026-07-21T06:52:42+00:00,35,21,129,31,7.519,35.799999999999955,27,fit:9651d1dc645f82336228e37958001f2c9b3d23f70d243f7fc55c1c1ef258dfac:segment:003,3,5773.0,5690,activities/104_260721071628.csv,1,1,0,0
fit:9651d1dc645f82336228e37958001f2c9b3d23f70d243f7fc55c1c1ef258dfac,2026-07-21T06:52:43+00:00,36,206,131,73,7.426,36.799999999999955,27,fit:9651d1dc645f82336228e37958001f2c9b3d23f70d243f7fc55c1c1ef258dfac:segment:003,3,5774.0,5691,activities/104_260721071628.csv,1,1,0,0
fit:9651d1dc645f82336228e37958001f2c9b3d23f70d243f7fc55c1c1ef258dfac,2026-07-21T06:52:44+00:00,37,224,131,74,7.356,36.799999999999955,27,fit:9651d1dc645f82336228e37958001f2c9b3d23f70d243f7fc55c1c1ef258dfac:segment:003,3,5775.0,5692,activities/104_260721071628.csv,1,1,0,0
fit:9651d1dc645f82336228e37958001f2c9b3d23f70d243f7fc55c1c1ef258dfac,2026-07-21T06:52:45+00:00,38,195,133,77,7.473,36.799999999999955,27,fit:9651d1dc645f82336228e37958001f2c9b3d23f70d243f7fc55c1c1ef258dfac:segment:003,3,5776.0,5693,activities/104_260721071628.csv,1,1,0,0
fit:9651d1dc645f82336228e37958001f2c9b3d23f70d243f7fc55c1c1ef258dfac,2026-07-21T06:52:46+00:00,39,175,133,78,7.597,36.799999999999955,27,fit:9651d1dc645f82336228e37958001f2c9b3d23f70d243f7fc55c1c1ef258dfac:segment:003,3,5777.0,5694,activities/104_260721071628.csv,1,1,0,0
fit:9651d1dc645f82336228e37958001f2c9b3d23f70d243f7fc55c1c1ef258dfac,2026-07-21T06:52:47+00:00,40,146,133,82,7.777,36.60000000000002,27,fit:9651d1dc645f82336228e37958001f2c9b3d23f70d243f7fc55c1c1ef258dfac:segment:003,3,5778.0,5695,activities/104_260721071628.csv,1,1,0,0
fit:9651d1dc645f82336228e37958001f2c9b3d23f70d243f7fc55c1c1ef258dfac,2026-07-21T06:52:48+00:00,41,129,133,83,8.037,36.60000000000002,27,fit:9651d1dc645f82336228e37958001f2c9b3d23f70d243f7fc55c1c1ef258dfac:segment:003,3,5779.0,5696,activities/104_260721071628.csv,1,1,0,0
fit:9651d1dc645f82336228e37958001f2c9b3d23f70d243f7fc55c1c1ef258dfac,2026-07-21T06:52:49+00:00,42,106,133,84,8.216,36.60000000000002,27,fit:9651d1dc645f82336228e37958001f2c9b3d23f70d243f7fc55c1c1ef258dfac:segment:003,3,5780.0,5697,activities/104_260721071628.csv,1,1,0,0
fit:9651d1dc645f82336228e37958001f2c9b3d23f70d243f7fc55c1c1ef258dfac,2026-07-21T06:52:50+00:00,43,166,133,87,8.386,36.39999999999998,27,fit:9651d1dc645f82336228e37958001f2c9b3d23f70d243f7fc55c1c1ef258dfac:segment:003,3,5781.0,5698,activities/104_260721071628.csv,1,1,0,0
fit:9651d1dc645f82336228e37958001f2c9b3d23f70d243f7fc55c1c1ef258dfac,2026-07-21T06:52:51+00:00,44,121,132,88,8.508,35.799999999999955,27,fit:9651d1dc645f82336228e37958001f2c9b3d23f70d243f7fc55c1c1ef258dfac:segment:003,3,5782.0,5699,activities/104_260721071628.csv,1,1,0,0
fit:9651d1dc645f82336228e37958001f2c9b3d23f70d243f7fc55c1c1ef258dfac,2026-07-21T06:52:52+00:00,45,95,130,90,8.618,35.799999999999955,27,fit:9651d1dc645f82336228e37958001f2c9b3d23f70d243f7fc55c1c1ef258dfac:segment:003,3,5783.0,5700,activities/104_260721071628.csv,1,1,0,0
fit:9651d1dc645f82336228e37958001f2c9b3d23f70d243f7fc55c1c1ef258dfac,2026-07-21T06:52:53+00:00,46,104,129,92,8.81,35.799999999999955,27,fit:9651d1dc645f82336228e37958001f2c9b3d23f70d243f7fc55c1c1ef258dfac:segment:003,3,5784.0,5701,activities/104_260721071628.csv,1,1,0,0
fit:9651d1dc645f82336228e37958001f2c9b3d23f70d243f7fc55c1c1ef258dfac,2026-07-21T06:52:54+00:00,47,104,129,92,8.972,35.39999999999998,27,fit:9651d1dc645f82336228e37958001f2c9b3d23f70d243f7fc55c1c1ef258dfac:segment:003,3,5785.0,5702,activities/104_260721071628.csv,1,1,0,0
fit:9651d1dc645f82336228e37958001f2c9b3d23f70d243f7fc55c1c1ef258dfac,2026-07-21T06:52:55+00:00,48,92,128,92,9.065,35.39999999999998,27,fit:9651d1dc645f82336228e37958001f2c9b3d23f70d243f7fc55c1c1ef258dfac:segment:003,3,5786.0,5703,activities/104_260721071628.csv,1,1,0,0
fit:9651d1dc645f82336228e37958001f2c9b3d23f70d243f7fc55c1c1ef258dfac,2026-07-21T06:52:56+00:00,49,112,128,93,9.103,35.39999999999998,27,fit:9651d1dc645f82336228e37958001f2c9b3d23f70d243f7fc55c1c1ef258dfac:segment:003,3,5787.0,5704,activities/104_260721071628.csv,1,1,0,0
fit:9651d1dc645f82336228e37958001f2c9b3d23f70d243f7fc55c1c1ef258dfac,2026-07-21T06:52:57+00:00,50,107,128,93,9.194,35.39999999999998,27,fit:9651d1dc645f82336228e37958001f2c9b3d23f70d243f7fc55c1c1ef258dfac:segment:003,3,5788.0,5705,activities/104_260721071628.csv,1,1,0,0
fit:9651d1dc645f82336228e37958001f2c9b3d23f70d243f7fc55c1c1ef258dfac,2026-07-21T06:52:58+00:00,51,91,128,92,9.224,35.39999999999998,27,fit:9651d1dc645f82336228e37958001f2c9b3d23f70d243f7fc55c1c1ef258dfac:segment:003,3,5789.0,5706,activities/104_260721071628.csv,1,1,0,0
fit:9651d1dc645f82336228e37958001f2c9b3d23f70d243f7fc55c1c1ef258dfac,2026-07-21T06:52:59+00:00,52,100,127,92,9.165,35.0,27,fit:9651d1dc645f82336228e37958001f2c9b3d23f70d243f7fc55c1c1ef258dfac:segment:003,3,5790.0,5707,activities/104_260721071628.csv,1,1,0,0
fit:9651d1dc645f82336228e37958001f2c9b3d23f70d243f7fc55c1c1ef258dfac,2026-07-21T06:53:00+00:00,53,195,127,93,9.158,35.0,27,fit:9651d1dc645f82336228e37958001f2c9b3d23f70d243f7fc55c1c1ef258dfac:segment:003,3,5791.0,5708,activities/104_260721071628.csv,1,1,0,0
fit:9651d1dc645f82336228e37958001f2c9b3d23f70d243f7fc55c1c1ef258dfac,2026-07-21T06:53:01+00:00,54,100,127,93,9.215,35.0,27,fit:9651d1dc645f82336228e37958001f2c9b3d23f70d243f7fc55c1c1ef258dfac:segment:003,3,5792.0,5709,activities/104_260721071628.csv,1,1,0,0
fit:9651d1dc645f82336228e37958001f2c9b3d23f70d243f7fc55c1c1ef258dfac,2026-07-21T06:53:02+00:00,55,92,127,94,9.201,35.0,27,fit:9651d1dc645f82336228e37958001f2c9b3d23f70d243f7fc55c1c1ef258dfac:segment:003,3,5793.0,5710,activities/104_260721071628.csv,1,1,0,0
fit:9651d1dc645f82336228e37958001f2c9b3d23f70d243f7fc55c1c1ef258dfac,2026-07-21T06:53:03+00:00,56,75,126,93,9.194,35.200000000000045,27,fit:9651d1dc645f82336228e37958001f2c9b3d23f70d243f7fc55c1c1ef258dfac:segment:003,3,5794.0,5711,activities/104_260721071628.csv,1,1,0,0
fit:9651d1dc645f82336228e37958001f2c9b3d23f70d243f7fc55c1c1ef258dfac,2026-07-21T06:53:04+00:00,57,79,126,93,9.209,35.200000000000045,27,fit:9651d1dc645f82336228e37958001f2c9b3d23f70d243f7fc55c1c1ef258dfac:segment:003,3,5795.0,5712,activities/104_260721071628.csv,1,1,0,0
fit:9651d1dc645f82336228e37958001f2c9b3d23f70d243f7fc55c1c1ef258dfac,2026-07-21T06:53:05+00:00,58,91,126,93,9.207,35.200000000000045,27,fit:9651d1dc645f82336228e37958001f2c9b3d23f70d243f7fc55c1c1ef258dfac:segment:003,3,5796.0,5713,activities/104_260721071628.csv,1,1,0,0
fit:9651d1dc645f82336228e37958001f2c9b3d23f70d243f7fc55c1c1ef258dfac,2026-07-21T06:53:06+00:00,59,96,126,93,9.217,35.200000000000045,27,fit:9651d1dc645f82336228e37958001f2c9b3d23f70d243f7fc55c1c1ef258dfac:segment:003,3,5797.0,5714,activities/104_260721071628.csv,1,1,0,0
fit:9651d1dc645f82336228e37958001f2c9b3d23f70d243f7fc55c1c1ef258dfac,2026-07-21T06:53:07+00:00,60,119,124,93,9.243,36.0,27,fit:9651d1dc645f82336228e37958001f2c9b3d23f70d243f7fc55c1c1ef258dfac:segment:003,3,5798.0,5715,activities/104_260721071628.csv,1,1,0,0
fit:9651d1dc645f82336228e37958001f2c9b3d23f70d243f7fc55c1c1ef258dfac,2026-07-21T06:53:08+00:00,61,127,123,94,9.215,36.0,27,fit:9651d1dc645f82336228e37958001f2c9b3d23f70d243f7fc55c1c1ef258dfac:segment:003,3,5799.0,5716,activities/104_260721071628.csv,1,1,0,0
fit:9651d1dc645f82336228e37958001f2c9b3d23f70d243f7fc55c1c1ef258dfac,2026-07-21T06:53:09+00:00,62,128,121,94,9.236,36.0,27,fit:9651d1dc645f82336228e37958001f2c9b3d23f70d243f7fc55c1c1ef258dfac:segment:003,3,5800.0,5717,activities/104_260721071628.csv,1,1,0,0
fit:9651d1dc645f82336228e37958001f2c9b3d23f70d243f7fc55c1c1ef258dfac,2026-07-21T06:53:10+00:00,63,131,120,95,9.313,36.0,27,fit:9651d1dc645f82336228e37958001f2c9b3d23f70d243f7fc55c1c1ef258dfac:segment:003,3,5801.0,5718,activities/104_260721071628.csv,1,1,0,0
fit:9651d1dc645f82336228e37958001f2c9b3d23f70d243f7fc55c1c1ef258dfac,2026-07-21T06:53:11+00:00,64,120,119,95,9.399,35.200000000000045,27,fit:9651d1dc645f82336228e37958001f2c9b3d23f70d243f7fc55c1c1ef258dfac:segment:003,3,5802.0,5719,activities/104_260721071628.csv,1,1,0,0
fit:9651d1dc645f82336228e37958001f2c9b3d23f70d243f7fc55c1c1ef258dfac,2026-07-21T06:53:12+00:00,65,131,118,96,9.492,35.200000000000045,27,fit:9651d1dc645f82336228e37958001f2c9b3d23f70d243f7fc55c1c1ef258dfac:segment:003,3,5803.0,5720,activities/104_260721071628.csv,1,1,0,0
fit:9651d1dc645f82336228e37958001f2c9b3d23f70d243f7fc55c1c1ef258dfac,2026-07-21T06:53:13+00:00,66,133,117,97,9.5,35.200000000000045,27,fit:9651d1dc645f82336228e37958001f2c9b3d23f70d243f7fc55c1c1ef258dfac:segment:003,3,5804.0,5721,activities/104_260721071628.csv,1,1,0,0
fit:9651d1dc645f82336228e37958001f2c9b3d23f70d243f7fc55c1c1ef258dfac,2026-07-21T06:53:14+00:00,67,133,117,97,9.571,35.200000000000045,27,fit:9651d1dc645f82336228e37958001f2c9b3d23f70d243f7fc55c1c1ef258dfac:segment:003,3,5805.0,5722,activities/104_260721071628.csv,1,1,0,0
fit:9651d1dc645f82336228e37958001f2c9b3d23f70d243f7fc55c1c1ef258dfac,2026-07-21T06:53:15+00:00,68,135,116,97,9.657,35.0,27,fit:9651d1dc645f82336228e37958001f2c9b3d23f70d243f7fc55c1c1ef258dfac:segment:003,3,5806.0,5723,activities/104_260721071628.csv,1,1,0,0
fit:9651d1dc645f82336228e37958001f2c9b3d23f70d243f7fc55c1c1ef258dfac,2026-07-21T06:53:16+00:00,69,128,116,97,9.613,35.0,27,fit:9651d1dc645f82336228e37958001f2c9b3d23f70d243f7fc55c1c1ef258dfac:segment:003,3,5807.0,5724,activities/104_260721071628.csv,1,1,0,0
fit:9651d1dc645f82336228e37958001f2c9b3d23f70d243f7fc55c1c1ef258dfac,2026-07-21T06:53:17+00:00,70,129,116,97,9.693,35.0,27,fit:9651d1dc645f82336228e37958001f2c9b3d23f70d243f7fc55c1c1ef258dfac:segment:003,3,5808.0,5725,activities/104_260721071628.csv,1,1,0,0
fit:9651d1dc645f82336228e37958001f2c9b3d23f70d243f7fc55c1c1ef258dfac,2026-07-21T06:53:18+00:00,71,129,116,97,9.608,35.0,27,fit:9651d1dc645f82336228e37958001f2c9b3d23f70d243f7fc55c1c1ef258dfac:segment:003,3,5809.0,5726,activities/104_260721071628.csv,1,1,0,0
fit:9651d1dc645f82336228e37958001f2c9b3d23f70d243f7fc55c1c1ef258dfac,2026-07-21T06:53:19+00:00,72,129,115,37,9.504,35.200000000000045,27,fit:9651d1dc645f82336228e37958001f2c9b3d23f70d243f7fc55c1c1ef258dfac:segment:003,3,5810.0,5727,activities/104_260721071628.csv,1,1,0,0
fit:9651d1dc645f82336228e37958001f2c9b3d23f70d243f7fc55c1c1ef258dfac,2026-07-21T06:53:20+00:00,73,116,115,35,9.341,35.200000000000045,27,fit:9651d1dc645f82336228e37958001f2c9b3d23f70d243f7fc55c1c1ef258dfac:segment:003,3,5811.0,5728,activities/104_260721071628.csv,1,1,0,0
fit:9651d1dc645f82336228e37958001f2c9b3d23f70d243f7fc55c1c1ef258dfac,2026-07-21T06:53:21+00:00,74,105,115,33,9.16,35.200000000000045,27,fit:9651d1dc645f82336228e37958001f2c9b3d23f70d243f7fc55c1c1ef258dfac:segment:003,3,5812.0,5729,activities/104_260721071628.csv,1,1,0,0
fit:9651d1dc645f82336228e37958001f2c9b3d23f70d243f7fc55c1c1ef258dfac,2026-07-21T06:53:22+00:00,75,95,115,31,9.038,35.200000000000045,27,fit:9651d1dc645f82336228e37958001f2c9b3d23f70d243f7fc55c1c1ef258dfac:segment:003,3,5813.0,5730,activities/104_260721071628.csv,1,1,0,0
fit:9651d1dc645f82336228e37958001f2c9b3d23f70d243f7fc55c1c1ef258dfac,2026-07-21T06:53:23+00:00,76,6,114,0,8.93,35.0,27,fit:9651d1dc645f82336228e37958001f2c9b3d23f70d243f7fc55c1c1ef258dfac:segment:003,3,5814.0,5731,activities/104_260721071628.csv,1,1,0,0
fit:9651d1dc645f82336228e37958001f2c9b3d23f70d243f7fc55c1c1ef258dfac,2026-07-21T06:53:24+00:00,77,6,114,0,8.771,35.0,27,fit:9651d1dc645f82336228e37958001f2c9b3d23f70d243f7fc55c1c1ef258dfac:segment:003,3,5815.0,5732,activities/104_260721071628.csv,1,1,0,0
fit:9651d1dc645f82336228e37958001f2c9b3d23f70d243f7fc55c1c1ef258dfac,2026-07-21T06:53:25+00:00,78,6,113,0,8.607,35.0,27,fit:9651d1dc645f82336228e37958001f2c9b3d23f70d243f7fc55c1c1ef258dfac:segment:003,3,5816.0,5733,activities/104_260721071628.csv,1,1,0,0
fit:9651d1dc645f82336228e37958001f2c9b3d23f70d243f7fc55c1c1ef258dfac,2026-07-21T06:53:26+00:00,79,6,112,0,8.305,35.0,27,fit:9651d1dc645f82336228e37958001f2c9b3d23f70d243f7fc55c1c1ef258dfac:segment:003,3,5817.0,5734,activities/104_260721071628.csv,1,1,0,0
fit:9651d1dc645f82336228e37958001f2c9b3d23f70d243f7fc55c1c1ef258dfac,2026-07-21T06:53:27+00:00,80,94,112,58,8.351,34.39999999999998,27,fit:9651d1dc645f82336228e37958001f2c9b3d23f70d243f7fc55c1c1ef258dfac:segment:003,3,5818.0,5735,activities/104_260721071628.csv,1,1,0,0
fit:9651d1dc645f82336228e37958001f2c9b3d23f70d243f7fc55c1c1ef258dfac,2026-07-21T06:53:28+00:00,81,135,111,89,8.518,34.39999999999998,27,fit:9651d1dc645f82336228e37958001f2c9b3d23f70d243f7fc55c1c1ef258dfac:segment:003,3,5819.0,5736,activities/104_260721071628.csv,1,1,0,0
fit:9651d1dc645f82336228e37958001f2c9b3d23f70d243f7fc55c1c1ef258dfac,2026-07-21T06:53:29+00:00,82,143,111,91,8.79,34.39999999999998,27,fit:9651d1dc645f82336228e37958001f2c9b3d23f70d243f7fc55c1c1ef258dfac:segment:003,3,5820.0,5737,activities/104_260721071628.csv,1,1,0,0
fit:9651d1dc645f82336228e37958001f2c9b3d23f70d243f7fc55c1c1ef258dfac,2026-07-21T06:53:30+00:00,83,164,111,82,8.947,34.39999999999998,27,fit:9651d1dc645f82336228e37958001f2c9b3d23f70d243f7fc55c1c1ef258dfac:segment:003,3,5821.0,5738,activities/104_260721071628.csv,1,1,0,0
fit:9651d1dc645f82336228e37958001f2c9b3d23f70d243f7fc55c1c1ef258dfac,2026-07-21T06:53:31+00:00,84,144,110,96,9.125,34.0,27,fit:9651d1dc645f82336228e37958001f2c9b3d23f70d243f7fc55c1c1ef258dfac:segment:003,3,5822.0,5739,activities/104_260721071628.csv,1,1,0,0
fit:9651d1dc645f82336228e37958001f2c9b3d23f70d243f7fc55c1c1ef258dfac,2026-07-21T06:53:32+00:00,85,128,110,97,9.341,34.0,27,fit:9651d1dc645f82336228e37958001f2c9b3d23f70d243f7fc55c1c1ef258dfac:segment:003,3,5823.0,5740,activities/104_260721071628.csv,1,1,0,0
fit:9651d1dc645f82336228e37958001f2c9b3d23f70d243f7fc55c1c1ef258dfac,2026-07-21T06:53:33+00:00,86,130,110,97,9.563,34.0,27,fit:9651d1dc645f82336228e37958001f2c9b3d23f70d243f7fc55c1c1ef258dfac:segment:003,3,5824.0,5741,activities/104_260721071628.csv,1,1,0,0
fit:9651d1dc645f82336228e37958001f2c9b3d23f70d243f7fc55c1c1ef258dfac,2026-07-21T06:53:34+00:00,87,125,110,97,9.533,33.0,27,fit:9651d1dc645f82336228e37958001f2c9b3d23f70d243f7fc55c1c1ef258dfac:segment:003,3,5825.0,5742,activities/104_260721071628.csv,1,1,0,0
fit:9651d1dc645f82336228e37958001f2c9b3d23f70d243f7fc55c1c1ef258dfac,2026-07-21T06:53:35+00:00,88,129,110,98,9.592,33.200000000000045,27,fit:9651d1dc645f82336228e37958001f2c9b3d23f70d243f7fc55c1c1ef258dfac:segment:003,3,5826.0,5743,activities/104_260721071628.csv,1,1,0,0
fit:9651d1dc645f82336228e37958001f2c9b3d23f70d243f7fc55c1c1ef258dfac,2026-07-21T06:53:36+00:00,89,129,110,98,9.628,33.200000000000045,27,fit:9651d1dc645f82336228e37958001f2c9b3d23f70d243f7fc55c1c1ef258dfac:segment:003,3,5827.0,5744,activities/104_260721071628.csv,1,1,0,0
fit:9651d1dc645f82336228e37958001f2c9b3d23f70d243f7fc55c1c1ef258dfac,2026-07-21T06:53:37+00:00,90,99,110,98,9.634,33.200000000000045,27,fit:9651d1dc645f82336228e37958001f2c9b3d23f70d243f7fc55c1c1ef258dfac:segment:003,3,5828.0,5745,activities/104_260721071628.csv,1,1,0,0
fit:9651d1dc645f82336228e37958001f2c9b3d23f70d243f7fc55c1c1ef258dfac,2026-07-21T06:53:38+00:00,91,85,110,98,9.613,33.200000000000045,27,fit:9651d1dc645f82336228e37958001f2c9b3d23f70d243f7fc55c1c1ef258dfac:segment:003,3,5829.0,5746,activities/104_260721071628.csv,1,1,0,0
fit:9651d1dc645f82336228e37958001f2c9b3d23f70d243f7fc55c1c1ef258dfac,2026-07-21T06:53:39+00:00,92,89,110,98,9.627,33.39999999999998,27,fit:9651d1dc645f82336228e37958001f2c9b3d23f70d243f7fc55c1c1ef258dfac:segment:003,3,5830.0,5747,activities/104_260721071628.csv,1,1,0,0
fit:9651d1dc645f82336228e37958001f2c9b3d23f70d243f7fc55c1c1ef258dfac,2026-07-21T06:53:40+00:00,93,97,110,99,9.722,33.39999999999998,27,fit:9651d1dc645f82336228e37958001f2c9b3d23f70d243f7fc55c1c1ef258dfac:segment:003,3,5831.0,5748,activities/104_260721071628.csv,1,1,0,0
fit:9651d1dc645f82336228e37958001f2c9b3d23f70d243f7fc55c1c1ef258dfac,2026-07-21T06:53:41+00:00,94,95,110,98,9.717,33.39999999999998,27,fit:9651d1dc645f82336228e37958001f2c9b3d23f70d243f7fc55c1c1ef258dfac:segment:003,3,5832.0,5749,activities/104_260721071628.csv,1,1,0,0
fit:9651d1dc645f82336228e37958001f2c9b3d23f70d243f7fc55c1c1ef258dfac,2026-07-21T06:53:42+00:00,95,126,110,96,9.586,33.39999999999998,27,fit:9651d1dc645f82336228e37958001f2c9b3d23f70d243f7fc55c1c1ef258dfac:segment:003,3,5833.0,5750,activities/104_260721071628.csv,1,1,0,0
fit:9651d1dc645f82336228e37958001f2c9b3d23f70d243f7fc55c1c1ef258dfac,2026-07-21T06:53:43+00:00,96,106,111,96,9.571,34.0,27,fit:9651d1dc645f82336228e37958001f2c9b3d23f70d243f7fc55c1c1ef258dfac:segment:003,3,5834.0,5751,activities/104_260721071628.csv,1,1,0,0
fit:9651d1dc645f82336228e37958001f2c9b3d23f70d243f7fc55c1c1ef258dfac,2026-07-21T06:53:44+00:00,97,109,111,95,9.508,34.0,27,fit:9651d1dc645f82336228e37958001f2c9b3d23f70d243f7fc55c1c1ef258dfac:segment:003,3,5835.0,5752,activities/104_260721071628.csv,1,1,0,0
fit:9651d1dc645f82336228e37958001f2c9b3d23f70d243f7fc55c1c1ef258dfac,2026-07-21T06:53:45+00:00,98,109,111,94,9.411,34.0,27,fit:9651d1dc645f82336228e37958001f2c9b3d23f70d243f7fc55c1c1ef258dfac:segment:003,3,5836.0,5753,activities/104_260721071628.csv,1,1,0,0
fit:9651d1dc645f82336228e37958001f2c9b3d23f70d243f7fc55c1c1ef258dfac,2026-07-21T06:53:46+00:00,99,116,111,94,9.332,33.60000000000002,27,fit:9651d1dc645f82336228e37958001f2c9b3d23f70d243f7fc55c1c1ef258dfac:segment:003,3,5837.0,5754,activities/104_260721071628.csv,1,1,0,0
fit:9651d1dc645f82336228e37958001f2c9b3d23f70d243f7fc55c1c1ef258dfac,2026-07-21T06:53:47+00:00,100,113,111,95,9.309,33.60000000000002,27,fit:9651d1dc645f82336228e37958001f2c9b3d23f70d243f7fc55c1c1ef258dfac:segment:003,3,5838.0,5755,activities/104_260721071628.csv,1,1,0,0
fit:9651d1dc645f82336228e37958001f2c9b3d23f70d243f7fc55c1c1ef258dfac,2026-07-21T06:53:48+00:00,101,114,111,95,9.364,33.60000000000002,27,fit:9651d1dc645f82336228e37958001f2c9b3d23f70d243f7fc55c1c1ef258dfac:segment:003,3,5839.0,5756,activities/104_260721071628.csv,1,1,0,0
fit:9651d1dc645f82336228e37958001f2c9b3d23f70d243f7fc55c1c1ef258dfac,2026-07-21T06:53:49+00:00,102,113,111,95,9.363,33.60000000000002,27,fit:9651d1dc645f82336228e37958001f2c9b3d23f70d243f7fc55c1c1ef258dfac:segment:003,3,5840.0,5757,activities/104_260721071628.csv,1,1,0,0
fit:9651d1dc645f82336228e37958001f2c9b3d23f70d243f7fc55c1c1ef258dfac,2026-07-21T06:53:50+00:00,103,107,110,96,9.363,33.60000000000002,27,fit:9651d1dc645f82336228e37958001f2c9b3d23f70d243f7fc55c1c1ef258dfac:segment:003,3,5841.0,5758,activities/104_260721071628.csv,1,1,0,0
fit:9651d1dc645f82336228e37958001f2c9b3d23f70d243f7fc55c1c1ef258dfac,2026-07-21T06:53:51+00:00,104,101,110,97,9.387,33.39999999999998,27,fit:9651d1dc645f82336228e37958001f2c9b3d23f70d243f7fc55c1c1ef258dfac:segment:003,3,5842.0,5759,activities/104_260721071628.csv,1,1,0,0
fit:9651d1dc645f82336228e37958001f2c9b3d23f70d243f7fc55c1c1ef258dfac,2026-07-21T06:53:52+00:00,105,100,109,98,9.404,33.39999999999998,27,fit:9651d1dc645f82336228e37958001f2c9b3d23f70d243f7fc55c1c1ef258dfac:segment:003,3,5843.0,5760,activities/104_260721071628.csv,1,1,0,0
fit:9651d1dc645f82336228e37958001f2c9b3d23f70d243f7fc55c1c1ef258dfac,2026-07-21T06:53:53+00:00,106,152,109,99,9.475,33.39999999999998,27,fit:9651d1dc645f82336228e37958001f2c9b3d23f70d243f7fc55c1c1ef258dfac:segment:003,3,5844.0,5761,activities/104_260721071628.csv,1,1,0,0
fit:9651d1dc645f82336228e37958001f2c9b3d23f70d243f7fc55c1c1ef258dfac,2026-07-21T06:53:54+00:00,107,110,108,99,9.574,33.39999999999998,27,fit:9651d1dc645f82336228e37958001f2c9b3d23f70d243f7fc55c1c1ef258dfac:segment:003,3,5845.0,5762,activities/104_260721071628.csv,1,1,0,0
fit:9651d1dc645f82336228e37958001f2c9b3d23f70d243f7fc55c1c1ef258dfac,2026-07-21T06:53:55+00:00,108,111,108,100,9.642,33.39999999999998,27,fit:9651d1dc645f82336228e37958001f2c9b3d23f70d243f7fc55c1c1ef258dfac:segment:003,3,5846.0,5763,activities/104_260721071628.csv,1,1,0,0
fit:9651d1dc645f82336228e37958001f2c9b3d23f70d243f7fc55c1c1ef258dfac,2026-07-21T06:53:56+00:00,109,106,108,101,9.766,33.0,27,fit:9651d1dc645f82336228e37958001f2c9b3d23f70d243f7fc55c1c1ef258dfac:segment:003,3,5847.0,5764,activities/104_260721071628.csv,1,1,0,0
fit:9651d1dc645f82336228e37958001f2c9b3d23f70d243f7fc55c1c1ef258dfac,2026-07-21T06:53:57+00:00,110,126,109,102,9.891,33.0,27,fit:9651d1dc645f82336228e37958001f2c9b3d23f70d243f7fc55c1c1ef258dfac:segment:003,3,5848.0,5765,activities/104_260721071628.csv,1,1,0,0
fit:9651d1dc645f82336228e37958001f2c9b3d23f70d243f7fc55c1c1ef258dfac,2026-07-21T06:53:58+00:00,111,126,109,102,9.995,33.0,27,fit:9651d1dc645f82336228e37958001f2c9b3d23f70d243f7fc55c1c1ef258dfac:segment:003,3,5849.0,5766,activities/104_260721071628.csv,1,1,0,0
fit:9651d1dc645f82336228e37958001f2c9b3d23f70d243f7fc55c1c1ef258dfac,2026-07-21T06:53:59+00:00,112,95,110,102,10.129,33.0,27,fit:9651d1dc645f82336228e37958001f2c9b3d23f70d243f7fc55c1c1ef258dfac:segment:003,3,5850.0,5767,activities/104_260721071628.csv,1,1,0,0
fit:9651d1dc645f82336228e37958001f2c9b3d23f70d243f7fc55c1c1ef258dfac,2026-07-21T06:54:00+00:00,113,109,111,102,10.141,32.60000000000002,27,fit:9651d1dc645f82336228e37958001f2c9b3d23f70d243f7fc55c1c1ef258dfac:segment:003,3,5851.0,5768,activities/104_260721071628.csv,1,1,0,0
fit:9651d1dc645f82336228e37958001f2c9b3d23f70d243f7fc55c1c1ef258dfac,2026-07-21T06:54:01+00:00,114,100,111,102,10.206,32.60000000000002,27,fit:9651d1dc645f82336228e37958001f2c9b3d23f70d243f7fc55c1c1ef258dfac:segment:003,3,5852.0,5769,activities/104_260721071628.csv,1,1,0,0
fit:9651d1dc645f82336228e37958001f2c9b3d23f70d243f7fc55c1c1ef258dfac,2026-07-21T06:54:02+00:00,115,96,112,101,10.079,32.60000000000002,27,fit:9651d1dc645f82336228e37958001f2c9b3d23f70d243f7fc55c1c1ef258dfac:segment:003,3,5853.0,5770,activities/104_260721071628.csv,1,1,0,0
fit:9651d1dc645f82336228e37958001f2c9b3d23f70d243f7fc55c1c1ef258dfac,2026-07-21T06:54:03+00:00,116,77,112,100,10.127,32.60000000000002,27,fit:9651d1dc645f82336228e37958001f2c9b3d23f70d243f7fc55c1c1ef258dfac:segment:003,3,5854.0,5771,activities/104_260721071628.csv,1,1,0,0
fit:9651d1dc645f82336228e37958001f2c9b3d23f70d243f7fc55c1c1ef258dfac,2026-07-21T06:54:04+00:00,117,81,113,100,9.976,32.799999999999955,27,fit:9651d1dc645f82336228e37958001f2c9b3d23f70d243f7fc55c1c1ef258dfac:segment:003,3,5855.0,5772,activities/104_260721071628.csv,1,1,0,0
fit:9651d1dc645f82336228e37958001f2c9b3d23f70d243f7fc55c1c1ef258dfac,2026-07-21T06:54:05+00:00,118,92,113,99,9.89,32.799999999999955,27,fit:9651d1dc645f82336228e37958001f2c9b3d23f70d243f7fc55c1c1ef258dfac:segment:003,3,5856.0,5773,activities/104_260721071628.csv,1,1,0,0
fit:9651d1dc645f82336228e37958001f2c9b3d23f70d243f7fc55c1c1ef258dfac,2026-07-21T06:54:06+00:00,119,95,113,98,9.759,32.799999999999955,27,fit:9651d1dc645f82336228e37958001f2c9b3d23f70d243f7fc55c1c1ef258dfac:segment:003,3,5857.0,5774,activities/104_260721071628.csv,1,1,0,0
fit:9651d1dc645f82336228e37958001f2c9b3d23f70d243f7fc55c1c1ef258dfac,2026-07-21T06:54:07+00:00,120,86,113,96,9.646,32.60000000000002,27,fit:9651d1dc645f82336228e37958001f2c9b3d23f70d243f7fc55c1c1ef258dfac:segment:003,3,5858.0,5775,activities/104_260721071628.csv,1,1,0,0
fit:9651d1dc645f82336228e37958001f2c9b3d23f70d243f7fc55c1c1ef258dfac,2026-07-21T06:54:08+00:00,121,88,113,91,9.366,32.39999999999998,27,fit:9651d1dc645f82336228e37958001f2c9b3d23f70d243f7fc55c1c1ef258dfac:segment:003,3,5859.0,5776,activities/104_260721071628.csv,1,1,0,0
fit:9651d1dc645f82336228e37958001f2c9b3d23f70d243f7fc55c1c1ef258dfac,2026-07-21T06:54:09+00:00,122,89,112,91,9.066,32.39999999999998,27,fit:9651d1dc645f82336228e37958001f2c9b3d23f70d243f7fc55c1c1ef258dfac:segment:003,3,5860.0,5777,activities/104_260721071628.csv,1,1,0,0
fit:9651d1dc645f82336228e37958001f2c9b3d23f70d243f7fc55c1c1ef258dfac,2026-07-21T06:54:10+00:00,123,89,112,91,8.843,32.39999999999998,27,fit:9651d1dc645f82336228e37958001f2c9b3d23f70d243f7fc55c1c1ef258dfac:segment:003,3,5861.0,5778,activities/104_260721071628.csv,1,1,0,0
fit:9651d1dc645f82336228e37958001f2c9b3d23f70d243f7fc55c1c1ef258dfac,2026-07-21T06:54:11+00:00,124,21,111,20,8.714,33.39999999999998,27,fit:9651d1dc645f82336228e37958001f2c9b3d23f70d243f7fc55c1c1ef258dfac:segment:003,3,5862.0,5779,activities/104_260721071628.csv,1,1,0,0
fit:9651d1dc645f82336228e37958001f2c9b3d23f70d243f7fc55c1c1ef258dfac,2026-07-21T06:54:12+00:00,125,100,109,94,8.923,33.200000000000045,27,fit:9651d1dc645f82336228e37958001f2c9b3d23f70d243f7fc55c1c1ef258dfac:segment:003,3,5863.0,5780,activities/104_260721071628.csv,1,1,0,0
fit:9651d1dc645f82336228e37958001f2c9b3d23f70d243f7fc55c1c1ef258dfac,2026-07-21T06:54:13+00:00,126,92,109,97,9.135,33.200000000000045,27,fit:9651d1dc645f82336228e37958001f2c9b3d23f70d243f7fc55c1c1ef258dfac:segment:003,3,5864.0,5781,activities/104_260721071628.csv,1,1,0,0
fit:9651d1dc645f82336228e37958001f2c9b3d23f70d243f7fc55c1c1ef258dfac,2026-07-21T06:54:14+00:00,127,94,108,98,9.487,33.200000000000045,27,fit:9651d1dc645f82336228e37958001f2c9b3d23f70d243f7fc55c1c1ef258dfac:segment:003,3,5865.0,5782,activities/104_260721071628.csv,1,1,0,0
fit:9651d1dc645f82336228e37958001f2c9b3d23f70d243f7fc55c1c1ef258dfac,2026-07-21T06:54:15+00:00,128,104,107,100,9.645,32.200000000000045,27,fit:9651d1dc645f82336228e37958001f2c9b3d23f70d243f7fc55c1c1ef258dfac:segment:003,3,5866.0,5783,activities/104_260721071628.csv,1,1,0,0
fit:9651d1dc645f82336228e37958001f2c9b3d23f70d243f7fc55c1c1ef258dfac,2026-07-21T06:54:16+00:00,129,92,106,100,9.831,31.600000000000023,27,fit:9651d1dc645f82336228e37958001f2c9b3d23f70d243f7fc55c1c1ef258dfac:segment:003,3,5867.0,5784,activities/104_260721071628.csv,1,1,0,0
fit:9651d1dc645f82336228e37958001f2c9b3d23f70d243f7fc55c1c1ef258dfac,2026-07-21T06:54:17+00:00,130,89,105,100,9.977,31.600000000000023,27,fit:9651d1dc645f82336228e37958001f2c9b3d23f70d243f7fc55c1c1ef258dfac:segment:003,3,5868.0,5785,activities/104_260721071628.csv,1,1,0,0
fit:9651d1dc645f82336228e37958001f2c9b3d23f70d243f7fc55c1c1ef258dfac,2026-07-21T06:54:18+00:00,131,97,105,100,9.91,31.600000000000023,27,fit:9651d1dc645f82336228e37958001f2c9b3d23f70d243f7fc55c1c1ef258dfac:segment:003,3,5869.0,5786,activities/104_260721071628.csv,1,1,0,0
fit:9651d1dc645f82336228e37958001f2c9b3d23f70d243f7fc55c1c1ef258dfac,2026-07-21T06:54:19+00:00,132,111,105,100,9.969,31.600000000000023,27,fit:9651d1dc645f82336228e37958001f2c9b3d23f70d243f7fc55c1c1ef258dfac:segment:003,3,5870.0,5787,activities/104_260721071628.csv,1,1,0,0
fit:9651d1dc645f82336228e37958001f2c9b3d23f70d243f7fc55c1c1ef258dfac,2026-07-21T06:54:20+00:00,133,111,105,100,9.969,31.399999999999977,27,fit:9651d1dc645f82336228e37958001f2c9b3d23f70d243f7fc55c1c1ef258dfac:segment:003,3,5871.0,5788,activities/104_260721071628.csv,1,1,0,0
fit:9651d1dc645f82336228e37958001f2c9b3d23f70d243f7fc55c1c1ef258dfac,2026-07-21T06:54:21+00:00,134,104,105,100,10.052,31.399999999999977,27,fit:9651d1dc645f82336228e37958001f2c9b3d23f70d243f7fc55c1c1ef258dfac:segment:003,3,5872.0,5789,activities/104_260721071628.csv,1,1,0,0
fit:9651d1dc645f82336228e37958001f2c9b3d23f70d243f7fc55c1c1ef258dfac,2026-07-21T06:54:22+00:00,135,108,105,101,10.025,31.399999999999977,27,fit:9651d1dc645f82336228e37958001f2c9b3d23f70d243f7fc55c1c1ef258dfac:segment:003,3,5873.0,5790,activities/104_260721071628.csv,1,1,0,0
fit:9651d1dc645f82336228e37958001f2c9b3d23f70d243f7fc55c1c1ef258dfac,2026-07-21T06:54:23+00:00,136,99,105,100,9.995,31.600000000000023,27,fit:9651d1dc645f82336228e37958001f2c9b3d23f70d243f7fc55c1c1ef258dfac:segment:003,3,5874.0,5791,activities/104_260721071628.csv,1,1,0,0
fit:9651d1dc645f82336228e37958001f2c9b3d23f70d243f7fc55c1c1ef258dfac,2026-07-21T06:54:24+00:00,137,116,104,99,9.957,31.600000000000023,27,fit:9651d1dc645f82336228e37958001f2c9b3d23f70d243f7fc55c1c1ef258dfac:segment:003,3,5875.0,5792,activities/104_260721071628.csv,1,1,0,0
fit:9651d1dc645f82336228e37958001f2c9b3d23f70d243f7fc55c1c1ef258dfac,2026-07-21T06:54:25+00:00,138,122,104,98,9.853,31.600000000000023,27,fit:9651d1dc645f82336228e37958001f2c9b3d23f70d243f7fc55c1c1ef258dfac:segment:003,3,5876.0,5793,activities/104_260721071628.csv,1,1,0,0
fit:9651d1dc645f82336228e37958001f2c9b3d23f70d243f7fc55c1c1ef258dfac,2026-07-21T06:54:26+00:00,139,121,103,97,9.708,31.600000000000023,27,fit:9651d1dc645f82336228e37958001f2c9b3d23f70d243f7fc55c1c1ef258dfac:segment:003,3,5877.0,5794,activities/104_260721071628.csv,1,1,0,0
fit:9651d1dc645f82336228e37958001f2c9b3d23f70d243f7fc55c1c1ef258dfac,2026-07-21T06:54:27+00:00,140,129,103,96,9.644,31.600000000000023,27,fit:9651d1dc645f82336228e37958001f2c9b3d23f70d243f7fc55c1c1ef258dfac:segment:003,3,5878.0,5795,activities/104_260721071628.csv,1,1,0,0
fit:9651d1dc645f82336228e37958001f2c9b3d23f70d243f7fc55c1c1ef258dfac,2026-07-21T06:54:28+00:00,141,130,103,96,9.561,31.600000000000023,27,fit:9651d1dc645f82336228e37958001f2c9b3d23f70d243f7fc55c1c1ef258dfac:segment:003,3,5879.0,5796,activities/104_260721071628.csv,1,1,0,0
fit:9651d1dc645f82336228e37958001f2c9b3d23f70d243f7fc55c1c1ef258dfac,2026-07-21T06:54:29+00:00,142,183,103,90,9.44,31.600000000000023,27,fit:9651d1dc645f82336228e37958001f2c9b3d23f70d243f7fc55c1c1ef258dfac:segment:003,3,5880.0,5797,activities/104_260721071628.csv,1,1,0,0
fit:9651d1dc645f82336228e37958001f2c9b3d23f70d243f7fc55c1c1ef258dfac,2026-07-21T06:54:30+00:00,143,179,103,85,9.381,31.600000000000023,27,fit:9651d1dc645f82336228e37958001f2c9b3d23f70d243f7fc55c1c1ef258dfac:segment:003,3,5881.0,5798,activities/104_260721071628.csv,1,1,0,0
fit:9651d1dc645f82336228e37958001f2c9b3d23f70d243f7fc55c1c1ef258dfac,2026-07-21T06:54:31+00:00,144,152,104,85,9.461,31.600000000000023,27,fit:9651d1dc645f82336228e37958001f2c9b3d23f70d243f7fc55c1c1ef258dfac:segment:003,3,5882.0,5799,activities/104_260721071628.csv,1,1,0,0
fit:9651d1dc645f82336228e37958001f2c9b3d23f70d243f7fc55c1c1ef258dfac,2026-07-21T06:54:32+00:00,145,131,104,85,9.415,31.600000000000023,27,fit:9651d1dc645f82336228e37958001f2c9b3d23f70d243f7fc55c1c1ef258dfac:segment:003,3,5883.0,5800,activities/104_260721071628.csv,1,1,0,0
fit:9651d1dc645f82336228e37958001f2c9b3d23f70d243f7fc55c1c1ef258dfac,2026-07-21T06:54:33+00:00,146,143,106,85,9.057,31.600000000000023,27,fit:9651d1dc645f82336228e37958001f2c9b3d23f70d243f7fc55c1c1ef258dfac:segment:003,3,5884.0,5801,activities/104_260721071628.csv,1,1,0,0
fit:9651d1dc645f82336228e37958001f2c9b3d23f70d243f7fc55c1c1ef258dfac,2026-07-21T06:54:34+00:00,147,143,107,85,9.221,31.600000000000023,27,fit:9651d1dc645f82336228e37958001f2c9b3d23f70d243f7fc55c1c1ef258dfac:segment:003,3,5885.0,5802,activities/104_260721071628.csv,1,1,0,0
fit:9651d1dc645f82336228e37958001f2c9b3d23f70d243f7fc55c1c1ef258dfac,2026-07-21T06:54:35+00:00,148,202,108,86,9.375,31.600000000000023,27,fit:9651d1dc645f82336228e37958001f2c9b3d23f70d243f7fc55c1c1ef258dfac:segment:003,3,5886.0,5803,activities/104_260721071628.csv,1,1,0,0
fit:9651d1dc645f82336228e37958001f2c9b3d23f70d243f7fc55c1c1ef258dfac,2026-07-21T06:54:36+00:00,149,141,110,86,9.465,31.399999999999977,27,fit:9651d1dc645f82336228e37958001f2c9b3d23f70d243f7fc55c1c1ef258dfac:segment:003,3,5887.0,5804,activities/104_260721071628.csv,1,1,0,0
fit:9651d1dc645f82336228e37958001f2c9b3d23f70d243f7fc55c1c1ef258dfac,2026-07-21T06:54:37+00:00,150,137,111,87,9.452,31.399999999999977,27,fit:9651d1dc645f82336228e37958001f2c9b3d23f70d243f7fc55c1c1ef258dfac:segment:003,3,5888.0,5805,activities/104_260721071628.csv,1,1,0,0
fit:9651d1dc645f82336228e37958001f2c9b3d23f70d243f7fc55c1c1ef258dfac,2026-07-21T06:54:38+00:00,151,131,113,87,9.588,31.399999999999977,27,fit:9651d1dc645f82336228e37958001f2c9b3d23f70d243f7fc55c1c1ef258dfac:segment:003,3,5889.0,5806,activities/104_260721071628.csv,1,1,0,0
fit:9651d1dc645f82336228e37958001f2c9b3d23f70d243f7fc55c1c1ef258dfac,2026-07-21T06:54:39+00:00,152,124,114,87,9.653,31.399999999999977,27,fit:9651d1dc645f82336228e37958001f2c9b3d23f70d243f7fc55c1c1ef258dfac:segment:003,3,5890.0,5807,activities/104_260721071628.csv,1,1,0,0
fit:9651d1dc645f82336228e37958001f2c9b3d23f70d243f7fc55c1c1ef258dfac,2026-07-21T06:54:40+00:00,153,135,115,87,9.721,30.799999999999955,27,fit:9651d1dc645f82336228e37958001f2c9b3d23f70d243f7fc55c1c1ef258dfac:segment:003,3,5891.0,5808,activities/104_260721071628.csv,1,1,0,0
fit:9651d1dc645f82336228e37958001f2c9b3d23f70d243f7fc55c1c1ef258dfac,2026-07-21T06:54:41+00:00,154,140,115,87,9.703,30.799999999999955,27,fit:9651d1dc645f82336228e37958001f2c9b3d23f70d243f7fc55c1c1ef258dfac:segment:003,3,5892.0,5809,activities/104_260721071628.csv,1,1,0,0
fit:9651d1dc645f82336228e37958001f2c9b3d23f70d243f7fc55c1c1ef258dfac,2026-07-21T06:54:42+00:00,155,141,116,87,9.736,30.799999999999955,27,fit:9651d1dc645f82336228e37958001f2c9b3d23f70d243f7fc55c1c1ef258dfac:segment:003,3,5893.0,5810,activities/104_260721071628.csv,1,1,0,0
fit:9651d1dc645f82336228e37958001f2c9b3d23f70d243f7fc55c1c1ef258dfac,2026-07-21T06:54:43+00:00,156,152,116,87,9.708,31.0,27,fit:9651d1dc645f82336228e37958001f2c9b3d23f70d243f7fc55c1c1ef258dfac:segment:003,3,5894.0,5811,activities/104_260721071628.csv,1,1,0,0
fit:9651d1dc645f82336228e37958001f2c9b3d23f70d243f7fc55c1c1ef258dfac,2026-07-21T06:54:44+00:00,157,142,116,87,9.703,31.200000000000045,27,fit:9651d1dc645f82336228e37958001f2c9b3d23f70d243f7fc55c1c1ef258dfac:segment:003,3,5895.0,5812,activities/104_260721071628.csv,1,1,0,0
fit:9651d1dc645f82336228e37958001f2c9b3d23f70d243f7fc55c1c1ef258dfac,2026-07-21T06:54:45+00:00,158,131,116,87,9.624,31.200000000000045,27,fit:9651d1dc645f82336228e37958001f2c9b3d23f70d243f7fc55c1c1ef258dfac:segment:003,3,5896.0,5813,activities/104_260721071628.csv,1,1,0,0
fit:9651d1dc645f82336228e37958001f2c9b3d23f70d243f7fc55c1c1ef258dfac,2026-07-21T06:54:46+00:00,159,146,116,87,9.575,31.200000000000045,27,fit:9651d1dc645f82336228e37958001f2c9b3d23f70d243f7fc55c1c1ef258dfac:segment:003,3,5897.0,5814,activities/104_260721071628.csv,1,1,0,0
fit:9651d1dc645f82336228e37958001f2c9b3d23f70d243f7fc55c1c1ef258dfac,2026-07-21T06:54:47+00:00,160,220,116,87,9.492,30.799999999999955,27,fit:9651d1dc645f82336228e37958001f2c9b3d23f70d243f7fc55c1c1ef258dfac:segment:003,3,5898.0,5815,activities/104_260721071628.csv,1,1,0,0
fit:9651d1dc645f82336228e37958001f2c9b3d23f70d243f7fc55c1c1ef258dfac,2026-07-21T06:54:48+00:00,161,151,115,87,9.548,30.799999999999955,27,fit:9651d1dc645f82336228e37958001f2c9b3d23f70d243f7fc55c1c1ef258dfac:segment:003,3,5899.0,5816,activities/104_260721071628.csv,1,1,0,0
fit:9651d1dc645f82336228e37958001f2c9b3d23f70d243f7fc55c1c1ef258dfac,2026-07-21T06:54:49+00:00,162,152,115,87,9.607,30.799999999999955,27,fit:9651d1dc645f82336228e37958001f2c9b3d23f70d243f7fc55c1c1ef258dfac:segment:003,3,5900.0,5817,activities/104_260721071628.csv,1,1,0,0
fit:9651d1dc645f82336228e37958001f2c9b3d23f70d243f7fc55c1c1ef258dfac,2026-07-21T06:54:50+00:00,163,145,115,88,9.654,30.799999999999955,27,fit:9651d1dc645f82336228e37958001f2c9b3d23f70d243f7fc55c1c1ef258dfac:segment:003,3,5901.0,5818,activities/104_260721071628.csv,1,1,0,0
fit:9651d1dc645f82336228e37958001f2c9b3d23f70d243f7fc55c1c1ef258dfac,2026-07-21T06:54:51+00:00,164,134,115,87,9.647,31.600000000000023,27,fit:9651d1dc645f82336228e37958001f2c9b3d23f70d243f7fc55c1c1ef258dfac:segment:003,3,5902.0,5819,activities/104_260721071628.csv,1,1,0,0
fit:9651d1dc645f82336228e37958001f2c9b3d23f70d243f7fc55c1c1ef258dfac,2026-07-21T06:54:52+00:00,165,115,114,87,9.653,31.399999999999977,27,fit:9651d1dc645f82336228e37958001f2c9b3d23f70d243f7fc55c1c1ef258dfac:segment:003,3,5903.0,5820,activities/104_260721071628.csv,1,1,0,0
fit:9651d1dc645f82336228e37958001f2c9b3d23f70d243f7fc55c1c1ef258dfac,2026-07-21T06:54:53+00:00,166,114,113,88,9.626,31.399999999999977,27,fit:9651d1dc645f82336228e37958001f2c9b3d23f70d243f7fc55c1c1ef258dfac:segment:003,3,5904.0,5821,activities/104_260721071628.csv,1,1,0,0
fit:9651d1dc645f82336228e37958001f2c9b3d23f70d243f7fc55c1c1ef258dfac,2026-07-21T06:54:54+00:00,167,115,113,88,9.641,31.399999999999977,27,fit:9651d1dc645f82336228e37958001f2c9b3d23f70d243f7fc55c1c1ef258dfac:segment:003,3,5905.0,5822,activities/104_260721071628.csv,1,1,0,0
fit:9651d1dc645f82336228e37958001f2c9b3d23f70d243f7fc55c1c1ef258dfac,2026-07-21T06:54:55+00:00,168,115,113,88,9.764,31.399999999999977,27,fit:9651d1dc645f82336228e37958001f2c9b3d23f70d243f7fc55c1c1ef258dfac:segment:003,3,5906.0,5823,activities/104_260721071628.csv,1,1,0,0
fit:9651d1dc645f82336228e37958001f2c9b3d23f70d243f7fc55c1c1ef258dfac,2026-07-21T06:54:56+00:00,169,118,113,88,9.799,31.200000000000045,27,fit:9651d1dc645f82336228e37958001f2c9b3d23f70d243f7fc55c1c1ef258dfac:segment:003,3,5907.0,5824,activities/104_260721071628.csv,1,1,0,0
fit:9651d1dc645f82336228e37958001f2c9b3d23f70d243f7fc55c1c1ef258dfac,2026-07-21T06:54:57+00:00,170,129,113,88,9.823,31.200000000000045,27,fit:9651d1dc645f82336228e37958001f2c9b3d23f70d243f7fc55c1c1ef258dfac:segment:003,3,5908.0,5825,activities/104_260721071628.csv,1,1,0,0
fit:9651d1dc645f82336228e37958001f2c9b3d23f70d243f7fc55c1c1ef258dfac,2026-07-21T06:54:58+00:00,171,127,113,87,9.875,31.200000000000045,27,fit:9651d1dc645f82336228e37958001f2c9b3d23f70d243f7fc55c1c1ef258dfac:segment:003,3,5909.0,5826,activities/104_260721071628.csv,1,1,0,0
fit:9651d1dc645f82336228e37958001f2c9b3d23f70d243f7fc55c1c1ef258dfac,2026-07-21T06:54:59+00:00,172,127,113,87,9.825,31.200000000000045,27,fit:9651d1dc645f82336228e37958001f2c9b3d23f70d243f7fc55c1c1ef258dfac:segment:003,3,5910.0,5827,activities/104_260721071628.csv,1,1,0,0
fit:9651d1dc645f82336228e37958001f2c9b3d23f70d243f7fc55c1c1ef258dfac,2026-07-21T06:55:00+00:00,173,138,114,87,9.739,31.0,27,fit:9651d1dc645f82336228e37958001f2c9b3d23f70d243f7fc55c1c1ef258dfac:segment:003,3,5911.0,5828,activities/104_260721071628.csv,1,1,0,0
fit:9651d1dc645f82336228e37958001f2c9b3d23f70d243f7fc55c1c1ef258dfac,2026-07-21T06:55:01+00:00,174,128,114,86,9.663,31.0,27,fit:9651d1dc645f82336228e37958001f2c9b3d23f70d243f7fc55c1c1ef258dfac:segment:003,3,5912.0,5829,activities/104_260721071628.csv,1,1,0,0
fit:9651d1dc645f82336228e37958001f2c9b3d23f70d243f7fc55c1c1ef258dfac,2026-07-21T06:55:02+00:00,175,176,115,83,9.543,31.0,27,fit:9651d1dc645f82336228e37958001f2c9b3d23f70d243f7fc55c1c1ef258dfac:segment:003,3,5913.0,5830,activities/104_260721071628.csv,1,1,0,0
fit:9651d1dc645f82336228e37958001f2c9b3d23f70d243f7fc55c1c1ef258dfac,2026-07-21T06:55:03+00:00,176,168,115,85,9.42,31.399999999999977,27,fit:9651d1dc645f82336228e37958001f2c9b3d23f70d243f7fc55c1c1ef258dfac:segment:003,3,5914.0,5831,activities/104_260721071628.csv,1,1,0,0
fit:9651d1dc645f82336228e37958001f2c9b3d23f70d243f7fc55c1c1ef258dfac,2026-07-21T06:55:04+00:00,177,163,115,85,9.407,31.600000000000023,27,fit:9651d1dc645f82336228e37958001f2c9b3d23f70d243f7fc55c1c1ef258dfac:segment:003,3,5915.0,5832,activities/104_260721071628.csv,1,1,0,0
fit:9651d1dc645f82336228e37958001f2c9b3d23f70d243f7fc55c1c1ef258dfac,2026-07-21T06:55:05+00:00,178,141,115,86,9.475,31.600000000000023,27,fit:9651d1dc645f82336228e37958001f2c9b3d23f70d243f7fc55c1c1ef258dfac:segment:003,3,5916.0,5833,activities/104_260721071628.csv,1,1,0,0
fit:9651d1dc645f82336228e37958001f2c9b3d23f70d243f7fc55c1c1ef258dfac,2026-07-21T06:55:06+00:00,179,153,115,87,9.499,31.600000000000023,27,fit:9651d1dc645f82336228e37958001f2c9b3d23f70d243f7fc55c1c1ef258dfac:segment:003,3,5917.0,5834,activities/104_260721071628.csv,1,1,0,0
fit:9651d1dc645f82336228e37958001f2c9b3d23f70d243f7fc55c1c1ef258dfac,2026-07-21T06:55:07+00:00,180,117,115,87,9.448,31.200000000000045,27,fit:9651d1dc645f82336228e37958001f2c9b3d23f70d243f7fc55c1c1ef258dfac:segment:003,3,5918.0,5835,activities/104_260721071628.csv,1,1,0,0
fit:9651d1dc645f82336228e37958001f2c9b3d23f70d243f7fc55c1c1ef258dfac,2026-07-21T06:55:08+00:00,181,122,115,88,9.59,31.200000000000045,27,fit:9651d1dc645f82336228e37958001f2c9b3d23f70d243f7fc55c1c1ef258dfac:segment:003,3,5919.0,5836,activities/104_260721071628.csv,1,1,0,0
fit:9651d1dc645f82336228e37958001f2c9b3d23f70d243f7fc55c1c1ef258dfac,2026-07-21T06:55:09+00:00,182,149,115,89,9.498,31.200000000000045,27,fit:9651d1dc645f82336228e37958001f2c9b3d23f70d243f7fc55c1c1ef258dfac:segment:003,3,5920.0,5837,activities/104_260721071628.csv,1,1,0,0
fit:9651d1dc645f82336228e37958001f2c9b3d23f70d243f7fc55c1c1ef258dfac,2026-07-21T06:55:10+00:00,183,150,116,89,9.585,31.200000000000045,27,fit:9651d1dc645f82336228e37958001f2c9b3d23f70d243f7fc55c1c1ef258dfac:segment:003,3,5921.0,5838,activities/104_260721071628.csv,1,1,0,0
fit:9651d1dc645f82336228e37958001f2c9b3d23f70d243f7fc55c1c1ef258dfac,2026-07-21T06:55:11+00:00,184,150,116,89,9.718,31.200000000000045,27,fit:9651d1dc645f82336228e37958001f2c9b3d23f70d243f7fc55c1c1ef258dfac:segment:003,3,5922.0,5839,activities/104_260721071628.csv,1,1,0,0
fit:9651d1dc645f82336228e37958001f2c9b3d23f70d243f7fc55c1c1ef258dfac,2026-07-21T06:55:12+00:00,185,153,116,90,9.769,30.0,27,fit:9651d1dc645f82336228e37958001f2c9b3d23f70d243f7fc55c1c1ef258dfac:segment:003,3,5923.0,5840,activities/104_260721071628.csv,1,1,0,0
fit:9651d1dc645f82336228e37958001f2c9b3d23f70d243f7fc55c1c1ef258dfac,2026-07-21T06:55:13+00:00,186,153,116,90,9.856,30.0,27,fit:9651d1dc645f82336228e37958001f2c9b3d23f70d243f7fc55c1c1ef258dfac:segment:003,3,5924.0,5841,activities/104_260721071628.csv,1,1,0,0
fit:9651d1dc645f82336228e37958001f2c9b3d23f70d243f7fc55c1c1ef258dfac,2026-07-21T06:55:14+00:00,187,173,116,89,9.879,30.0,27,fit:9651d1dc645f82336228e37958001f2c9b3d23f70d243f7fc55c1c1ef258dfac:segment:003,3,5925.0,5842,activities/104_260721071628.csv,1,1,0,0
fit:9651d1dc645f82336228e37958001f2c9b3d23f70d243f7fc55c1c1ef258dfac,2026-07-21T06:55:15+00:00,188,173,117,89,9.895,30.0,27,fit:9651d1dc645f82336228e37958001f2c9b3d23f70d243f7fc55c1c1ef258dfac:segment:003,3,5926.0,5843,activities/104_260721071628.csv,1,1,0,0
fit:9651d1dc645f82336228e37958001f2c9b3d23f70d243f7fc55c1c1ef258dfac,2026-07-21T06:55:16+00:00,189,161,119,90,9.92,31.200000000000045,27,fit:9651d1dc645f82336228e37958001f2c9b3d23f70d243f7fc55c1c1ef258dfac:segment:003,3,5927.0,5844,activities/104_260721071628.csv,1,1,0,0
fit:9651d1dc645f82336228e37958001f2c9b3d23f70d243f7fc55c1c1ef258dfac,2026-07-21T06:55:17+00:00,190,162,119,90,9.898,31.200000000000045,27,fit:9651d1dc645f82336228e37958001f2c9b3d23f70d243f7fc55c1c1ef258dfac:segment:003,3,5928.0,5845,activities/104_260721071628.csv,1,1,0,0
fit:9651d1dc645f82336228e37958001f2c9b3d23f70d243f7fc55c1c1ef258dfac,2026-07-21T06:55:18+00:00,191,153,121,90,9.902,31.200000000000045,27,fit:9651d1dc645f82336228e37958001f2c9b3d23f70d243f7fc55c1c1ef258dfac:segment:003,3,5929.0,5846,activities/104_260721071628.csv,1,1,0,0
fit:9651d1dc645f82336228e37958001f2c9b3d23f70d243f7fc55c1c1ef258dfac,2026-07-21T06:55:19+00:00,192,153,123,90,9.915,30.200000000000045,27,fit:9651d1dc645f82336228e37958001f2c9b3d23f70d243f7fc55c1c1ef258dfac:segment:003,3,5930.0,5847,activities/104_260721071628.csv,1,1,0,0
fit:9651d1dc645f82336228e37958001f2c9b3d23f70d243f7fc55c1c1ef258dfac,2026-07-21T06:55:20+00:00,193,162,125,89,9.967,30.799999999999955,27,fit:9651d1dc645f82336228e37958001f2c9b3d23f70d243f7fc55c1c1ef258dfac:segment:003,3,5931.0,5848,activities/104_260721071628.csv,1,1,0,0
fit:9651d1dc645f82336228e37958001f2c9b3d23f70d243f7fc55c1c1ef258dfac,2026-07-21T06:55:21+00:00,194,160,125,89,9.902,30.799999999999955,27,fit:9651d1dc645f82336228e37958001f2c9b3d23f70d243f7fc55c1c1ef258dfac:segment:003,3,5932.0,5849,activities/104_260721071628.csv,1,1,0,0
fit:9651d1dc645f82336228e37958001f2c9b3d23f70d243f7fc55c1c1ef258dfac,2026-07-21T06:55:22+00:00,195,186,126,86,9.775,30.799999999999955,27,fit:9651d1dc645f82336228e37958001f2c9b3d23f70d243f7fc55c1c1ef258dfac:segment:003,3,5933.0,5850,activities/104_260721071628.csv,1,1,0,0
fit:9651d1dc645f82336228e37958001f2c9b3d23f70d243f7fc55c1c1ef258dfac,2026-07-21T06:55:23+00:00,196,175,126,86,9.64,31.600000000000023,27,fit:9651d1dc645f82336228e37958001f2c9b3d23f70d243f7fc55c1c1ef258dfac:segment:003,3,5934.0,5851,activities/104_260721071628.csv,1,1,0,0
fit:9651d1dc645f82336228e37958001f2c9b3d23f70d243f7fc55c1c1ef258dfac,2026-07-21T06:55:24+00:00,197,139,126,86,9.537,32.0,27,fit:9651d1dc645f82336228e37958001f2c9b3d23f70d243f7fc55c1c1ef258dfac:segment:003,3,5935.0,5852,activities/104_260721071628.csv,1,1,0,0
fit:9651d1dc645f82336228e37958001f2c9b3d23f70d243f7fc55c1c1ef258dfac,2026-07-21T06:55:25+00:00,198,143,127,87,9.52,32.0,27,fit:9651d1dc645f82336228e37958001f2c9b3d23f70d243f7fc55c1c1ef258dfac:segment:003,3,5936.0,5853,activities/104_260721071628.csv,1,1,0,0
fit:9651d1dc645f82336228e37958001f2c9b3d23f70d243f7fc55c1c1ef258dfac,2026-07-21T06:55:26+00:00,199,144,126,87,9.518,32.0,27,fit:9651d1dc645f82336228e37958001f2c9b3d23f70d243f7fc55c1c1ef258dfac:segment:003,3,5937.0,5854,activities/104_260721071628.csv,1,1,0,0
fit:9651d1dc645f82336228e37958001f2c9b3d23f70d243f7fc55c1c1ef258dfac,2026-07-21T06:55:27+00:00,200,127,126,88,9.563,31.799999999999955,27,fit:9651d1dc645f82336228e37958001f2c9b3d23f70d243f7fc55c1c1ef258dfac:segment:003,3,5938.0,5855,activities/104_260721071628.csv,1,1,0,0
fit:9651d1dc645f82336228e37958001f2c9b3d23f70d243f7fc55c1c1ef258dfac,2026-07-21T06:55:28+00:00,201,62,126,88,9.597,32.200000000000045,27,fit:9651d1dc645f82336228e37958001f2c9b3d23f70d243f7fc55c1c1ef258dfac:segment:003,3,5939.0,5856,activities/104_260721071628.csv,1,1,0,0
fit:9651d1dc645f82336228e37958001f2c9b3d23f70d243f7fc55c1c1ef258dfac,2026-07-21T06:55:29+00:00,202,157,126,89,9.726,32.200000000000045,27,fit:9651d1dc645f82336228e37958001f2c9b3d23f70d243f7fc55c1c1ef258dfac:segment:003,3,5940.0,5857,activities/104_260721071628.csv,1,1,0,0
fit:9651d1dc645f82336228e37958001f2c9b3d23f70d243f7fc55c1c1ef258dfac,2026-07-21T06:55:30+00:00,203,125,126,89,9.77,32.200000000000045,27,fit:9651d1dc645f82336228e37958001f2c9b3d23f70d243f7fc55c1c1ef258dfac:segment:003,3,5941.0,5858,activities/104_260721071628.csv,1,1,0,0
fit:9651d1dc645f82336228e37958001f2c9b3d23f70d243f7fc55c1c1ef258dfac,2026-07-21T06:55:31+00:00,204,121,126,89,9.806,31.200000000000045,27,fit:9651d1dc645f82336228e37958001f2c9b3d23f70d243f7fc55c1c1ef258dfac:segment:003,3,5942.0,5859,activities/104_260721071628.csv,1,1,0,0
fit:9651d1dc645f82336228e37958001f2c9b3d23f70d243f7fc55c1c1ef258dfac,2026-07-21T06:55:32+00:00,205,120,125,89,9.811,30.799999999999955,27,fit:9651d1dc645f82336228e37958001f2c9b3d23f70d243f7fc55c1c1ef258dfac:segment:003,3,5943.0,5860,activities/104_260721071628.csv,1,1,0,0
fit:9651d1dc645f82336228e37958001f2c9b3d23f70d243f7fc55c1c1ef258dfac,2026-07-21T06:55:33+00:00,206,157,124,89,9.82,30.799999999999955,27,fit:9651d1dc645f82336228e37958001f2c9b3d23f70d243f7fc55c1c1ef258dfac:segment:003,3,5944.0,5861,activities/104_260721071628.csv,1,1,0,0
fit:9651d1dc645f82336228e37958001f2c9b3d23f70d243f7fc55c1c1ef258dfac,2026-07-21T06:55:34+00:00,207,137,124,89,9.811,30.799999999999955,27,fit:9651d1dc645f82336228e37958001f2c9b3d23f70d243f7fc55c1c1ef258dfac:segment:003,3,5945.0,5862,activities/104_260721071628.csv,1,1,0,0
fit:9651d1dc645f82336228e37958001f2c9b3d23f70d243f7fc55c1c1ef258dfac,2026-07-21T06:55:35+00:00,208,121,124,89,9.872,31.600000000000023,27,fit:9651d1dc645f82336228e37958001f2c9b3d23f70d243f7fc55c1c1ef258dfac:segment:003,3,5946.0,5863,activities/104_260721071628.csv,1,1,0,0
fit:9651d1dc645f82336228e37958001f2c9b3d23f70d243f7fc55c1c1ef258dfac,2026-07-21T06:55:36+00:00,209,116,123,89,9.92,30.799999999999955,27,fit:9651d1dc645f82336228e37958001f2c9b3d23f70d243f7fc55c1c1ef258dfac:segment:003,3,5947.0,5864,activities/104_260721071628.csv,1,1,0,0
fit:9651d1dc645f82336228e37958001f2c9b3d23f70d243f7fc55c1c1ef258dfac,2026-07-21T06:55:37+00:00,210,120,123,90,9.941,30.799999999999955,27,fit:9651d1dc645f82336228e37958001f2c9b3d23f70d243f7fc55c1c1ef258dfac:segment:003,3,5948.0,5865,activities/104_260721071628.csv,1,1,0,0
fit:9651d1dc645f82336228e37958001f2c9b3d23f70d243f7fc55c1c1ef258dfac,2026-07-21T06:55:38+00:00,211,124,123,90,9.948,30.799999999999955,27,fit:9651d1dc645f82336228e37958001f2c9b3d23f70d243f7fc55c1c1ef258dfac:segment:003,3,5949.0,5866,activities/104_260721071628.csv,1,1,0,0
fit:9651d1dc645f82336228e37958001f2c9b3d23f70d243f7fc55c1c1ef258dfac,2026-07-21T06:55:39+00:00,212,115,122,90,9.956,30.799999999999955,27,fit:9651d1dc645f82336228e37958001f2c9b3d23f70d243f7fc55c1c1ef258dfac:segment:003,3,5950.0,5867,activities/104_260721071628.csv,1,1,0,0
fit:9651d1dc645f82336228e37958001f2c9b3d23f70d243f7fc55c1c1ef258dfac,2026-07-21T06:55:40+00:00,213,116,121,90,9.954,30.399999999999977,27,fit:9651d1dc645f82336228e37958001f2c9b3d23f70d243f7fc55c1c1ef258dfac:segment:003,3,5951.0,5868,activities/104_260721071628.csv,1,1,0,0
fit:9651d1dc645f82336228e37958001f2c9b3d23f70d243f7fc55c1c1ef258dfac,2026-07-21T06:55:41+00:00,214,109,121,89,9.896,30.399999999999977,27,fit:9651d1dc645f82336228e37958001f2c9b3d23f70d243f7fc55c1c1ef258dfac:segment:003,3,5952.0,5869,activities/104_260721071628.csv,1,1,0,0
fit:9651d1dc645f82336228e37958001f2c9b3d23f70d243f7fc55c1c1ef258dfac,2026-07-21T06:55:42+00:00,215,114,120,89,9.858,30.399999999999977,27,fit:9651d1dc645f82336228e37958001f2c9b3d23f70d243f7fc55c1c1ef258dfac:segment:003,3,5953.0,5870,activities/104_260721071628.csv,1,1,0,0
fit:9651d1dc645f82336228e37958001f2c9b3d23f70d243f7fc55c1c1ef258dfac,2026-07-21T06:55:43+00:00,216,105,119,88,9.846,30.799999999999955,27,fit:9651d1dc645f82336228e37958001f2c9b3d23f70d243f7fc55c1c1ef258dfac:segment:003,3,5954.0,5871,activities/104_260721071628.csv,1,1,0,0
fit:9651d1dc645f82336228e37958001f2c9b3d23f70d243f7fc55c1c1ef258dfac,2026-07-21T06:55:44+00:00,217,130,118,88,9.803,30.600000000000023,27,fit:9651d1dc645f82336228e37958001f2c9b3d23f70d243f7fc55c1c1ef258dfac:segment:003,3,5955.0,5872,activities/104_260721071628.csv,1,1,0,0
fit:9651d1dc645f82336228e37958001f2c9b3d23f70d243f7fc55c1c1ef258dfac,2026-07-21T06:55:45+00:00,218,143,118,88,9.832,30.600000000000023,27,fit:9651d1dc645f82336228e37958001f2c9b3d23f70d243f7fc55c1c1ef258dfac:segment:003,3,5956.0,5873,activities/104_260721071628.csv,1,1,0,0
fit:9651d1dc645f82336228e37958001f2c9b3d23f70d243f7fc55c1c1ef258dfac,2026-07-21T06:55:46+00:00,219,152,117,88,9.795,30.600000000000023,27,fit:9651d1dc645f82336228e37958001f2c9b3d23f70d243f7fc55c1c1ef258dfac:segment:003,3,5957.0,5874,activities/104_260721071628.csv,1,1,0,0
fit:9651d1dc645f82336228e37958001f2c9b3d23f70d243f7fc55c1c1ef258dfac,2026-07-21T06:55:47+00:00,220,145,116,88,9.797,30.600000000000023,27,fit:9651d1dc645f82336228e37958001f2c9b3d23f70d243f7fc55c1c1ef258dfac:segment:003,3,5958.0,5875,activities/104_260721071628.csv,1,1,0,0
fit:9651d1dc645f82336228e37958001f2c9b3d23f70d243f7fc55c1c1ef258dfac,2026-07-21T06:55:48+00:00,221,137,115,88,9.737,31.200000000000045,27,fit:9651d1dc645f82336228e37958001f2c9b3d23f70d243f7fc55c1c1ef258dfac:segment:003,3,5959.0,5876,activities/104_260721071628.csv,1,1,0,0
fit:9651d1dc645f82336228e37958001f2c9b3d23f70d243f7fc55c1c1ef258dfac,2026-07-21T06:55:49+00:00,222,138,115,88,9.764,31.200000000000045,27,fit:9651d1dc645f82336228e37958001f2c9b3d23f70d243f7fc55c1c1ef258dfac:segment:003,3,5960.0,5877,activities/104_260721071628.csv,1,1,0,0
fit:9651d1dc645f82336228e37958001f2c9b3d23f70d243f7fc55c1c1ef258dfac,2026-07-21T06:55:50+00:00,223,132,115,88,9.809,31.200000000000045,27,fit:9651d1dc645f82336228e37958001f2c9b3d23f70d243f7fc55c1c1ef258dfac:segment:003,3,5961.0,5878,activities/104_260721071628.csv,1,1,0,0
fit:9651d1dc645f82336228e37958001f2c9b3d23f70d243f7fc55c1c1ef258dfac,2026-07-21T06:55:51+00:00,224,121,114,88,9.729,30.399999999999977,27,fit:9651d1dc645f82336228e37958001f2c9b3d23f70d243f7fc55c1c1ef258dfac:segment:003,3,5962.0,5879,activities/104_260721071628.csv,1,1,0,0
fit:9651d1dc645f82336228e37958001f2c9b3d23f70d243f7fc55c1c1ef258dfac,2026-07-21T06:55:52+00:00,225,126,114,88,9.729,30.399999999999977,27,fit:9651d1dc645f82336228e37958001f2c9b3d23f70d243f7fc55c1c1ef258dfac:segment:003,3,5963.0,5880,activities/104_260721071628.csv,1,1,0,0
fit:9651d1dc645f82336228e37958001f2c9b3d23f70d243f7fc55c1c1ef258dfac,2026-07-21T06:55:53+00:00,226,119,114,87,9.684,30.600000000000023,27,fit:9651d1dc645f82336228e37958001f2c9b3d23f70d243f7fc55c1c1ef258dfac:segment:003,3,5964.0,5881,activities/104_260721071628.csv,1,1,0,0
fit:9651d1dc645f82336228e37958001f2c9b3d23f70d243f7fc55c1c1ef258dfac,2026-07-21T06:55:54+00:00,227,126,114,87,9.645,30.600000000000023,27,fit:9651d1dc645f82336228e37958001f2c9b3d23f70d243f7fc55c1c1ef258dfac:segment:003,3,5965.0,5882,activities/104_260721071628.csv,1,1,0,0
fit:9651d1dc645f82336228e37958001f2c9b3d23f70d243f7fc55c1c1ef258dfac,2026-07-21T06:55:55+00:00,228,109,114,87,9.564,30.600000000000023,27,fit:9651d1dc645f82336228e37958001f2c9b3d23f70d243f7fc55c1c1ef258dfac:segment:003,3,5966.0,5883,activities/104_260721071628.csv,1,1,0,0
fit:9651d1dc645f82336228e37958001f2c9b3d23f70d243f7fc55c1c1ef258dfac,2026-07-21T06:55:56+00:00,229,109,114,86,9.528,30.600000000000023,27,fit:9651d1dc645f82336228e37958001f2c9b3d23f70d243f7fc55c1c1ef258dfac:segment:003,3,5967.0,5884,activities/104_260721071628.csv,1,1,0,0
fit:9651d1dc645f82336228e37958001f2c9b3d23f70d243f7fc55c1c1ef258dfac,2026-07-21T06:55:57+00:00,230,104,114,86,9.521,30.600000000000023,27,fit:9651d1dc645f82336228e37958001f2c9b3d23f70d243f7fc55c1c1ef258dfac:segment:003,3,5968.0,5885,activities/104_260721071628.csv,1,1,0,0
fit:9651d1dc645f82336228e37958001f2c9b3d23f70d243f7fc55c1c1ef258dfac,2026-07-21T06:55:58+00:00,231,110,114,86,9.519,30.600000000000023,27,fit:9651d1dc645f82336228e37958001f2c9b3d23f70d243f7fc55c1c1ef258dfac:segment:003,3,5969.0,5886,activities/104_260721071628.csv,1,1,0,0
fit:9651d1dc645f82336228e37958001f2c9b3d23f70d243f7fc55c1c1ef258dfac,2026-07-21T06:55:59+00:00,232,106,114,85,9.451,30.600000000000023,27,fit:9651d1dc645f82336228e37958001f2c9b3d23f70d243f7fc55c1c1ef258dfac:segment:003,3,5970.0,5887,activities/104_260721071628.csv,1,1,0,0
fit:9651d1dc645f82336228e37958001f2c9b3d23f70d243f7fc55c1c1ef258dfac,2026-07-21T06:56:00+00:00,233,107,114,85,9.451,30.600000000000023,27,fit:9651d1dc645f82336228e37958001f2c9b3d23f70d243f7fc55c1c1ef258dfac:segment:003,3,5971.0,5888,activities/104_260721071628.csv,1,1,0,0
fit:9651d1dc645f82336228e37958001f2c9b3d23f70d243f7fc55c1c1ef258dfac,2026-07-21T06:56:01+00:00,234,116,114,85,9.421,30.600000000000023,27,fit:9651d1dc645f82336228e37958001f2c9b3d23f70d243f7fc55c1c1ef258dfac:segment:003,3,5972.0,5889,activities/104_260721071628.csv,1,1,0,0
fit:9651d1dc645f82336228e37958001f2c9b3d23f70d243f7fc55c1c1ef258dfac,2026-07-21T06:56:02+00:00,235,113,114,84,9.344,30.600000000000023,27,fit:9651d1dc645f82336228e37958001f2c9b3d23f70d243f7fc55c1c1ef258dfac:segment:003,3,5973.0,5890,activities/104_260721071628.csv,1,1,0,0
fit:9651d1dc645f82336228e37958001f2c9b3d23f70d243f7fc55c1c1ef258dfac,2026-07-21T06:56:03+00:00,236,114,114,85,9.275,30.600000000000023,27,fit:9651d1dc645f82336228e37958001f2c9b3d23f70d243f7fc55c1c1ef258dfac:segment:003,3,5974.0,5891,activities/104_260721071628.csv,1,1,0,0
fit:9651d1dc645f82336228e37958001f2c9b3d23f70d243f7fc55c1c1ef258dfac,2026-07-21T06:56:04+00:00,237,127,115,85,9.271,30.600000000000023,27,fit:9651d1dc645f82336228e37958001f2c9b3d23f70d243f7fc55c1c1ef258dfac:segment:003,3,5975.0,5892,activities/104_260721071628.csv,1,1,0,0
fit:9651d1dc645f82336228e37958001f2c9b3d23f70d243f7fc55c1c1ef258dfac,2026-07-21T06:56:05+00:00,238,128,115,86,9.305,30.399999999999977,27,fit:9651d1dc645f82336228e37958001f2c9b3d23f70d243f7fc55c1c1ef258dfac:segment:003,3,5976.0,5893,activities/104_260721071628.csv,1,1,0,0
fit:9651d1dc645f82336228e37958001f2c9b3d23f70d243f7fc55c1c1ef258dfac,2026-07-21T06:56:06+00:00,239,108,115,86,9.419,30.399999999999977,27,fit:9651d1dc645f82336228e37958001f2c9b3d23f70d243f7fc55c1c1ef258dfac:segment:003,3,5977.0,5894,activities/104_260721071628.csv,1,1,0,0
fit:9651d1dc645f82336228e37958001f2c9b3d23f70d243f7fc55c1c1ef258dfac,2026-07-21T06:56:07+00:00,240,115,115,86,9.473,30.399999999999977,27,fit:9651d1dc645f82336228e37958001f2c9b3d23f70d243f7fc55c1c1ef258dfac:segment:003,3,5978.0,5895,activities/104_260721071628.csv,1,1,0,0
fit:9651d1dc645f82336228e37958001f2c9b3d23f70d243f7fc55c1c1ef258dfac,2026-07-21T06:56:08+00:00,241,115,114,86,9.528,30.799999999999955,27,fit:9651d1dc645f82336228e37958001f2c9b3d23f70d243f7fc55c1c1ef258dfac:segment:003,3,5979.0,5896,activities/104_260721071628.csv,1,1,0,0
fit:9651d1dc645f82336228e37958001f2c9b3d23f70d243f7fc55c1c1ef258dfac,2026-07-21T06:56:09+00:00,242,107,114,86,9.523,30.600000000000023,27,fit:9651d1dc645f82336228e37958001f2c9b3d23f70d243f7fc55c1c1ef258dfac:segment:003,3,5980.0,5897,activities/104_260721071628.csv,1,1,0,0
fit:9651d1dc645f82336228e37958001f2c9b3d23f70d243f7fc55c1c1ef258dfac,2026-07-21T06:56:10+00:00,243,108,114,86,9.44,30.600000000000023,27,fit:9651d1dc645f82336228e37958001f2c9b3d23f70d243f7fc55c1c1ef258dfac:segment:003,3,5981.0,5898,activities/104_260721071628.csv,1,1,0,0
fit:9651d1dc645f82336228e37958001f2c9b3d23f70d243f7fc55c1c1ef258dfac,2026-07-21T06:56:11+00:00,244,127,114,86,9.452,30.600000000000023,27,fit:9651d1dc645f82336228e37958001f2c9b3d23f70d243f7fc55c1c1ef258dfac:segment:003,3,5982.0,5899,activities/104_260721071628.csv,1,1,0,0
fit:9651d1dc645f82336228e37958001f2c9b3d23f70d243f7fc55c1c1ef258dfac,2026-07-21T06:56:12+00:00,245,125,114,85,9.366,29.600000000000023,27,fit:9651d1dc645f82336228e37958001f2c9b3d23f70d243f7fc55c1c1ef258dfac:segment:003,3,5983.0,5900,activities/104_260721071628.csv,1,1,0,0
fit:9651d1dc645f82336228e37958001f2c9b3d23f70d243f7fc55c1c1ef258dfac,2026-07-21T06:56:13+00:00,246,117,115,84,9.36,29.600000000000023,27,fit:9651d1dc645f82336228e37958001f2c9b3d23f70d243f7fc55c1c1ef258dfac:segment:003,3,5984.0,5901,activities/104_260721071628.csv,1,1,0,0
fit:9651d1dc645f82336228e37958001f2c9b3d23f70d243f7fc55c1c1ef258dfac,2026-07-21T06:56:14+00:00,247,119,115,84,9.336,29.600000000000023,27,fit:9651d1dc645f82336228e37958001f2c9b3d23f70d243f7fc55c1c1ef258dfac:segment:003,3,5985.0,5902,activities/104_260721071628.csv,1,1,0,0
fit:9651d1dc645f82336228e37958001f2c9b3d23f70d243f7fc55c1c1ef258dfac,2026-07-21T06:56:15+00:00,248,119,117,85,9.28,29.600000000000023,27,fit:9651d1dc645f82336228e37958001f2c9b3d23f70d243f7fc55c1c1ef258dfac:segment:003,3,5986.0,5903,activities/104_260721071628.csv,1,1,0,0
fit:9651d1dc645f82336228e37958001f2c9b3d23f70d243f7fc55c1c1ef258dfac,2026-07-21T06:56:16+00:00,249,101,118,85,9.307,30.600000000000023,27,fit:9651d1dc645f82336228e37958001f2c9b3d23f70d243f7fc55c1c1ef258dfac:segment:003,3,5987.0,5904,activities/104_260721071628.csv,1,1,0,0
fit:9651d1dc645f82336228e37958001f2c9b3d23f70d243f7fc55c1c1ef258dfac,2026-07-21T06:56:17+00:00,250,101,118,85,9.233,30.0,27,fit:9651d1dc645f82336228e37958001f2c9b3d23f70d243f7fc55c1c1ef258dfac:segment:003,3,5988.0,5905,activities/104_260721071628.csv,1,1,0,0
fit:9651d1dc645f82336228e37958001f2c9b3d23f70d243f7fc55c1c1ef258dfac,2026-07-21T06:56:18+00:00,251,24,118,85,9.305,30.0,27,fit:9651d1dc645f82336228e37958001f2c9b3d23f70d243f7fc55c1c1ef258dfac:segment:003,3,5989.0,5906,activities/104_260721071628.csv,1,1,0,0
fit:9651d1dc645f82336228e37958001f2c9b3d23f70d243f7fc55c1c1ef258dfac,2026-07-21T06:56:19+00:00,252,292,117,28,9.093,30.0,27,fit:9651d1dc645f82336228e37958001f2c9b3d23f70d243f7fc55c1c1ef258dfac:segment:003,3,5990.0,5907,activities/104_260721071628.csv,1,1,0,0
fit:9651d1dc645f82336228e37958001f2c9b3d23f70d243f7fc55c1c1ef258dfac,2026-07-21T06:56:20+00:00,253,293,117,83,9.042,29.600000000000023,27,fit:9651d1dc645f82336228e37958001f2c9b3d23f70d243f7fc55c1c1ef258dfac:segment:003,3,5991.0,5908,activities/104_260721071628.csv,1,1,0,0
fit:9651d1dc645f82336228e37958001f2c9b3d23f70d243f7fc55c1c1ef258dfac,2026-07-21T06:56:21+00:00,254,154,117,83,9.098,29.799999999999955,27,fit:9651d1dc645f82336228e37958001f2c9b3d23f70d243f7fc55c1c1ef258dfac:segment:003,3,5992.0,5909,activities/104_260721071628.csv,1,1,0,0
fit:9651d1dc645f82336228e37958001f2c9b3d23f70d243f7fc55c1c1ef258dfac,2026-07-21T06:56:22+00:00,255,69,115,83,9.1,29.799999999999955,27,fit:9651d1dc645f82336228e37958001f2c9b3d23f70d243f7fc55c1c1ef258dfac:segment:003,3,5993.0,5910,activities/104_260721071628.csv,1,1,0,0
fit:9651d1dc645f82336228e37958001f2c9b3d23f70d243f7fc55c1c1ef258dfac,2026-07-21T06:56:23+00:00,256,69,115,82,9.095,29.799999999999955,27,fit:9651d1dc645f82336228e37958001f2c9b3d23f70d243f7fc55c1c1ef258dfac:segment:003,3,5994.0,5911,activities/104_260721071628.csv,1,1,0,0
fit:9651d1dc645f82336228e37958001f2c9b3d23f70d243f7fc55c1c1ef258dfac,2026-07-21T06:56:24+00:00,257,47,114,82,9.045,29.799999999999955,27,fit:9651d1dc645f82336228e37958001f2c9b3d23f70d243f7fc55c1c1ef258dfac:segment:003,3,5995.0,5912,activities/104_260721071628.csv,1,1,0,0
fit:9651d1dc645f82336228e37958001f2c9b3d23f70d243f7fc55c1c1ef258dfac,2026-07-21T06:56:25+00:00,258,165,114,38,8.98,30.0,27,fit:9651d1dc645f82336228e37958001f2c9b3d23f70d243f7fc55c1c1ef258dfac:segment:003,3,5996.0,5913,activities/104_260721071628.csv,1,1,0,0
fit:9651d1dc645f82336228e37958001f2c9b3d23f70d243f7fc55c1c1ef258dfac,2026-07-21T06:56:26+00:00,259,154,114,80,8.893,30.0,27,fit:9651d1dc645f82336228e37958001f2c9b3d23f70d243f7fc55c1c1ef258dfac:segment:003,3,5997.0,5914,activities/104_260721071628.csv,1,1,0,0
fit:9651d1dc645f82336228e37958001f2c9b3d23f70d243f7fc55c1c1ef258dfac,2026-07-21T06:56:27+00:00,260,131,114,79,8.833,30.0,27,fit:9651d1dc645f82336228e37958001f2c9b3d23f70d243f7fc55c1c1ef258dfac:segment:003,3,5998.0,5915,activities/104_260721071628.csv,1,1,0,0
fit:9651d1dc645f82336228e37958001f2c9b3d23f70d243f7fc55c1c1ef258dfac,2026-07-21T06:56:28+00:00,261,100,114,79,8.713,30.0,27,fit:9651d1dc645f82336228e37958001f2c9b3d23f70d243f7fc55c1c1ef258dfac:segment:003,3,5999.0,5916,activities/104_260721071628.csv,1,1,0,0
fit:9651d1dc645f82336228e37958001f2c9b3d23f70d243f7fc55c1c1ef258dfac,2026-07-21T06:56:29+00:00,262,101,114,79,8.621,31.200000000000045,27,fit:9651d1dc645f82336228e37958001f2c9b3d23f70d243f7fc55c1c1ef258dfac:segment:003,3,6000.0,5917,activities/104_260721071628.csv,1,1,0,0
fit:9651d1dc645f82336228e37958001f2c9b3d23f70d243f7fc55c1c1ef258dfac,2026-07-21T06:56:30+00:00,263,85,114,79,8.713,31.200000000000045,27,fit:9651d1dc645f82336228e37958001f2c9b3d23f70d243f7fc55c1c1ef258dfac:segment:003,3,6001.0,5918,activities/104_260721071628.csv,1,1,0,0
fit:9651d1dc645f82336228e37958001f2c9b3d23f70d243f7fc55c1c1ef258dfac,2026-07-21T06:56:31+00:00,264,139,114,79,8.722,31.200000000000045,27,fit:9651d1dc645f82336228e37958001f2c9b3d23f70d243f7fc55c1c1ef258dfac:segment:003,3,6002.0,5919,activities/104_260721071628.csv,1,1,0,0
fit:9651d1dc645f82336228e37958001f2c9b3d23f70d243f7fc55c1c1ef258dfac,2026-07-21T06:56:32+00:00,265,120,114,79,8.745,30.399999999999977,27,fit:9651d1dc645f82336228e37958001f2c9b3d23f70d243f7fc55c1c1ef258dfac:segment:003,3,6003.0,5920,activities/104_260721071628.csv,1,1,0,0
fit:9651d1dc645f82336228e37958001f2c9b3d23f70d243f7fc55c1c1ef258dfac,2026-07-21T06:56:33+00:00,266,112,113,80,8.763,30.600000000000023,27,fit:9651d1dc645f82336228e37958001f2c9b3d23f70d243f7fc55c1c1ef258dfac:segment:003,3,6004.0,5921,activities/104_260721071628.csv,1,1,0,0
fit:9651d1dc645f82336228e37958001f2c9b3d23f70d243f7fc55c1c1ef258dfac,2026-07-21T06:56:34+00:00,267,94,113,80,8.788,30.600000000000023,27,fit:9651d1dc645f82336228e37958001f2c9b3d23f70d243f7fc55c1c1ef258dfac:segment:003,3,6005.0,5922,activities/104_260721071628.csv,1,1,0,0
fit:9651d1dc645f82336228e37958001f2c9b3d23f70d243f7fc55c1c1ef258dfac,2026-07-21T06:56:35+00:00,268,112,112,80,8.852,30.600000000000023,27,fit:9651d1dc645f82336228e37958001f2c9b3d23f70d243f7fc55c1c1ef258dfac:segment:003,3,6006.0,5923,activities/104_260721071628.csv,1,1,0,0
fit:9651d1dc645f82336228e37958001f2c9b3d23f70d243f7fc55c1c1ef258dfac,2026-07-21T06:56:36+00:00,269,112,112,81,8.937,30.600000000000023,27,fit:9651d1dc645f82336228e37958001f2c9b3d23f70d243f7fc55c1c1ef258dfac:segment:003,3,6007.0,5924,activities/104_260721071628.csv,1,1,0,0
fit:9651d1dc645f82336228e37958001f2c9b3d23f70d243f7fc55c1c1ef258dfac,2026-07-21T06:56:37+00:00,270,94,112,81,8.918,30.600000000000023,27,fit:9651d1dc645f82336228e37958001f2c9b3d23f70d243f7fc55c1c1ef258dfac:segment:003,3,6008.0,5925,activities/104_260721071628.csv,1,1,0,0
fit:9651d1dc645f82336228e37958001f2c9b3d23f70d243f7fc55c1c1ef258dfac,2026-07-21T06:56:38+00:00,271,126,111,82,9.052,30.600000000000023,27,fit:9651d1dc645f82336228e37958001f2c9b3d23f70d243f7fc55c1c1ef258dfac:segment:003,3,6009.0,5926,activities/104_260721071628.csv,1,1,0,0
fit:9651d1dc645f82336228e37958001f2c9b3d23f70d243f7fc55c1c1ef258dfac,2026-07-21T06:56:39+00:00,272,125,111,83,8.987,30.600000000000023,27,fit:9651d1dc645f82336228e37958001f2c9b3d23f70d243f7fc55c1c1ef258dfac:segment:003,3,6010.0,5927,activities/104_260721071628.csv,1,1,0,0
fit:9651d1dc645f82336228e37958001f2c9b3d23f70d243f7fc55c1c1ef258dfac,2026-07-21T06:56:40+00:00,273,125,111,83,9.111,30.600000000000023,27,fit:9651d1dc645f82336228e37958001f2c9b3d23f70d243f7fc55c1c1ef258dfac:segment:003,3,6011.0,5928,activities/104_260721071628.csv,1,1,0,0
fit:9651d1dc645f82336228e37958001f2c9b3d23f70d243f7fc55c1c1ef258dfac,2026-07-21T06:56:41+00:00,274,98,111,83,9.232,30.799999999999955,27,fit:9651d1dc645f82336228e37958001f2c9b3d23f70d243f7fc55c1c1ef258dfac:segment:003,3,6012.0,5929,activities/104_260721071628.csv,1,1,0,0
fit:9651d1dc645f82336228e37958001f2c9b3d23f70d243f7fc55c1c1ef258dfac,2026-07-21T06:56:42+00:00,275,108,111,84,9.251,30.799999999999955,27,fit:9651d1dc645f82336228e37958001f2c9b3d23f70d243f7fc55c1c1ef258dfac:segment:003,3,6013.0,5930,activities/104_260721071628.csv,1,1,0,0
fit:9651d1dc645f82336228e37958001f2c9b3d23f70d243f7fc55c1c1ef258dfac,2026-07-21T06:56:43+00:00,276,148,111,85,9.199,30.799999999999955,27,fit:9651d1dc645f82336228e37958001f2c9b3d23f70d243f7fc55c1c1ef258dfac:segment:003,3,6014.0,5931,activities/104_260721071628.csv,1,1,0,0
fit:9651d1dc645f82336228e37958001f2c9b3d23f70d243f7fc55c1c1ef258dfac,2026-07-21T06:56:44+00:00,277,136,111,85,9.263,30.799999999999955,27,fit:9651d1dc645f82336228e37958001f2c9b3d23f70d243f7fc55c1c1ef258dfac:segment:003,3,6015.0,5932,activities/104_260721071628.csv,1,1,0,0
fit:9651d1dc645f82336228e37958001f2c9b3d23f70d243f7fc55c1c1ef258dfac,2026-07-21T06:56:45+00:00,278,137,111,86,9.415,30.0,27,fit:9651d1dc645f82336228e37958001f2c9b3d23f70d243f7fc55c1c1ef258dfac:segment:003,3,6016.0,5933,activities/104_260721071628.csv,1,1,0,0
fit:9651d1dc645f82336228e37958001f2c9b3d23f70d243f7fc55c1c1ef258dfac,2026-07-21T06:56:46+00:00,279,101,112,86,9.402,30.0,27,fit:9651d1dc645f82336228e37958001f2c9b3d23f70d243f7fc55c1c1ef258dfac:segment:003,3,6017.0,5934,activities/104_260721071628.csv,1,1,0,0
fit:9651d1dc645f82336228e37958001f2c9b3d23f70d243f7fc55c1c1ef258dfac,2026-07-21T06:56:47+00:00,280,92,112,87,9.459,30.0,27,fit:9651d1dc645f82336228e37958001f2c9b3d23f70d243f7fc55c1c1ef258dfac:segment:003,3,6018.0,5935,activities/104_260721071628.csv,1,1,0,0
fit:9651d1dc645f82336228e37958001f2c9b3d23f70d243f7fc55c1c1ef258dfac,2026-07-21T06:56:48+00:00,281,100,112,87,9.517,30.0,27,fit:9651d1dc645f82336228e37958001f2c9b3d23f70d243f7fc55c1c1ef258dfac:segment:003,3,6019.0,5936,activities/104_260721071628.csv,1,1,0,0
fit:9651d1dc645f82336228e37958001f2c9b3d23f70d243f7fc55c1c1ef258dfac,2026-07-21T06:56:49+00:00,282,86,112,87,9.565,30.399999999999977,27,fit:9651d1dc645f82336228e37958001f2c9b3d23f70d243f7fc55c1c1ef258dfac:segment:003,3,6020.0,5937,activities/104_260721071628.csv,1,1,0,0
fit:9651d1dc645f82336228e37958001f2c9b3d23f70d243f7fc55c1c1ef258dfac,2026-07-21T06:56:50+00:00,283,93,112,87,9.603,30.399999999999977,27,fit:9651d1dc645f82336228e37958001f2c9b3d23f70d243f7fc55c1c1ef258dfac:segment:003,3,6021.0,5938,activities/104_260721071628.csv,1,1,0,0
fit:9651d1dc645f82336228e37958001f2c9b3d23f70d243f7fc55c1c1ef258dfac,2026-07-21T06:56:51+00:00,284,93,112,88,9.574,30.399999999999977,27,fit:9651d1dc645f82336228e37958001f2c9b3d23f70d243f7fc55c1c1ef258dfac:segment:003,3,6022.0,5939,activities/104_260721071628.csv,1,1,0,0
fit:9651d1dc645f82336228e37958001f2c9b3d23f70d243f7fc55c1c1ef258dfac,2026-07-21T06:56:52+00:00,285,93,112,87,9.541,29.799999999999955,27,fit:9651d1dc645f82336228e37958001f2c9b3d23f70d243f7fc55c1c1ef258dfac:segment:003,3,6023.0,5940,activities/104_260721071628.csv,1,1,0,0
fit:9651d1dc645f82336228e37958001f2c9b3d23f70d243f7fc55c1c1ef258dfac,2026-07-21T06:56:53+00:00,286,87,111,87,9.501,30.200000000000045,27,fit:9651d1dc645f82336228e37958001f2c9b3d23f70d243f7fc55c1c1ef258dfac:segment:003,3,6024.0,5941,activities/104_260721071628.csv,1,1,0,0
fit:9651d1dc645f82336228e37958001f2c9b3d23f70d243f7fc55c1c1ef258dfac,2026-07-21T06:56:54+00:00,287,88,111,86,9.479,30.200000000000045,27,fit:9651d1dc645f82336228e37958001f2c9b3d23f70d243f7fc55c1c1ef258dfac:segment:003,3,6025.0,5942,activities/104_260721071628.csv,1,1,0,0
fit:9651d1dc645f82336228e37958001f2c9b3d23f70d243f7fc55c1c1ef258dfac,2026-07-21T06:56:55+00:00,288,97,111,86,9.479,30.200000000000045,27,fit:9651d1dc645f82336228e37958001f2c9b3d23f70d243f7fc55c1c1ef258dfac:segment:003,3,6026.0,5943,activities/104_260721071628.csv,1,1,0,0
fit:9651d1dc645f82336228e37958001f2c9b3d23f70d243f7fc55c1c1ef258dfac,2026-07-21T06:56:56+00:00,289,107,111,86,9.432,29.200000000000045,27,fit:9651d1dc645f82336228e37958001f2c9b3d23f70d243f7fc55c1c1ef258dfac:segment:003,3,6027.0,5944,activities/104_260721071628.csv,1,1,0,0
fit:9651d1dc645f82336228e37958001f2c9b3d23f70d243f7fc55c1c1ef258dfac,2026-07-21T06:56:57+00:00,290,106,111,86,9.548,29.799999999999955,27,fit:9651d1dc645f82336228e37958001f2c9b3d23f70d243f7fc55c1c1ef258dfac:segment:003,3,6028.0,5945,activities/104_260721071628.csv,1,1,0,0
fit:9651d1dc645f82336228e37958001f2c9b3d23f70d243f7fc55c1c1ef258dfac,2026-07-21T06:56:58+00:00,291,99,111,86,9.52,29.799999999999955,27,fit:9651d1dc645f82336228e37958001f2c9b3d23f70d243f7fc55c1c1ef258dfac:segment:003,3,6029.0,5946,activities/104_260721071628.csv,1,1,0,0
fit:9651d1dc645f82336228e37958001f2c9b3d23f70d243f7fc55c1c1ef258dfac,2026-07-21T06:56:59+00:00,292,101,111,86,9.471,29.799999999999955,27,fit:9651d1dc645f82336228e37958001f2c9b3d23f70d243f7fc55c1c1ef258dfac:segment:003,3,6030.0,5947,activities/104_260721071628.csv,1,1,0,0
fit:9651d1dc645f82336228e37958001f2c9b3d23f70d243f7fc55c1c1ef258dfac,2026-07-21T06:57:00+00:00,293,101,111,86,9.464,28.799999999999955,27,fit:9651d1dc645f82336228e37958001f2c9b3d23f70d243f7fc55c1c1ef258dfac:segment:003,3,6031.0,5948,activities/104_260721071628.csv,1,1,0,0
fit:9651d1dc645f82336228e37958001f2c9b3d23f70d243f7fc55c1c1ef258dfac,2026-07-21T06:57:01+00:00,294,93,110,86,9.533,29.799999999999955,27,fit:9651d1dc645f82336228e37958001f2c9b3d23f70d243f7fc55c1c1ef258dfac:segment:003,3,6032.0,5949,activities/104_260721071628.csv,1,1,0,0
fit:9651d1dc645f82336228e37958001f2c9b3d23f70d243f7fc55c1c1ef258dfac,2026-07-21T06:57:02+00:00,295,88,110,86,9.572,29.799999999999955,27,fit:9651d1dc645f82336228e37958001f2c9b3d23f70d243f7fc55c1c1ef258dfac:segment:003,3,6033.0,5950,activities/104_260721071628.csv,1,1,0,0
fit:9651d1dc645f82336228e37958001f2c9b3d23f70d243f7fc55c1c1ef258dfac,2026-07-21T06:57:03+00:00,296,101,110,86,9.572,29.799999999999955,27,fit:9651d1dc645f82336228e37958001f2c9b3d23f70d243f7fc55c1c1ef258dfac:segment:003,3,6034.0,5951,activities/104_260721071628.csv,1,1,0,0
fit:9651d1dc645f82336228e37958001f2c9b3d23f70d243f7fc55c1c1ef258dfac,2026-07-21T06:57:04+00:00,297,127,110,86,9.53,29.399999999999977,27,fit:9651d1dc645f82336228e37958001f2c9b3d23f70d243f7fc55c1c1ef258dfac:segment:003,3,6035.0,5952,activities/104_260721071628.csv,1,1,0,0
fit:9651d1dc645f82336228e37958001f2c9b3d23f70d243f7fc55c1c1ef258dfac,2026-07-21T06:57:05+00:00,298,127,110,86,9.531,30.200000000000045,27,fit:9651d1dc645f82336228e37958001f2c9b3d23f70d243f7fc55c1c1ef258dfac:segment:003,3,6036.0,5953,activities/104_260721071628.csv,1,1,0,0
fit:9651d1dc645f82336228e37958001f2c9b3d23f70d243f7fc55c1c1ef258dfac,2026-07-21T06:57:06+00:00,299,106,110,86,9.422,30.200000000000045,27,fit:9651d1dc645f82336228e37958001f2c9b3d23f70d243f7fc55c1c1ef258dfac:segment:003,3,6037.0,5954,activities/104_260721071628.csv,1,1,0,0
fit:9651d1dc645f82336228e37958001f2c9b3d23f70d243f7fc55c1c1ef258dfac,2026-07-21T06:57:07+00:00,300,101,110,86,9.473,30.200000000000045,27,fit:9651d1dc645f82336228e37958001f2c9b3d23f70d243f7fc55c1c1ef258dfac:segment:003,3,6038.0,5955,activities/104_260721071628.csv,1,1,0,0
fit:9651d1dc645f82336228e37958001f2c9b3d23f70d243f7fc55c1c1ef258dfac,2026-07-21T06:57:08+00:00,301,104,110,86,9.522,29.200000000000045,27,fit:9651d1dc645f82336228e37958001f2c9b3d23f70d243f7fc55c1c1ef258dfac:segment:003,3,6039.0,5956,activities/104_260721071628.csv,1,1,0,0
fit:9651d1dc645f82336228e37958001f2c9b3d23f70d243f7fc55c1c1ef258dfac,2026-07-21T06:57:09+00:00,302,89,110,86,9.386,28.799999999999955,27,fit:9651d1dc645f82336228e37958001f2c9b3d23f70d243f7fc55c1c1ef258dfac:segment:003,3,6040.0,5957,activities/104_260721071628.csv,1,1,0,0
fit:9651d1dc645f82336228e37958001f2c9b3d23f70d243f7fc55c1c1ef258dfac,2026-07-21T06:57:10+00:00,303,96,110,86,9.37,28.799999999999955,27,fit:9651d1dc645f82336228e37958001f2c9b3d23f70d243f7fc55c1c1ef258dfac:segment:003,3,6041.0,5958,activities/104_260721071628.csv,1,1,0,0
fit:9651d1dc645f82336228e37958001f2c9b3d23f70d243f7fc55c1c1ef258dfac,2026-07-21T06:57:11+00:00,304,90,110,86,9.381,28.799999999999955,27,fit:9651d1dc645f82336228e37958001f2c9b3d23f70d243f7fc55c1c1ef258dfac:segment:003,3,6042.0,5959,activities/104_260721071628.csv,1,1,0,0
fit:9651d1dc645f82336228e37958001f2c9b3d23f70d243f7fc55c1c1ef258dfac,2026-07-21T06:57:12+00:00,305,78,109,86,9.43,28.799999999999955,27,fit:9651d1dc645f82336228e37958001f2c9b3d23f70d243f7fc55c1c1ef258dfac:segment:003,3,6043.0,5960,activities/104_260721071628.csv,1,1,0,0
fit:9651d1dc645f82336228e37958001f2c9b3d23f70d243f7fc55c1c1ef258dfac,2026-07-21T06:57:13+00:00,306,75,109,85,9.476,29.600000000000023,27,fit:9651d1dc645f82336228e37958001f2c9b3d23f70d243f7fc55c1c1ef258dfac:segment:003,3,6044.0,5961,activities/104_260721071628.csv,1,1,0,0
fit:9651d1dc645f82336228e37958001f2c9b3d23f70d243f7fc55c1c1ef258dfac,2026-07-21T06:57:14+00:00,307,75,109,85,9.5,29.600000000000023,27,fit:9651d1dc645f82336228e37958001f2c9b3d23f70d243f7fc55c1c1ef258dfac:segment:003,3,6045.0,5962,activities/104_260721071628.csv,1,1,0,0
fit:9651d1dc645f82336228e37958001f2c9b3d23f70d243f7fc55c1c1ef258dfac,2026-07-21T06:57:15+00:00,308,109,109,85,9.528,29.600000000000023,27,fit:9651d1dc645f82336228e37958001f2c9b3d23f70d243f7fc55c1c1ef258dfac:segment:003,3,6046.0,5963,activities/104_260721071628.csv,1,1,0,0
fit:9651d1dc645f82336228e37958001f2c9b3d23f70d243f7fc55c1c1ef258dfac,2026-07-21T06:57:16+00:00,309,97,109,85,9.476,29.0,27,fit:9651d1dc645f82336228e37958001f2c9b3d23f70d243f7fc55c1c1ef258dfac:segment:003,3,6047.0,5964,activities/104_260721071628.csv,1,1,0,0
fit:9651d1dc645f82336228e37958001f2c9b3d23f70d243f7fc55c1c1ef258dfac,2026-07-21T06:57:17+00:00,310,95,109,84,9.407,27.600000000000023,27,fit:9651d1dc645f82336228e37958001f2c9b3d23f70d243f7fc55c1c1ef258dfac:segment:003,3,6048.0,5965,activities/104_260721071628.csv,1,1,0,0
fit:9651d1dc645f82336228e37958001f2c9b3d23f70d243f7fc55c1c1ef258dfac,2026-07-21T06:57:18+00:00,311,90,109,84,9.389,27.600000000000023,27,fit:9651d1dc645f82336228e37958001f2c9b3d23f70d243f7fc55c1c1ef258dfac:segment:003,3,6049.0,5966,activities/104_260721071628.csv,1,1,0,0
fit:9651d1dc645f82336228e37958001f2c9b3d23f70d243f7fc55c1c1ef258dfac,2026-07-21T06:57:19+00:00,312,78,109,84,9.278,27.600000000000023,27,fit:9651d1dc645f82336228e37958001f2c9b3d23f70d243f7fc55c1c1ef258dfac:segment:003,3,6050.0,5967,activities/104_260721071628.csv,1,1,0,0
fit:9651d1dc645f82336228e37958001f2c9b3d23f70d243f7fc55c1c1ef258dfac,2026-07-21T06:57:20+00:00,313,64,109,83,9.234,28.600000000000023,27,fit:9651d1dc645f82336228e37958001f2c9b3d23f70d243f7fc55c1c1ef258dfac:segment:003,3,6051.0,5968,activities/104_260721071628.csv,1,1,0,0
fit:9651d1dc645f82336228e37958001f2c9b3d23f70d243f7fc55c1c1ef258dfac,2026-07-21T06:57:21+00:00,314,64,109,83,9.142,28.799999999999955,27,fit:9651d1dc645f82336228e37958001f2c9b3d23f70d243f7fc55c1c1ef258dfac:segment:003,3,6052.0,5969,activities/104_260721071628.csv,1,1,0,0
fit:9651d1dc645f82336228e37958001f2c9b3d23f70d243f7fc55c1c1ef258dfac,2026-07-21T06:57:27+00:00,320,0,109,0,8.65,28.600000000000023,27,fit:9651d1dc645f82336228e37958001f2c9b3d23f70d243f7fc55c1c1ef258dfac:segment:003,3,6058.0,5970,activities/104_260721071628.csv,1,1,0,0
fit:9651d1dc645f82336228e37958001f2c9b3d23f70d243f7fc55c1c1ef258dfac,2026-07-21T06:57:28+00:00,321,0,108,0,8.527,28.600000000000023,27,fit:9651d1dc645f82336228e37958001f2c9b3d23f70d243f7fc55c1c1ef258dfac:segment:003,3,6059.0,5971,activities/104_260721071628.csv,1,1,0,0
fit:9651d1dc645f82336228e37958001f2c9b3d23f70d243f7fc55c1c1ef258dfac,2026-07-21T06:57:29+00:00,322,0,106,0,8.487,29.200000000000045,27,fit:9651d1dc645f82336228e37958001f2c9b3d23f70d243f7fc55c1c1ef258dfac:segment:003,3,6060.0,5972,activities/104_260721071628.csv,1,1,0,0
fit:9651d1dc645f82336228e37958001f2c9b3d23f70d243f7fc55c1c1ef258dfac,2026-07-21T06:57:30+00:00,323,0,106,0,8.332,29.200000000000045,27,fit:9651d1dc645f82336228e37958001f2c9b3d23f70d243f7fc55c1c1ef258dfac:segment:003,3,6061.0,5973,activities/104_260721071628.csv,1,1,0,0
fit:9651d1dc645f82336228e37958001f2c9b3d23f70d243f7fc55c1c1ef258dfac,2026-07-21T06:57:31+00:00,324,0,103,0,8.108,29.200000000000045,27,fit:9651d1dc645f82336228e37958001f2c9b3d23f70d243f7fc55c1c1ef258dfac:segment:003,3,6062.0,5974,activities/104_260721071628.csv,1,1,0,0
fit:9651d1dc645f82336228e37958001f2c9b3d23f70d243f7fc55c1c1ef258dfac,2026-07-21T06:57:32+00:00,325,0,103,0,8.076,29.200000000000045,27,fit:9651d1dc645f82336228e37958001f2c9b3d23f70d243f7fc55c1c1ef258dfac:segment:003,3,6063.0,5975,activities/104_260721071628.csv,1,1,0,0
