activity_id,timestamp,elapsed_seconds,power_w,heart_rate_bpm,cadence_rpm,speed_m_s,altitude_m,temperature_c,segment_id,segment_number,source_elapsed_seconds,source_row_index,source_file,activity_split,segment_selected_from_activity,power_missing,hr_missing
fit:3b92208f7c69f4002815ab20d134d046fdffe0ab591324d56133a8588a6d1568,2026-07-15T15:31:51+00:00,0,201,81,85,0.0,15.0,0,fit:3b92208f7c69f4002815ab20d134d046fdffe0ab591324d56133a8588a6d1568:segment:001,1,0.0,0,activities/102_260715173151.csv,1,1,0,0
fit:3b92208f7c69f4002815ab20d134d046fdffe0ab591324d56133a8588a6d1568,2026-07-15T15:31:52+00:00,1,187,81,87,0.0,15.0,26,fit:3b92208f7c69f4002815ab20d134d046fdffe0ab591324d56133a8588a6d1568:segment:001,1,1.0,1,activities/102_260715173151.csv,1,1,0,0
fit:3b92208f7c69f4002815ab20d134d046fdffe0ab591324d56133a8588a6d1568,2026-07-15T15:31:53+00:00,2,243,84,89,6.482,13.600000000000023,26,fit:3b92208f7c69f4002815ab20d134d046fdffe0ab591324d56133a8588a6d1568:segment:001,1,2.0,2,activities/102_260715173151.csv,1,1,0,0
fit:3b92208f7c69f4002815ab20d134d046fdffe0ab591324d56133a8588a6d1568,2026-07-15T15:31:54+00:00,3,183,87,92,6.559,13.600000000000023,26,fit:3b92208f7c69f4002815ab20d134d046fdffe0ab591324d56133a8588a6d1568:segment:001,1,3.0,3,activities/102_260715173151.csv,1,1,0,0
fit:3b92208f7c69f4002815ab20d134d046fdffe0ab591324d56133a8588a6d1568,2026-07-15T15:31:55+00:00,4,20,90,55,6.769,13.600000000000023,26,fit:3b92208f7c69f4002815ab20d134d046fdffe0ab591324d56133a8588a6d1568:segment:001,1,4.0,4,activities/102_260715173151.csv,1,1,0,0
fit:3b92208f7c69f4002815ab20d134d046fdffe0ab591324d56133a8588a6d1568,2026-07-15T15:31:56+00:00,5,109,93,64,6.835,13.399999999999977,26,fit:3b92208f7c69f4002815ab20d134d046fdffe0ab591324d56133a8588a6d1568:segment:001,1,5.0,5,activities/102_260715173151.csv,1,1,0,0
fit:3b92208f7c69f4002815ab20d134d046fdffe0ab591324d56133a8588a6d1568,2026-07-15T15:31:57+00:00,6,93,93,76,6.706,13.799999999999955,26,fit:3b92208f7c69f4002815ab20d134d046fdffe0ab591324d56133a8588a6d1568:segment:001,1,6.0,6,activities/102_260715173151.csv,1,1,0,0
fit:3b92208f7c69f4002815ab20d134d046fdffe0ab591324d56133a8588a6d1568,2026-07-15T15:31:58+00:00,7,94,95,76,6.63,13.799999999999955,26,fit:3b92208f7c69f4002815ab20d134d046fdffe0ab591324d56133a8588a6d1568:segment:001,1,7.0,7,activities/102_260715173151.csv,1,1,0,0
fit:3b92208f7c69f4002815ab20d134d046fdffe0ab591324d56133a8588a6d1568,2026-07-15T15:31:59+00:00,8,253,97,88,6.684,13.799999999999955,26,fit:3b92208f7c69f4002815ab20d134d046fdffe0ab591324d56133a8588a6d1568:segment:001,1,8.0,8,activities/102_260715173151.csv,1,1,0,0
fit:3b92208f7c69f4002815ab20d134d046fdffe0ab591324d56133a8588a6d1568,2026-07-15T15:32:00+00:00,9,277,99,90,6.715,14.200000000000045,26,fit:3b92208f7c69f4002815ab20d134d046fdffe0ab591324d56133a8588a6d1568:segment:001,1,9.0,9,activities/102_260715173151.csv,1,1,0,0
fit:3b92208f7c69f4002815ab20d134d046fdffe0ab591324d56133a8588a6d1568,2026-07-15T15:32:01+00:00,10,159,101,90,6.772,14.200000000000045,26,fit:3b92208f7c69f4002815ab20d134d046fdffe0ab591324d56133a8588a6d1568:segment:001,1,10.0,10,activities/102_260715173151.csv,1,1,0,0
fit:3b92208f7c69f4002815ab20d134d046fdffe0ab591324d56133a8588a6d1568,2026-07-15T15:32:02+00:00,11,147,103,91,6.945,14.200000000000045,26,fit:3b92208f7c69f4002815ab20d134d046fdffe0ab591324d56133a8588a6d1568:segment:001,1,11.0,11,activities/102_260715173151.csv,1,1,0,0
fit:3b92208f7c69f4002815ab20d134d046fdffe0ab591324d56133a8588a6d1568,2026-07-15T15:32:03+00:00,12,219,105,92,7.038,14.200000000000045,26,fit:3b92208f7c69f4002815ab20d134d046fdffe0ab591324d56133a8588a6d1568:segment:001,1,12.0,12,activities/102_260715173151.csv,1,1,0,0
fit:3b92208f7c69f4002815ab20d134d046fdffe0ab591324d56133a8588a6d1568,2026-07-15T15:32:04+00:00,13,125,106,92,7.071,14.200000000000045,26,fit:3b92208f7c69f4002815ab20d134d046fdffe0ab591324d56133a8588a6d1568:segment:001,1,13.0,13,activities/102_260715173151.csv,1,1,0,0
fit:3b92208f7c69f4002815ab20d134d046fdffe0ab591324d56133a8588a6d1568,2026-07-15T15:32:05+00:00,14,120,106,92,7.071,14.200000000000045,26,fit:3b92208f7c69f4002815ab20d134d046fdffe0ab591324d56133a8588a6d1568:segment:001,1,14.0,14,activities/102_260715173151.csv,1,1,0,0
fit:3b92208f7c69f4002815ab20d134d046fdffe0ab591324d56133a8588a6d1568,2026-07-15T15:32:06+00:00,15,119,107,93,7.198,14.399999999999977,26,fit:3b92208f7c69f4002815ab20d134d046fdffe0ab591324d56133a8588a6d1568:segment:001,1,15.0,15,activities/102_260715173151.csv,1,1,0,0
fit:3b92208f7c69f4002815ab20d134d046fdffe0ab591324d56133a8588a6d1568,2026-07-15T15:32:07+00:00,16,133,108,94,7.214,14.399999999999977,26,fit:3b92208f7c69f4002815ab20d134d046fdffe0ab591324d56133a8588a6d1568:segment:001,1,16.0,16,activities/102_260715173151.csv,1,1,0,0
fit:3b92208f7c69f4002815ab20d134d046fdffe0ab591324d56133a8588a6d1568,2026-07-15T15:32:08+00:00,17,133,108,94,7.321,14.399999999999977,26,fit:3b92208f7c69f4002815ab20d134d046fdffe0ab591324d56133a8588a6d1568:segment:001,1,17.0,17,activities/102_260715173151.csv,1,1,0,0
fit:3b92208f7c69f4002815ab20d134d046fdffe0ab591324d56133a8588a6d1568,2026-07-15T15:32:09+00:00,18,208,109,94,7.354,14.399999999999977,26,fit:3b92208f7c69f4002815ab20d134d046fdffe0ab591324d56133a8588a6d1568:segment:001,1,18.0,18,activities/102_260715173151.csv,1,1,0,0
fit:3b92208f7c69f4002815ab20d134d046fdffe0ab591324d56133a8588a6d1568,2026-07-15T15:32:10+00:00,19,201,110,94,7.339,13.200000000000045,26,fit:3b92208f7c69f4002815ab20d134d046fdffe0ab591324d56133a8588a6d1568:segment:001,1,19.0,19,activities/102_260715173151.csv,1,1,0,0
fit:3b92208f7c69f4002815ab20d134d046fdffe0ab591324d56133a8588a6d1568,2026-07-15T15:32:11+00:00,20,185,110,95,7.323,13.200000000000045,26,fit:3b92208f7c69f4002815ab20d134d046fdffe0ab591324d56133a8588a6d1568:segment:001,1,20.0,20,activities/102_260715173151.csv,1,1,0,0
fit:3b92208f7c69f4002815ab20d134d046fdffe0ab591324d56133a8588a6d1568,2026-07-15T15:32:12+00:00,21,150,111,96,7.407,13.200000000000045,26,fit:3b92208f7c69f4002815ab20d134d046fdffe0ab591324d56133a8588a6d1568:segment:001,1,21.0,21,activities/102_260715173151.csv,1,1,0,0
fit:3b92208f7c69f4002815ab20d134d046fdffe0ab591324d56133a8588a6d1568,2026-07-15T15:32:13+00:00,22,149,111,94,7.507,13.200000000000045,26,fit:3b92208f7c69f4002815ab20d134d046fdffe0ab591324d56133a8588a6d1568:segment:001,1,22.0,22,activities/102_260715173151.csv,1,1,0,0
fit:3b92208f7c69f4002815ab20d134d046fdffe0ab591324d56133a8588a6d1568,2026-07-15T15:32:14+00:00,23,142,111,84,7.465,13.799999999999955,26,fit:3b92208f7c69f4002815ab20d134d046fdffe0ab591324d56133a8588a6d1568:segment:001,1,23.0,23,activities/102_260715173151.csv,1,1,0,0
fit:3b92208f7c69f4002815ab20d134d046fdffe0ab591324d56133a8588a6d1568,2026-07-15T15:32:15+00:00,24,134,111,84,7.479,13.799999999999955,26,fit:3b92208f7c69f4002815ab20d134d046fdffe0ab591324d56133a8588a6d1568:segment:001,1,24.0,24,activities/102_260715173151.csv,1,1,0,0
fit:3b92208f7c69f4002815ab20d134d046fdffe0ab591324d56133a8588a6d1568,2026-07-15T15:32:16+00:00,25,158,111,84,7.495,13.799999999999955,26,fit:3b92208f7c69f4002815ab20d134d046fdffe0ab591324d56133a8588a6d1568:segment:001,1,25.0,25,activities/102_260715173151.csv,1,1,0,0
fit:3b92208f7c69f4002815ab20d134d046fdffe0ab591324d56133a8588a6d1568,2026-07-15T15:32:17+00:00,26,158,111,84,7.437,13.799999999999955,26,fit:3b92208f7c69f4002815ab20d134d046fdffe0ab591324d56133a8588a6d1568:segment:001,1,26.0,26,activities/102_260715173151.csv,1,1,0,0
fit:3b92208f7c69f4002815ab20d134d046fdffe0ab591324d56133a8588a6d1568,2026-07-15T15:32:18+00:00,27,183,111,84,7.467,14.200000000000045,26,fit:3b92208f7c69f4002815ab20d134d046fdffe0ab591324d56133a8588a6d1568:segment:001,1,27.0,27,activities/102_260715173151.csv,1,1,0,0
fit:3b92208f7c69f4002815ab20d134d046fdffe0ab591324d56133a8588a6d1568,2026-07-15T15:32:19+00:00,28,153,111,85,7.574,14.200000000000045,26,fit:3b92208f7c69f4002815ab20d134d046fdffe0ab591324d56133a8588a6d1568:segment:001,1,28.0,28,activities/102_260715173151.csv,1,1,0,0
fit:3b92208f7c69f4002815ab20d134d046fdffe0ab591324d56133a8588a6d1568,2026-07-15T15:32:20+00:00,29,168,111,85,7.549,14.200000000000045,26,fit:3b92208f7c69f4002815ab20d134d046fdffe0ab591324d56133a8588a6d1568:segment:001,1,29.0,29,activities/102_260715173151.csv,1,1,0,0
fit:3b92208f7c69f4002815ab20d134d046fdffe0ab591324d56133a8588a6d1568,2026-07-15T15:32:21+00:00,30,168,111,85,7.587,13.200000000000045,26,fit:3b92208f7c69f4002815ab20d134d046fdffe0ab591324d56133a8588a6d1568:segment:001,1,30.0,30,activities/102_260715173151.csv,1,1,0,0
fit:3b92208f7c69f4002815ab20d134d046fdffe0ab591324d56133a8588a6d1568,2026-07-15T15:32:22+00:00,31,126,111,86,7.627,12.399999999999977,26,fit:3b92208f7c69f4002815ab20d134d046fdffe0ab591324d56133a8588a6d1568:segment:001,1,31.0,31,activities/102_260715173151.csv,1,1,0,0
fit:3b92208f7c69f4002815ab20d134d046fdffe0ab591324d56133a8588a6d1568,2026-07-15T15:32:23+00:00,32,127,111,85,7.611,12.399999999999977,26,fit:3b92208f7c69f4002815ab20d134d046fdffe0ab591324d56133a8588a6d1568:segment:001,1,32.0,32,activities/102_260715173151.csv,1,1,0,0
fit:3b92208f7c69f4002815ab20d134d046fdffe0ab591324d56133a8588a6d1568,2026-07-15T15:32:24+00:00,33,199,111,85,7.585,12.399999999999977,26,fit:3b92208f7c69f4002815ab20d134d046fdffe0ab591324d56133a8588a6d1568:segment:001,1,33.0,33,activities/102_260715173151.csv,1,1,0,0
fit:3b92208f7c69f4002815ab20d134d046fdffe0ab591324d56133a8588a6d1568,2026-07-15T15:32:25+00:00,34,171,111,85,7.575,13.399999999999977,26,fit:3b92208f7c69f4002815ab20d134d046fdffe0ab591324d56133a8588a6d1568:segment:001,1,34.0,34,activities/102_260715173151.csv,1,1,0,0
fit:3b92208f7c69f4002815ab20d134d046fdffe0ab591324d56133a8588a6d1568,2026-07-15T15:32:26+00:00,35,166,112,86,7.582,13.600000000000023,26,fit:3b92208f7c69f4002815ab20d134d046fdffe0ab591324d56133a8588a6d1568:segment:001,1,35.0,35,activities/102_260715173151.csv,1,1,0,0
fit:3b92208f7c69f4002815ab20d134d046fdffe0ab591324d56133a8588a6d1568,2026-07-15T15:32:27+00:00,36,165,113,87,7.643,13.600000000000023,26,fit:3b92208f7c69f4002815ab20d134d046fdffe0ab591324d56133a8588a6d1568:segment:001,1,36.0,36,activities/102_260715173151.csv,1,1,0,0
fit:3b92208f7c69f4002815ab20d134d046fdffe0ab591324d56133a8588a6d1568,2026-07-15T15:32:28+00:00,37,152,113,87,7.749,13.600000000000023,26,fit:3b92208f7c69f4002815ab20d134d046fdffe0ab591324d56133a8588a6d1568:segment:001,1,37.0,37,activities/102_260715173151.csv,1,1,0,0
fit:3b92208f7c69f4002815ab20d134d046fdffe0ab591324d56133a8588a6d1568,2026-07-15T15:32:29+00:00,38,142,114,88,7.782,13.200000000000045,26,fit:3b92208f7c69f4002815ab20d134d046fdffe0ab591324d56133a8588a6d1568:segment:001,1,38.0,38,activities/102_260715173151.csv,1,1,0,0
fit:3b92208f7c69f4002815ab20d134d046fdffe0ab591324d56133a8588a6d1568,2026-07-15T15:32:30+00:00,39,165,115,88,7.798,12.600000000000023,26,fit:3b92208f7c69f4002815ab20d134d046fdffe0ab591324d56133a8588a6d1568:segment:001,1,39.0,39,activities/102_260715173151.csv,1,1,0,0
fit:3b92208f7c69f4002815ab20d134d046fdffe0ab591324d56133a8588a6d1568,2026-07-15T15:32:31+00:00,40,196,115,89,7.854,12.600000000000023,26,fit:3b92208f7c69f4002815ab20d134d046fdffe0ab591324d56133a8588a6d1568:segment:001,1,40.0,40,activities/102_260715173151.csv,1,1,0,0
fit:3b92208f7c69f4002815ab20d134d046fdffe0ab591324d56133a8588a6d1568,2026-07-15T15:32:32+00:00,41,75,115,89,7.89,12.600000000000023,26,fit:3b92208f7c69f4002815ab20d134d046fdffe0ab591324d56133a8588a6d1568:segment:001,1,41.0,41,activities/102_260715173151.csv,1,1,0,0
fit:3b92208f7c69f4002815ab20d134d046fdffe0ab591324d56133a8588a6d1568,2026-07-15T15:32:33+00:00,42,224,116,87,7.889,12.799999999999955,26,fit:3b92208f7c69f4002815ab20d134d046fdffe0ab591324d56133a8588a6d1568:segment:001,1,42.0,42,activities/102_260715173151.csv,1,1,0,0
fit:3b92208f7c69f4002815ab20d134d046fdffe0ab591324d56133a8588a6d1568,2026-07-15T15:32:34+00:00,43,248,116,73,7.932,13.799999999999955,26,fit:3b92208f7c69f4002815ab20d134d046fdffe0ab591324d56133a8588a6d1568:segment:001,1,43.0,43,activities/102_260715173151.csv,1,1,0,0
fit:3b92208f7c69f4002815ab20d134d046fdffe0ab591324d56133a8588a6d1568,2026-07-15T15:32:35+00:00,44,79,115,73,7.928,13.799999999999955,26,fit:3b92208f7c69f4002815ab20d134d046fdffe0ab591324d56133a8588a6d1568:segment:001,1,44.0,44,activities/102_260715173151.csv,1,1,0,0
fit:3b92208f7c69f4002815ab20d134d046fdffe0ab591324d56133a8588a6d1568,2026-07-15T15:32:36+00:00,45,209,115,75,8.061,13.799999999999955,26,fit:3b92208f7c69f4002815ab20d134d046fdffe0ab591324d56133a8588a6d1568:segment:001,1,45.0,45,activities/102_260715173151.csv,1,1,0,0
fit:3b92208f7c69f4002815ab20d134d046fdffe0ab591324d56133a8588a6d1568,2026-07-15T15:32:37+00:00,46,230,115,83,8.1,13.799999999999955,26,fit:3b92208f7c69f4002815ab20d134d046fdffe0ab591324d56133a8588a6d1568:segment:001,1,46.0,46,activities/102_260715173151.csv,1,1,0,0
fit:3b92208f7c69f4002815ab20d134d046fdffe0ab591324d56133a8588a6d1568,2026-07-15T15:32:38+00:00,47,248,115,83,8.134,14.200000000000045,26,fit:3b92208f7c69f4002815ab20d134d046fdffe0ab591324d56133a8588a6d1568:segment:001,1,47.0,47,activities/102_260715173151.csv,1,1,0,0
fit:3b92208f7c69f4002815ab20d134d046fdffe0ab591324d56133a8588a6d1568,2026-07-15T15:32:39+00:00,48,170,115,84,8.231,14.200000000000045,26,fit:3b92208f7c69f4002815ab20d134d046fdffe0ab591324d56133a8588a6d1568:segment:001,1,48.0,48,activities/102_260715173151.csv,1,1,0,0
fit:3b92208f7c69f4002815ab20d134d046fdffe0ab591324d56133a8588a6d1568,2026-07-15T15:32:40+00:00,49,160,116,84,8.247,14.200000000000045,26,fit:3b92208f7c69f4002815ab20d134d046fdffe0ab591324d56133a8588a6d1568:segment:001,1,49.0,49,activities/102_260715173151.csv,1,1,0,0
fit:3b92208f7c69f4002815ab20d134d046fdffe0ab591324d56133a8588a6d1568,2026-07-15T15:32:41+00:00,50,178,116,83,8.152,13.200000000000045,26,fit:3b92208f7c69f4002815ab20d134d046fdffe0ab591324d56133a8588a6d1568:segment:001,1,50.0,50,activities/102_260715173151.csv,1,1,0,0
fit:3b92208f7c69f4002815ab20d134d046fdffe0ab591324d56133a8588a6d1568,2026-07-15T15:32:42+00:00,51,172,116,83,8.12,12.399999999999977,27,fit:3b92208f7c69f4002815ab20d134d046fdffe0ab591324d56133a8588a6d1568:segment:001,1,51.0,51,activities/102_260715173151.csv,1,1,0,0
fit:3b92208f7c69f4002815ab20d134d046fdffe0ab591324d56133a8588a6d1568,2026-07-15T15:32:43+00:00,52,159,117,82,8.149,12.399999999999977,27,fit:3b92208f7c69f4002815ab20d134d046fdffe0ab591324d56133a8588a6d1568:segment:001,1,52.0,52,activities/102_260715173151.csv,1,1,0,0
fit:3b92208f7c69f4002815ab20d134d046fdffe0ab591324d56133a8588a6d1568,2026-07-15T15:32:44+00:00,53,142,117,82,8.109,12.399999999999977,27,fit:3b92208f7c69f4002815ab20d134d046fdffe0ab591324d56133a8588a6d1568:segment:001,1,53.0,53,activities/102_260715173151.csv,1,1,0,0
fit:3b92208f7c69f4002815ab20d134d046fdffe0ab591324d56133a8588a6d1568,2026-07-15T15:32:45+00:00,54,89,117,82,7.977,13.399999999999977,27,fit:3b92208f7c69f4002815ab20d134d046fdffe0ab591324d56133a8588a6d1568:segment:001,1,54.0,54,activities/102_260715173151.csv,1,1,0,0
fit:3b92208f7c69f4002815ab20d134d046fdffe0ab591324d56133a8588a6d1568,2026-07-15T15:32:46+00:00,55,121,117,82,8.027,13.200000000000045,27,fit:3b92208f7c69f4002815ab20d134d046fdffe0ab591324d56133a8588a6d1568:segment:001,1,55.0,55,activities/102_260715173151.csv,1,1,0,0
fit:3b92208f7c69f4002815ab20d134d046fdffe0ab591324d56133a8588a6d1568,2026-07-15T15:32:47+00:00,56,149,118,81,8.007,13.200000000000045,27,fit:3b92208f7c69f4002815ab20d134d046fdffe0ab591324d56133a8588a6d1568:segment:001,1,56.0,56,activities/102_260715173151.csv,1,1,0,0
fit:3b92208f7c69f4002815ab20d134d046fdffe0ab591324d56133a8588a6d1568,2026-07-15T15:32:48+00:00,57,144,117,81,7.962,13.200000000000045,27,fit:3b92208f7c69f4002815ab20d134d046fdffe0ab591324d56133a8588a6d1568:segment:001,1,57.0,57,activities/102_260715173151.csv,1,1,0,0
fit:3b92208f7c69f4002815ab20d134d046fdffe0ab591324d56133a8588a6d1568,2026-07-15T15:32:49+00:00,58,108,117,81,7.944,13.200000000000045,27,fit:3b92208f7c69f4002815ab20d134d046fdffe0ab591324d56133a8588a6d1568:segment:001,1,58.0,58,activities/102_260715173151.csv,1,1,0,0
fit:3b92208f7c69f4002815ab20d134d046fdffe0ab591324d56133a8588a6d1568,2026-07-15T15:32:50+00:00,59,91,117,81,7.926,13.799999999999955,27,fit:3b92208f7c69f4002815ab20d134d046fdffe0ab591324d56133a8588a6d1568:segment:001,1,59.0,59,activities/102_260715173151.csv,1,1,0,0
fit:3b92208f7c69f4002815ab20d134d046fdffe0ab591324d56133a8588a6d1568,2026-07-15T15:32:51+00:00,60,133,116,81,7.829,13.799999999999955,27,fit:3b92208f7c69f4002815ab20d134d046fdffe0ab591324d56133a8588a6d1568:segment:001,1,60.0,60,activities/102_260715173151.csv,1,1,0,0
fit:3b92208f7c69f4002815ab20d134d046fdffe0ab591324d56133a8588a6d1568,2026-07-15T15:32:52+00:00,61,167,116,81,7.841,13.799999999999955,27,fit:3b92208f7c69f4002815ab20d134d046fdffe0ab591324d56133a8588a6d1568:segment:001,1,61.0,61,activities/102_260715173151.csv,1,1,0,0
fit:3b92208f7c69f4002815ab20d134d046fdffe0ab591324d56133a8588a6d1568,2026-07-15T15:32:53+00:00,62,242,114,82,7.842,13.0,27,fit:3b92208f7c69f4002815ab20d134d046fdffe0ab591324d56133a8588a6d1568:segment:001,1,62.0,62,activities/102_260715173151.csv,1,1,0,0
fit:3b92208f7c69f4002815ab20d134d046fdffe0ab591324d56133a8588a6d1568,2026-07-15T15:32:54+00:00,63,227,113,83,7.923,13.0,27,fit:3b92208f7c69f4002815ab20d134d046fdffe0ab591324d56133a8588a6d1568:segment:001,1,63.0,63,activities/102_260715173151.csv,1,1,0,0
fit:3b92208f7c69f4002815ab20d134d046fdffe0ab591324d56133a8588a6d1568,2026-07-15T15:32:55+00:00,64,166,112,84,7.972,13.0,27,fit:3b92208f7c69f4002815ab20d134d046fdffe0ab591324d56133a8588a6d1568:segment:001,1,64.0,64,activities/102_260715173151.csv,1,1,0,0
fit:3b92208f7c69f4002815ab20d134d046fdffe0ab591324d56133a8588a6d1568,2026-07-15T15:32:56+00:00,65,166,112,84,8.088,13.0,27,fit:3b92208f7c69f4002815ab20d134d046fdffe0ab591324d56133a8588a6d1568:segment:001,1,65.0,65,activities/102_260715173151.csv,1,1,0,0
fit:3b92208f7c69f4002815ab20d134d046fdffe0ab591324d56133a8588a6d1568,2026-07-15T15:32:57+00:00,66,171,111,84,8.135,13.0,27,fit:3b92208f7c69f4002815ab20d134d046fdffe0ab591324d56133a8588a6d1568:segment:001,1,66.0,66,activities/102_260715173151.csv,1,1,0,0
fit:3b92208f7c69f4002815ab20d134d046fdffe0ab591324d56133a8588a6d1568,2026-07-15T15:32:58+00:00,67,163,111,84,8.067,13.399999999999977,27,fit:3b92208f7c69f4002815ab20d134d046fdffe0ab591324d56133a8588a6d1568:segment:001,1,67.0,67,activities/102_260715173151.csv,1,1,0,0
fit:3b92208f7c69f4002815ab20d134d046fdffe0ab591324d56133a8588a6d1568,2026-07-15T15:32:59+00:00,68,146,111,84,8.174,13.399999999999977,27,fit:3b92208f7c69f4002815ab20d134d046fdffe0ab591324d56133a8588a6d1568:segment:001,1,68.0,68,activities/102_260715173151.csv,1,1,0,0
fit:3b92208f7c69f4002815ab20d134d046fdffe0ab591324d56133a8588a6d1568,2026-07-15T15:33:00+00:00,69,144,111,84,8.254,13.399999999999977,27,fit:3b92208f7c69f4002815ab20d134d046fdffe0ab591324d56133a8588a6d1568:segment:001,1,69.0,69,activities/102_260715173151.csv,1,1,0,0
fit:3b92208f7c69f4002815ab20d134d046fdffe0ab591324d56133a8588a6d1568,2026-07-15T15:33:01+00:00,70,119,111,85,8.356,13.399999999999977,27,fit:3b92208f7c69f4002815ab20d134d046fdffe0ab591324d56133a8588a6d1568:segment:001,1,70.0,70,activities/102_260715173151.csv,1,1,0,0
fit:3b92208f7c69f4002815ab20d134d046fdffe0ab591324d56133a8588a6d1568,2026-07-15T15:33:02+00:00,71,119,112,86,8.272,12.600000000000023,27,fit:3b92208f7c69f4002815ab20d134d046fdffe0ab591324d56133a8588a6d1568:segment:001,1,71.0,71,activities/102_260715173151.csv,1,1,0,0
fit:3b92208f7c69f4002815ab20d134d046fdffe0ab591324d56133a8588a6d1568,2026-07-15T15:33:03+00:00,72,128,112,87,8.396,12.600000000000023,27,fit:3b92208f7c69f4002815ab20d134d046fdffe0ab591324d56133a8588a6d1568:segment:001,1,72.0,72,activities/102_260715173151.csv,1,1,0,0
fit:3b92208f7c69f4002815ab20d134d046fdffe0ab591324d56133a8588a6d1568,2026-07-15T15:33:04+00:00,73,125,113,86,8.463,12.600000000000023,27,fit:3b92208f7c69f4002815ab20d134d046fdffe0ab591324d56133a8588a6d1568:segment:001,1,73.0,73,activities/102_260715173151.csv,1,1,0,0
fit:3b92208f7c69f4002815ab20d134d046fdffe0ab591324d56133a8588a6d1568,2026-07-15T15:33:05+00:00,74,134,114,86,8.38,13.600000000000023,27,fit:3b92208f7c69f4002815ab20d134d046fdffe0ab591324d56133a8588a6d1568:segment:001,1,74.0,74,activities/102_260715173151.csv,1,1,0,0
fit:3b92208f7c69f4002815ab20d134d046fdffe0ab591324d56133a8588a6d1568,2026-07-15T15:33:06+00:00,75,134,114,87,8.426,13.200000000000045,27,fit:3b92208f7c69f4002815ab20d134d046fdffe0ab591324d56133a8588a6d1568:segment:001,1,75.0,75,activities/102_260715173151.csv,1,1,0,0
fit:3b92208f7c69f4002815ab20d134d046fdffe0ab591324d56133a8588a6d1568,2026-07-15T15:33:07+00:00,76,128,115,87,8.47,13.200000000000045,27,fit:3b92208f7c69f4002815ab20d134d046fdffe0ab591324d56133a8588a6d1568:segment:001,1,76.0,76,activities/102_260715173151.csv,1,1,0,0
fit:3b92208f7c69f4002815ab20d134d046fdffe0ab591324d56133a8588a6d1568,2026-07-15T15:33:08+00:00,77,128,115,87,8.457,13.200000000000045,27,fit:3b92208f7c69f4002815ab20d134d046fdffe0ab591324d56133a8588a6d1568:segment:001,1,77.0,77,activities/102_260715173151.csv,1,1,0,0
fit:3b92208f7c69f4002815ab20d134d046fdffe0ab591324d56133a8588a6d1568,2026-07-15T15:33:09+00:00,78,133,115,87,8.526,13.200000000000045,27,fit:3b92208f7c69f4002815ab20d134d046fdffe0ab591324d56133a8588a6d1568:segment:001,1,78.0,78,activities/102_260715173151.csv,1,1,0,0
fit:3b92208f7c69f4002815ab20d134d046fdffe0ab591324d56133a8588a6d1568,2026-07-15T15:33:10+00:00,79,117,114,87,8.594,13.399999999999977,27,fit:3b92208f7c69f4002815ab20d134d046fdffe0ab591324d56133a8588a6d1568:segment:001,1,79.0,79,activities/102_260715173151.csv,1,1,0,0
fit:3b92208f7c69f4002815ab20d134d046fdffe0ab591324d56133a8588a6d1568,2026-07-15T15:33:11+00:00,80,106,114,88,8.61,13.399999999999977,27,fit:3b92208f7c69f4002815ab20d134d046fdffe0ab591324d56133a8588a6d1568:segment:001,1,80.0,80,activities/102_260715173151.csv,1,1,0,0
fit:3b92208f7c69f4002815ab20d134d046fdffe0ab591324d56133a8588a6d1568,2026-07-15T15:33:12+00:00,81,151,113,88,8.632,13.399999999999977,27,fit:3b92208f7c69f4002815ab20d134d046fdffe0ab591324d56133a8588a6d1568:segment:001,1,81.0,81,activities/102_260715173151.csv,1,1,0,0
fit:3b92208f7c69f4002815ab20d134d046fdffe0ab591324d56133a8588a6d1568,2026-07-15T15:33:13+00:00,82,112,113,88,8.62,13.0,27,fit:3b92208f7c69f4002815ab20d134d046fdffe0ab591324d56133a8588a6d1568:segment:001,1,82.0,82,activities/102_260715173151.csv,1,1,0,0
fit:3b92208f7c69f4002815ab20d134d046fdffe0ab591324d56133a8588a6d1568,2026-07-15T15:33:14+00:00,83,110,113,88,8.695,13.399999999999977,27,fit:3b92208f7c69f4002815ab20d134d046fdffe0ab591324d56133a8588a6d1568:segment:001,1,83.0,83,activities/102_260715173151.csv,1,1,0,0
fit:3b92208f7c69f4002815ab20d134d046fdffe0ab591324d56133a8588a6d1568,2026-07-15T15:33:15+00:00,84,152,113,88,8.669,13.399999999999977,27,fit:3b92208f7c69f4002815ab20d134d046fdffe0ab591324d56133a8588a6d1568:segment:001,1,84.0,84,activities/102_260715173151.csv,1,1,0,0
fit:3b92208f7c69f4002815ab20d134d046fdffe0ab591324d56133a8588a6d1568,2026-07-15T15:33:16+00:00,85,159,112,88,8.692,13.399999999999977,27,fit:3b92208f7c69f4002815ab20d134d046fdffe0ab591324d56133a8588a6d1568:segment:001,1,85.0,85,activities/102_260715173151.csv,1,1,0,0
fit:3b92208f7c69f4002815ab20d134d046fdffe0ab591324d56133a8588a6d1568,2026-07-15T15:33:17+00:00,86,162,112,77,8.664,12.399999999999977,27,fit:3b92208f7c69f4002815ab20d134d046fdffe0ab591324d56133a8588a6d1568:segment:001,1,86.0,86,activities/102_260715173151.csv,1,1,0,0
fit:3b92208f7c69f4002815ab20d134d046fdffe0ab591324d56133a8588a6d1568,2026-07-15T15:33:18+00:00,87,56,112,69,8.731,12.799999999999955,27,fit:3b92208f7c69f4002815ab20d134d046fdffe0ab591324d56133a8588a6d1568:segment:001,1,87.0,87,activities/102_260715173151.csv,1,1,0,0
fit:3b92208f7c69f4002815ab20d134d046fdffe0ab591324d56133a8588a6d1568,2026-07-15T15:33:19+00:00,88,119,112,75,8.759,12.799999999999955,27,fit:3b92208f7c69f4002815ab20d134d046fdffe0ab591324d56133a8588a6d1568:segment:001,1,88.0,88,activities/102_260715173151.csv,1,1,0,0
fit:3b92208f7c69f4002815ab20d134d046fdffe0ab591324d56133a8588a6d1568,2026-07-15T15:33:20+00:00,89,200,112,78,8.756,12.799999999999955,27,fit:3b92208f7c69f4002815ab20d134d046fdffe0ab591324d56133a8588a6d1568:segment:001,1,89.0,89,activities/102_260715173151.csv,1,1,0,0
fit:3b92208f7c69f4002815ab20d134d046fdffe0ab591324d56133a8588a6d1568,2026-07-15T15:33:21+00:00,90,196,111,79,8.738,12.399999999999977,27,fit:3b92208f7c69f4002815ab20d134d046fdffe0ab591324d56133a8588a6d1568:segment:001,1,90.0,90,activities/102_260715173151.csv,1,1,0,0
fit:3b92208f7c69f4002815ab20d134d046fdffe0ab591324d56133a8588a6d1568,2026-07-15T15:33:22+00:00,91,157,110,89,8.74,12.600000000000023,27,fit:3b92208f7c69f4002815ab20d134d046fdffe0ab591324d56133a8588a6d1568:segment:001,1,91.0,91,activities/102_260715173151.csv,1,1,0,0
fit:3b92208f7c69f4002815ab20d134d046fdffe0ab591324d56133a8588a6d1568,2026-07-15T15:33:23+00:00,92,138,110,89,8.704,12.600000000000023,27,fit:3b92208f7c69f4002815ab20d134d046fdffe0ab591324d56133a8588a6d1568:segment:001,1,92.0,92,activities/102_260715173151.csv,1,1,0,0
fit:3b92208f7c69f4002815ab20d134d046fdffe0ab591324d56133a8588a6d1568,2026-07-15T15:33:24+00:00,93,129,109,89,8.796,12.600000000000023,27,fit:3b92208f7c69f4002815ab20d134d046fdffe0ab591324d56133a8588a6d1568:segment:001,1,93.0,93,activities/102_260715173151.csv,1,1,0,0
fit:3b92208f7c69f4002815ab20d134d046fdffe0ab591324d56133a8588a6d1568,2026-07-15T15:33:25+00:00,94,162,109,89,8.764,12.600000000000023,27,fit:3b92208f7c69f4002815ab20d134d046fdffe0ab591324d56133a8588a6d1568:segment:001,1,94.0,94,activities/102_260715173151.csv,1,1,0,0
fit:3b92208f7c69f4002815ab20d134d046fdffe0ab591324d56133a8588a6d1568,2026-07-15T15:33:26+00:00,95,159,109,88,8.797,11.800000000000011,27,fit:3b92208f7c69f4002815ab20d134d046fdffe0ab591324d56133a8588a6d1568:segment:001,1,95.0,95,activities/102_260715173151.csv,1,1,0,0
fit:3b92208f7c69f4002815ab20d134d046fdffe0ab591324d56133a8588a6d1568,2026-07-15T15:33:27+00:00,96,154,109,89,8.758,11.800000000000011,27,fit:3b92208f7c69f4002815ab20d134d046fdffe0ab591324d56133a8588a6d1568:segment:001,1,96.0,96,activities/102_260715173151.csv,1,1,0,0
fit:3b92208f7c69f4002815ab20d134d046fdffe0ab591324d56133a8588a6d1568,2026-07-15T15:33:28+00:00,97,143,110,88,8.704,11.800000000000011,27,fit:3b92208f7c69f4002815ab20d134d046fdffe0ab591324d56133a8588a6d1568:segment:001,1,97.0,97,activities/102_260715173151.csv,1,1,0,0
fit:3b92208f7c69f4002815ab20d134d046fdffe0ab591324d56133a8588a6d1568,2026-07-15T15:33:29+00:00,98,146,111,88,8.726,12.799999999999955,27,fit:3b92208f7c69f4002815ab20d134d046fdffe0ab591324d56133a8588a6d1568:segment:001,1,98.0,98,activities/102_260715173151.csv,1,1,0,0
fit:3b92208f7c69f4002815ab20d134d046fdffe0ab591324d56133a8588a6d1568,2026-07-15T15:33:30+00:00,99,146,112,88,8.699,11.800000000000011,27,fit:3b92208f7c69f4002815ab20d134d046fdffe0ab591324d56133a8588a6d1568:segment:001,1,99.0,99,activities/102_260715173151.csv,1,1,0,0
fit:3b92208f7c69f4002815ab20d134d046fdffe0ab591324d56133a8588a6d1568,2026-07-15T15:33:31+00:00,100,126,112,88,8.765,11.800000000000011,27,fit:3b92208f7c69f4002815ab20d134d046fdffe0ab591324d56133a8588a6d1568:segment:001,1,100.0,100,activities/102_260715173151.csv,1,1,0,0
fit:3b92208f7c69f4002815ab20d134d046fdffe0ab591324d56133a8588a6d1568,2026-07-15T15:33:32+00:00,101,144,113,88,8.73,11.800000000000011,27,fit:3b92208f7c69f4002815ab20d134d046fdffe0ab591324d56133a8588a6d1568:segment:001,1,101.0,101,activities/102_260715173151.csv,1,1,0,0
fit:3b92208f7c69f4002815ab20d134d046fdffe0ab591324d56133a8588a6d1568,2026-07-15T15:33:33+00:00,102,143,113,87,8.66,12.799999999999955,27,fit:3b92208f7c69f4002815ab20d134d046fdffe0ab591324d56133a8588a6d1568:segment:001,1,102.0,102,activities/102_260715173151.csv,1,1,0,0
fit:3b92208f7c69f4002815ab20d134d046fdffe0ab591324d56133a8588a6d1568,2026-07-15T15:33:34+00:00,103,148,114,87,8.647,13.0,27,fit:3b92208f7c69f4002815ab20d134d046fdffe0ab591324d56133a8588a6d1568:segment:001,1,103.0,103,activities/102_260715173151.csv,1,1,0,0
fit:3b92208f7c69f4002815ab20d134d046fdffe0ab591324d56133a8588a6d1568,2026-07-15T15:33:35+00:00,104,144,114,87,8.637,13.0,27,fit:3b92208f7c69f4002815ab20d134d046fdffe0ab591324d56133a8588a6d1568:segment:001,1,104.0,104,activities/102_260715173151.csv,1,1,0,0
fit:3b92208f7c69f4002815ab20d134d046fdffe0ab591324d56133a8588a6d1568,2026-07-15T15:33:36+00:00,105,143,114,87,8.672,13.0,27,fit:3b92208f7c69f4002815ab20d134d046fdffe0ab591324d56133a8588a6d1568:segment:001,1,105.0,105,activities/102_260715173151.csv,1,1,0,0
fit:3b92208f7c69f4002815ab20d134d046fdffe0ab591324d56133a8588a6d1568,2026-07-15T15:33:37+00:00,106,156,114,87,8.598,12.0,27,fit:3b92208f7c69f4002815ab20d134d046fdffe0ab591324d56133a8588a6d1568:segment:001,1,106.0,106,activities/102_260715173151.csv,1,1,0,0
fit:3b92208f7c69f4002815ab20d134d046fdffe0ab591324d56133a8588a6d1568,2026-07-15T15:33:38+00:00,107,156,113,87,8.637,12.399999999999977,27,fit:3b92208f7c69f4002815ab20d134d046fdffe0ab591324d56133a8588a6d1568:segment:001,1,107.0,107,activities/102_260715173151.csv,1,1,0,0
fit:3b92208f7c69f4002815ab20d134d046fdffe0ab591324d56133a8588a6d1568,2026-07-15T15:33:39+00:00,108,147,112,87,8.601,12.399999999999977,27,fit:3b92208f7c69f4002815ab20d134d046fdffe0ab591324d56133a8588a6d1568:segment:001,1,108.0,108,activities/102_260715173151.csv,1,1,0,0
fit:3b92208f7c69f4002815ab20d134d046fdffe0ab591324d56133a8588a6d1568,2026-07-15T15:33:40+00:00,109,141,112,88,8.628,12.399999999999977,27,fit:3b92208f7c69f4002815ab20d134d046fdffe0ab591324d56133a8588a6d1568:segment:001,1,109.0,109,activities/102_260715173151.csv,1,1,0,0
fit:3b92208f7c69f4002815ab20d134d046fdffe0ab591324d56133a8588a6d1568,2026-07-15T15:33:41+00:00,110,165,111,88,8.649,11.800000000000011,27,fit:3b92208f7c69f4002815ab20d134d046fdffe0ab591324d56133a8588a6d1568:segment:001,1,110.0,110,activities/102_260715173151.csv,1,1,0,0
fit:3b92208f7c69f4002815ab20d134d046fdffe0ab591324d56133a8588a6d1568,2026-07-15T15:33:42+00:00,111,176,111,88,8.677,11.600000000000023,27,fit:3b92208f7c69f4002815ab20d134d046fdffe0ab591324d56133a8588a6d1568:segment:001,1,111.0,111,activities/102_260715173151.csv,1,1,0,0
fit:3b92208f7c69f4002815ab20d134d046fdffe0ab591324d56133a8588a6d1568,2026-07-15T15:33:43+00:00,112,195,110,89,8.72,11.600000000000023,27,fit:3b92208f7c69f4002815ab20d134d046fdffe0ab591324d56133a8588a6d1568:segment:001,1,112.0,112,activities/102_260715173151.csv,1,1,0,0
fit:3b92208f7c69f4002815ab20d134d046fdffe0ab591324d56133a8588a6d1568,2026-07-15T15:33:44+00:00,113,153,110,89,8.752,11.600000000000023,27,fit:3b92208f7c69f4002815ab20d134d046fdffe0ab591324d56133a8588a6d1568:segment:001,1,113.0,113,activities/102_260715173151.csv,1,1,0,0
fit:3b92208f7c69f4002815ab20d134d046fdffe0ab591324d56133a8588a6d1568,2026-07-15T15:33:45+00:00,114,133,110,90,8.727,11.600000000000023,27,fit:3b92208f7c69f4002815ab20d134d046fdffe0ab591324d56133a8588a6d1568:segment:001,1,114.0,114,activities/102_260715173151.csv,1,1,0,0
fit:3b92208f7c69f4002815ab20d134d046fdffe0ab591324d56133a8588a6d1568,2026-07-15T15:33:46+00:00,115,138,110,89,8.748,11.399999999999977,27,fit:3b92208f7c69f4002815ab20d134d046fdffe0ab591324d56133a8588a6d1568:segment:001,1,115.0,115,activities/102_260715173151.csv,1,1,0,0
fit:3b92208f7c69f4002815ab20d134d046fdffe0ab591324d56133a8588a6d1568,2026-07-15T15:33:47+00:00,116,143,109,89,8.758,11.399999999999977,27,fit:3b92208f7c69f4002815ab20d134d046fdffe0ab591324d56133a8588a6d1568:segment:001,1,116.0,116,activities/102_260715173151.csv,1,1,0,0
fit:3b92208f7c69f4002815ab20d134d046fdffe0ab591324d56133a8588a6d1568,2026-07-15T15:33:48+00:00,117,156,109,89,8.727,11.399999999999977,27,fit:3b92208f7c69f4002815ab20d134d046fdffe0ab591324d56133a8588a6d1568:segment:001,1,117.0,117,activities/102_260715173151.csv,1,1,0,0
fit:3b92208f7c69f4002815ab20d134d046fdffe0ab591324d56133a8588a6d1568,2026-07-15T15:33:49+00:00,118,157,108,88,8.725,11.399999999999977,27,fit:3b92208f7c69f4002815ab20d134d046fdffe0ab591324d56133a8588a6d1568:segment:001,1,118.0,118,activities/102_260715173151.csv,1,1,0,0
fit:3b92208f7c69f4002815ab20d134d046fdffe0ab591324d56133a8588a6d1568,2026-07-15T15:33:50+00:00,119,152,108,88,8.713,10.800000000000011,27,fit:3b92208f7c69f4002815ab20d134d046fdffe0ab591324d56133a8588a6d1568:segment:001,1,119.0,119,activities/102_260715173151.csv,1,1,0,0
fit:3b92208f7c69f4002815ab20d134d046fdffe0ab591324d56133a8588a6d1568,2026-07-15T15:33:51+00:00,120,137,108,87,8.693,10.800000000000011,27,fit:3b92208f7c69f4002815ab20d134d046fdffe0ab591324d56133a8588a6d1568:segment:001,1,120.0,120,activities/102_260715173151.csv,1,1,0,0
fit:3b92208f7c69f4002815ab20d134d046fdffe0ab591324d56133a8588a6d1568,2026-07-15T15:33:52+00:00,121,138,108,87,8.679,10.800000000000011,27,fit:3b92208f7c69f4002815ab20d134d046fdffe0ab591324d56133a8588a6d1568:segment:001,1,121.0,121,activities/102_260715173151.csv,1,1,0,0
fit:3b92208f7c69f4002815ab20d134d046fdffe0ab591324d56133a8588a6d1568,2026-07-15T15:33:53+00:00,122,176,107,87,8.68,11.600000000000023,28,fit:3b92208f7c69f4002815ab20d134d046fdffe0ab591324d56133a8588a6d1568:segment:001,1,122.0,122,activities/102_260715173151.csv,1,1,0,0
fit:3b92208f7c69f4002815ab20d134d046fdffe0ab591324d56133a8588a6d1568,2026-07-15T15:33:54+00:00,123,248,108,87,8.667,12.399999999999977,28,fit:3b92208f7c69f4002815ab20d134d046fdffe0ab591324d56133a8588a6d1568:segment:001,1,123.0,123,activities/102_260715173151.csv,1,1,0,0
fit:3b92208f7c69f4002815ab20d134d046fdffe0ab591324d56133a8588a6d1568,2026-07-15T15:33:55+00:00,124,180,108,87,8.696,12.399999999999977,28,fit:3b92208f7c69f4002815ab20d134d046fdffe0ab591324d56133a8588a6d1568:segment:001,1,124.0,124,activities/102_260715173151.csv,1,1,0,0
fit:3b92208f7c69f4002815ab20d134d046fdffe0ab591324d56133a8588a6d1568,2026-07-15T15:33:56+00:00,125,155,108,88,8.725,12.399999999999977,28,fit:3b92208f7c69f4002815ab20d134d046fdffe0ab591324d56133a8588a6d1568:segment:001,1,125.0,125,activities/102_260715173151.csv,1,1,0,0
fit:3b92208f7c69f4002815ab20d134d046fdffe0ab591324d56133a8588a6d1568,2026-07-15T15:33:57+00:00,126,113,109,89,8.747,12.0,28,fit:3b92208f7c69f4002815ab20d134d046fdffe0ab591324d56133a8588a6d1568:segment:001,1,126.0,126,activities/102_260715173151.csv,1,1,0,0
fit:3b92208f7c69f4002815ab20d134d046fdffe0ab591324d56133a8588a6d1568,2026-07-15T15:33:58+00:00,127,108,109,89,8.791,11.399999999999977,28,fit:3b92208f7c69f4002815ab20d134d046fdffe0ab591324d56133a8588a6d1568:segment:001,1,127.0,127,activities/102_260715173151.csv,1,1,0,0
fit:3b92208f7c69f4002815ab20d134d046fdffe0ab591324d56133a8588a6d1568,2026-07-15T15:33:59+00:00,128,104,110,88,8.785,11.399999999999977,28,fit:3b92208f7c69f4002815ab20d134d046fdffe0ab591324d56133a8588a6d1568:segment:001,1,128.0,128,activities/102_260715173151.csv,1,1,0,0
fit:3b92208f7c69f4002815ab20d134d046fdffe0ab591324d56133a8588a6d1568,2026-07-15T15:34:00+00:00,129,104,110,88,8.747,11.399999999999977,28,fit:3b92208f7c69f4002815ab20d134d046fdffe0ab591324d56133a8588a6d1568:segment:001,1,129.0,129,activities/102_260715173151.csv,1,1,0,0
fit:3b92208f7c69f4002815ab20d134d046fdffe0ab591324d56133a8588a6d1568,2026-07-15T15:34:01+00:00,130,114,111,88,8.725,11.399999999999977,28,fit:3b92208f7c69f4002815ab20d134d046fdffe0ab591324d56133a8588a6d1568:segment:001,1,130.0,130,activities/102_260715173151.csv,1,1,0,0
fit:3b92208f7c69f4002815ab20d134d046fdffe0ab591324d56133a8588a6d1568,2026-07-15T15:34:02+00:00,131,117,112,87,8.624,11.600000000000023,28,fit:3b92208f7c69f4002815ab20d134d046fdffe0ab591324d56133a8588a6d1568:segment:001,1,131.0,131,activities/102_260715173151.csv,1,1,0,0
fit:3b92208f7c69f4002815ab20d134d046fdffe0ab591324d56133a8588a6d1568,2026-07-15T15:34:03+00:00,132,171,113,87,8.581,11.600000000000023,28,fit:3b92208f7c69f4002815ab20d134d046fdffe0ab591324d56133a8588a6d1568:segment:001,1,132.0,132,activities/102_260715173151.csv,1,1,0,0
fit:3b92208f7c69f4002815ab20d134d046fdffe0ab591324d56133a8588a6d1568,2026-07-15T15:34:04+00:00,133,136,114,87,8.504,11.600000000000023,28,fit:3b92208f7c69f4002815ab20d134d046fdffe0ab591324d56133a8588a6d1568:segment:001,1,133.0,133,activities/102_260715173151.csv,1,1,0,0
fit:3b92208f7c69f4002815ab20d134d046fdffe0ab591324d56133a8588a6d1568,2026-07-15T15:34:05+00:00,134,131,115,86,8.452,11.600000000000023,28,fit:3b92208f7c69f4002815ab20d134d046fdffe0ab591324d56133a8588a6d1568:segment:001,1,134.0,134,activities/102_260715173151.csv,1,1,0,0
fit:3b92208f7c69f4002815ab20d134d046fdffe0ab591324d56133a8588a6d1568,2026-07-15T15:34:06+00:00,135,140,115,86,8.451,11.800000000000011,28,fit:3b92208f7c69f4002815ab20d134d046fdffe0ab591324d56133a8588a6d1568:segment:001,1,135.0,135,activities/102_260715173151.csv,1,1,0,0
fit:3b92208f7c69f4002815ab20d134d046fdffe0ab591324d56133a8588a6d1568,2026-07-15T15:34:07+00:00,136,117,116,86,8.496,11.800000000000011,28,fit:3b92208f7c69f4002815ab20d134d046fdffe0ab591324d56133a8588a6d1568:segment:001,1,136.0,136,activities/102_260715173151.csv,1,1,0,0
fit:3b92208f7c69f4002815ab20d134d046fdffe0ab591324d56133a8588a6d1568,2026-07-15T15:34:08+00:00,137,175,116,86,8.517,11.800000000000011,28,fit:3b92208f7c69f4002815ab20d134d046fdffe0ab591324d56133a8588a6d1568:segment:001,1,137.0,137,activities/102_260715173151.csv,1,1,0,0
fit:3b92208f7c69f4002815ab20d134d046fdffe0ab591324d56133a8588a6d1568,2026-07-15T15:34:09+00:00,138,175,116,86,8.552,11.800000000000011,28,fit:3b92208f7c69f4002815ab20d134d046fdffe0ab591324d56133a8588a6d1568:segment:001,1,138.0,138,activities/102_260715173151.csv,1,1,0,0
fit:3b92208f7c69f4002815ab20d134d046fdffe0ab591324d56133a8588a6d1568,2026-07-15T15:34:10+00:00,139,125,116,86,8.564,12.0,28,fit:3b92208f7c69f4002815ab20d134d046fdffe0ab591324d56133a8588a6d1568:segment:001,1,139.0,139,activities/102_260715173151.csv,1,1,0,0
fit:3b92208f7c69f4002815ab20d134d046fdffe0ab591324d56133a8588a6d1568,2026-07-15T15:34:11+00:00,140,121,116,87,8.614,12.0,28,fit:3b92208f7c69f4002815ab20d134d046fdffe0ab591324d56133a8588a6d1568:segment:001,1,140.0,140,activities/102_260715173151.csv,1,1,0,0
fit:3b92208f7c69f4002815ab20d134d046fdffe0ab591324d56133a8588a6d1568,2026-07-15T15:34:12+00:00,141,170,117,87,8.604,12.0,28,fit:3b92208f7c69f4002815ab20d134d046fdffe0ab591324d56133a8588a6d1568:segment:001,1,141.0,141,activities/102_260715173151.csv,1,1,0,0
fit:3b92208f7c69f4002815ab20d134d046fdffe0ab591324d56133a8588a6d1568,2026-07-15T15:34:13+00:00,142,170,116,87,8.568,11.800000000000011,28,fit:3b92208f7c69f4002815ab20d134d046fdffe0ab591324d56133a8588a6d1568:segment:001,1,142.0,142,activities/102_260715173151.csv,1,1,0,0
fit:3b92208f7c69f4002815ab20d134d046fdffe0ab591324d56133a8588a6d1568,2026-07-15T15:34:14+00:00,143,170,116,87,8.535,12.0,28,fit:3b92208f7c69f4002815ab20d134d046fdffe0ab591324d56133a8588a6d1568:segment:001,1,143.0,143,activities/102_260715173151.csv,1,1,0,0
fit:3b92208f7c69f4002815ab20d134d046fdffe0ab591324d56133a8588a6d1568,2026-07-15T15:34:15+00:00,144,150,115,87,8.516,12.0,28,fit:3b92208f7c69f4002815ab20d134d046fdffe0ab591324d56133a8588a6d1568:segment:001,1,144.0,144,activities/102_260715173151.csv,1,1,0,0
fit:3b92208f7c69f4002815ab20d134d046fdffe0ab591324d56133a8588a6d1568,2026-07-15T15:34:16+00:00,145,128,114,87,8.532,12.0,28,fit:3b92208f7c69f4002815ab20d134d046fdffe0ab591324d56133a8588a6d1568:segment:001,1,145.0,145,activities/102_260715173151.csv,1,1,0,0
fit:3b92208f7c69f4002815ab20d134d046fdffe0ab591324d56133a8588a6d1568,2026-07-15T15:34:17+00:00,146,123,113,87,8.566,11.399999999999977,28,fit:3b92208f7c69f4002815ab20d134d046fdffe0ab591324d56133a8588a6d1568:segment:001,1,146.0,146,activities/102_260715173151.csv,1,1,0,0
fit:3b92208f7c69f4002815ab20d134d046fdffe0ab591324d56133a8588a6d1568,2026-07-15T15:34:18+00:00,147,148,111,87,8.495,11.600000000000023,28,fit:3b92208f7c69f4002815ab20d134d046fdffe0ab591324d56133a8588a6d1568:segment:001,1,147.0,147,activities/102_260715173151.csv,1,1,0,0
fit:3b92208f7c69f4002815ab20d134d046fdffe0ab591324d56133a8588a6d1568,2026-07-15T15:34:19+00:00,148,154,110,86,8.433,11.600000000000023,28,fit:3b92208f7c69f4002815ab20d134d046fdffe0ab591324d56133a8588a6d1568:segment:001,1,148.0,148,activities/102_260715173151.csv,1,1,0,0
fit:3b92208f7c69f4002815ab20d134d046fdffe0ab591324d56133a8588a6d1568,2026-07-15T15:34:20+00:00,149,156,109,86,8.42,11.600000000000023,28,fit:3b92208f7c69f4002815ab20d134d046fdffe0ab591324d56133a8588a6d1568:segment:001,1,149.0,149,activities/102_260715173151.csv,1,1,0,0
fit:3b92208f7c69f4002815ab20d134d046fdffe0ab591324d56133a8588a6d1568,2026-07-15T15:34:21+00:00,150,158,109,86,8.392,11.600000000000023,28,fit:3b92208f7c69f4002815ab20d134d046fdffe0ab591324d56133a8588a6d1568:segment:001,1,150.0,150,activities/102_260715173151.csv,1,1,0,0
fit:3b92208f7c69f4002815ab20d134d046fdffe0ab591324d56133a8588a6d1568,2026-07-15T15:34:22+00:00,151,156,109,86,8.47,11.399999999999977,28,fit:3b92208f7c69f4002815ab20d134d046fdffe0ab591324d56133a8588a6d1568:segment:001,1,151.0,151,activities/102_260715173151.csv,1,1,0,0
fit:3b92208f7c69f4002815ab20d134d046fdffe0ab591324d56133a8588a6d1568,2026-07-15T15:34:23+00:00,152,150,109,86,8.484,11.399999999999977,28,fit:3b92208f7c69f4002815ab20d134d046fdffe0ab591324d56133a8588a6d1568:segment:001,1,152.0,152,activities/102_260715173151.csv,1,1,0,0
fit:3b92208f7c69f4002815ab20d134d046fdffe0ab591324d56133a8588a6d1568,2026-07-15T15:34:24+00:00,153,142,109,86,8.504,11.399999999999977,28,fit:3b92208f7c69f4002815ab20d134d046fdffe0ab591324d56133a8588a6d1568:segment:001,1,153.0,153,activities/102_260715173151.csv,1,1,0,0
fit:3b92208f7c69f4002815ab20d134d046fdffe0ab591324d56133a8588a6d1568,2026-07-15T15:34:25+00:00,154,134,109,86,8.534,11.399999999999977,28,fit:3b92208f7c69f4002815ab20d134d046fdffe0ab591324d56133a8588a6d1568:segment:001,1,154.0,154,activities/102_260715173151.csv,1,1,0,0
fit:3b92208f7c69f4002815ab20d134d046fdffe0ab591324d56133a8588a6d1568,2026-07-15T15:34:26+00:00,155,134,110,86,8.457,11.600000000000023,28,fit:3b92208f7c69f4002815ab20d134d046fdffe0ab591324d56133a8588a6d1568:segment:001,1,155.0,155,activities/102_260715173151.csv,1,1,0,0
fit:3b92208f7c69f4002815ab20d134d046fdffe0ab591324d56133a8588a6d1568,2026-07-15T15:34:27+00:00,156,127,110,86,8.455,11.600000000000023,28,fit:3b92208f7c69f4002815ab20d134d046fdffe0ab591324d56133a8588a6d1568:segment:001,1,156.0,156,activities/102_260715173151.csv,1,1,0,0
fit:3b92208f7c69f4002815ab20d134d046fdffe0ab591324d56133a8588a6d1568,2026-07-15T15:34:28+00:00,157,131,110,86,8.434,11.600000000000023,28,fit:3b92208f7c69f4002815ab20d134d046fdffe0ab591324d56133a8588a6d1568:segment:001,1,157.0,157,activities/102_260715173151.csv,1,1,0,0
fit:3b92208f7c69f4002815ab20d134d046fdffe0ab591324d56133a8588a6d1568,2026-07-15T15:34:29+00:00,158,127,110,86,8.475,11.600000000000023,28,fit:3b92208f7c69f4002815ab20d134d046fdffe0ab591324d56133a8588a6d1568:segment:001,1,158.0,158,activities/102_260715173151.csv,1,1,0,0
fit:3b92208f7c69f4002815ab20d134d046fdffe0ab591324d56133a8588a6d1568,2026-07-15T15:34:30+00:00,159,128,109,86,8.553,11.600000000000023,28,fit:3b92208f7c69f4002815ab20d134d046fdffe0ab591324d56133a8588a6d1568:segment:001,1,159.0,159,activities/102_260715173151.csv,1,1,0,0
fit:3b92208f7c69f4002815ab20d134d046fdffe0ab591324d56133a8588a6d1568,2026-07-15T15:34:31+00:00,160,125,109,85,8.528,11.600000000000023,28,fit:3b92208f7c69f4002815ab20d134d046fdffe0ab591324d56133a8588a6d1568:segment:001,1,160.0,160,activities/102_260715173151.csv,1,1,0,0
fit:3b92208f7c69f4002815ab20d134d046fdffe0ab591324d56133a8588a6d1568,2026-07-15T15:34:32+00:00,161,130,109,85,8.447,11.600000000000023,28,fit:3b92208f7c69f4002815ab20d134d046fdffe0ab591324d56133a8588a6d1568:segment:001,1,161.0,161,activities/102_260715173151.csv,1,1,0,0
fit:3b92208f7c69f4002815ab20d134d046fdffe0ab591324d56133a8588a6d1568,2026-07-15T15:34:33+00:00,162,131,109,85,8.399,11.600000000000023,28,fit:3b92208f7c69f4002815ab20d134d046fdffe0ab591324d56133a8588a6d1568:segment:001,1,162.0,162,activities/102_260715173151.csv,1,1,0,0
fit:3b92208f7c69f4002815ab20d134d046fdffe0ab591324d56133a8588a6d1568,2026-07-15T15:34:34+00:00,163,136,109,85,8.341,11.399999999999977,28,fit:3b92208f7c69f4002815ab20d134d046fdffe0ab591324d56133a8588a6d1568:segment:001,1,163.0,163,activities/102_260715173151.csv,1,1,0,0
fit:3b92208f7c69f4002815ab20d134d046fdffe0ab591324d56133a8588a6d1568,2026-07-15T15:34:35+00:00,164,137,109,84,8.321,11.399999999999977,28,fit:3b92208f7c69f4002815ab20d134d046fdffe0ab591324d56133a8588a6d1568:segment:001,1,164.0,164,activities/102_260715173151.csv,1,1,0,0
fit:3b92208f7c69f4002815ab20d134d046fdffe0ab591324d56133a8588a6d1568,2026-07-15T15:34:36+00:00,165,150,109,84,8.326,11.399999999999977,28,fit:3b92208f7c69f4002815ab20d134d046fdffe0ab591324d56133a8588a6d1568:segment:001,1,165.0,165,activities/102_260715173151.csv,1,1,0,0
fit:3b92208f7c69f4002815ab20d134d046fdffe0ab591324d56133a8588a6d1568,2026-07-15T15:34:37+00:00,166,155,108,84,8.277,11.600000000000023,28,fit:3b92208f7c69f4002815ab20d134d046fdffe0ab591324d56133a8588a6d1568:segment:001,1,166.0,166,activities/102_260715173151.csv,1,1,0,0
fit:3b92208f7c69f4002815ab20d134d046fdffe0ab591324d56133a8588a6d1568,2026-07-15T15:34:38+00:00,167,147,108,85,8.331,11.600000000000023,28,fit:3b92208f7c69f4002815ab20d134d046fdffe0ab591324d56133a8588a6d1568:segment:001,1,167.0,167,activities/102_260715173151.csv,1,1,0,0
fit:3b92208f7c69f4002815ab20d134d046fdffe0ab591324d56133a8588a6d1568,2026-07-15T15:34:39+00:00,168,135,108,85,8.361,11.600000000000023,28,fit:3b92208f7c69f4002815ab20d134d046fdffe0ab591324d56133a8588a6d1568:segment:001,1,168.0,168,activities/102_260715173151.csv,1,1,0,0
fit:3b92208f7c69f4002815ab20d134d046fdffe0ab591324d56133a8588a6d1568,2026-07-15T15:34:40+00:00,169,137,107,85,8.363,11.600000000000023,28,fit:3b92208f7c69f4002815ab20d134d046fdffe0ab591324d56133a8588a6d1568:segment:001,1,169.0,169,activities/102_260715173151.csv,1,1,0,0
fit:3b92208f7c69f4002815ab20d134d046fdffe0ab591324d56133a8588a6d1568,2026-07-15T15:34:41+00:00,170,140,107,85,8.359,11.600000000000023,28,fit:3b92208f7c69f4002815ab20d134d046fdffe0ab591324d56133a8588a6d1568:segment:001,1,170.0,170,activities/102_260715173151.csv,1,1,0,0
fit:3b92208f7c69f4002815ab20d134d046fdffe0ab591324d56133a8588a6d1568,2026-07-15T15:34:42+00:00,171,131,107,85,8.393,11.199999999999989,28,fit:3b92208f7c69f4002815ab20d134d046fdffe0ab591324d56133a8588a6d1568:segment:001,1,171.0,171,activities/102_260715173151.csv,1,1,0,0
fit:3b92208f7c69f4002815ab20d134d046fdffe0ab591324d56133a8588a6d1568,2026-07-15T15:34:43+00:00,172,130,107,85,8.419,11.199999999999989,28,fit:3b92208f7c69f4002815ab20d134d046fdffe0ab591324d56133a8588a6d1568:segment:001,1,172.0,172,activities/102_260715173151.csv,1,1,0,0
fit:3b92208f7c69f4002815ab20d134d046fdffe0ab591324d56133a8588a6d1568,2026-07-15T15:34:44+00:00,173,152,107,85,8.452,11.199999999999989,28,fit:3b92208f7c69f4002815ab20d134d046fdffe0ab591324d56133a8588a6d1568:segment:001,1,173.0,173,activities/102_260715173151.csv,1,1,0,0
fit:3b92208f7c69f4002815ab20d134d046fdffe0ab591324d56133a8588a6d1568,2026-07-15T15:34:45+00:00,174,146,107,85,8.438,11.199999999999989,28,fit:3b92208f7c69f4002815ab20d134d046fdffe0ab591324d56133a8588a6d1568:segment:001,1,174.0,174,activities/102_260715173151.csv,1,1,0,0
fit:3b92208f7c69f4002815ab20d134d046fdffe0ab591324d56133a8588a6d1568,2026-07-15T15:34:46+00:00,175,167,107,86,8.461,11.800000000000011,28,fit:3b92208f7c69f4002815ab20d134d046fdffe0ab591324d56133a8588a6d1568:segment:001,1,175.0,175,activities/102_260715173151.csv,1,1,0,0
fit:3b92208f7c69f4002815ab20d134d046fdffe0ab591324d56133a8588a6d1568,2026-07-15T15:34:47+00:00,176,165,107,86,8.441,11.800000000000011,28,fit:3b92208f7c69f4002815ab20d134d046fdffe0ab591324d56133a8588a6d1568:segment:001,1,176.0,176,activities/102_260715173151.csv,1,1,0,0
fit:3b92208f7c69f4002815ab20d134d046fdffe0ab591324d56133a8588a6d1568,2026-07-15T15:34:48+00:00,177,140,107,87,8.42,11.800000000000011,28,fit:3b92208f7c69f4002815ab20d134d046fdffe0ab591324d56133a8588a6d1568:segment:001,1,177.0,177,activities/102_260715173151.csv,1,1,0,0
fit:3b92208f7c69f4002815ab20d134d046fdffe0ab591324d56133a8588a6d1568,2026-07-15T15:34:49+00:00,178,141,108,87,8.489,11.800000000000011,28,fit:3b92208f7c69f4002815ab20d134d046fdffe0ab591324d56133a8588a6d1568:segment:001,1,178.0,178,activities/102_260715173151.csv,1,1,0,0
fit:3b92208f7c69f4002815ab20d134d046fdffe0ab591324d56133a8588a6d1568,2026-07-15T15:34:50+00:00,179,141,108,87,8.544,12.0,28,fit:3b92208f7c69f4002815ab20d134d046fdffe0ab591324d56133a8588a6d1568:segment:001,1,179.0,179,activities/102_260715173151.csv,1,1,0,0
fit:3b92208f7c69f4002815ab20d134d046fdffe0ab591324d56133a8588a6d1568,2026-07-15T15:34:51+00:00,180,142,109,86,8.556,12.0,28,fit:3b92208f7c69f4002815ab20d134d046fdffe0ab591324d56133a8588a6d1568:segment:001,1,180.0,180,activities/102_260715173151.csv,1,1,0,0
fit:3b92208f7c69f4002815ab20d134d046fdffe0ab591324d56133a8588a6d1568,2026-07-15T15:34:52+00:00,181,132,109,86,8.597,12.0,28,fit:3b92208f7c69f4002815ab20d134d046fdffe0ab591324d56133a8588a6d1568:segment:001,1,181.0,181,activities/102_260715173151.csv,1,1,0,0
fit:3b92208f7c69f4002815ab20d134d046fdffe0ab591324d56133a8588a6d1568,2026-07-15T15:34:53+00:00,182,141,109,86,8.619,11.399999999999977,28,fit:3b92208f7c69f4002815ab20d134d046fdffe0ab591324d56133a8588a6d1568:segment:001,1,182.0,182,activities/102_260715173151.csv,1,1,0,0
fit:3b92208f7c69f4002815ab20d134d046fdffe0ab591324d56133a8588a6d1568,2026-07-15T15:34:54+00:00,183,143,110,86,8.586,11.600000000000023,28,fit:3b92208f7c69f4002815ab20d134d046fdffe0ab591324d56133a8588a6d1568:segment:001,1,183.0,183,activities/102_260715173151.csv,1,1,0,0
fit:3b92208f7c69f4002815ab20d134d046fdffe0ab591324d56133a8588a6d1568,2026-07-15T15:34:55+00:00,184,139,110,87,8.573,11.600000000000023,28,fit:3b92208f7c69f4002815ab20d134d046fdffe0ab591324d56133a8588a6d1568:segment:001,1,184.0,184,activities/102_260715173151.csv,1,1,0,0
fit:3b92208f7c69f4002815ab20d134d046fdffe0ab591324d56133a8588a6d1568,2026-07-15T15:34:56+00:00,185,131,110,87,8.534,11.600000000000023,28,fit:3b92208f7c69f4002815ab20d134d046fdffe0ab591324d56133a8588a6d1568:segment:001,1,185.0,185,activities/102_260715173151.csv,1,1,0,0
fit:3b92208f7c69f4002815ab20d134d046fdffe0ab591324d56133a8588a6d1568,2026-07-15T15:34:57+00:00,186,131,110,87,8.511,11.600000000000023,28,fit:3b92208f7c69f4002815ab20d134d046fdffe0ab591324d56133a8588a6d1568:segment:001,1,186.0,186,activities/102_260715173151.csv,1,1,0,0
fit:3b92208f7c69f4002815ab20d134d046fdffe0ab591324d56133a8588a6d1568,2026-07-15T15:34:58+00:00,187,131,110,87,8.503,10.800000000000011,28,fit:3b92208f7c69f4002815ab20d134d046fdffe0ab591324d56133a8588a6d1568:segment:001,1,187.0,187,activities/102_260715173151.csv,1,1,0,0
fit:3b92208f7c69f4002815ab20d134d046fdffe0ab591324d56133a8588a6d1568,2026-07-15T15:34:59+00:00,188,130,110,86,8.501,10.800000000000011,28,fit:3b92208f7c69f4002815ab20d134d046fdffe0ab591324d56133a8588a6d1568:segment:001,1,188.0,188,activities/102_260715173151.csv,1,1,0,0
fit:3b92208f7c69f4002815ab20d134d046fdffe0ab591324d56133a8588a6d1568,2026-07-15T15:35:00+00:00,189,158,110,86,8.437,10.800000000000011,28,fit:3b92208f7c69f4002815ab20d134d046fdffe0ab591324d56133a8588a6d1568:segment:001,1,189.0,189,activities/102_260715173151.csv,1,1,0,0
fit:3b92208f7c69f4002815ab20d134d046fdffe0ab591324d56133a8588a6d1568,2026-07-15T15:35:01+00:00,190,124,111,86,8.457,10.800000000000011,28,fit:3b92208f7c69f4002815ab20d134d046fdffe0ab591324d56133a8588a6d1568:segment:001,1,190.0,190,activities/102_260715173151.csv,1,1,0,0
fit:3b92208f7c69f4002815ab20d134d046fdffe0ab591324d56133a8588a6d1568,2026-07-15T15:35:02+00:00,191,118,112,86,8.488,11.0,28,fit:3b92208f7c69f4002815ab20d134d046fdffe0ab591324d56133a8588a6d1568:segment:001,1,191.0,191,activities/102_260715173151.csv,1,1,0,0
fit:3b92208f7c69f4002815ab20d134d046fdffe0ab591324d56133a8588a6d1568,2026-07-15T15:35:03+00:00,192,118,112,86,8.524,11.0,28,fit:3b92208f7c69f4002815ab20d134d046fdffe0ab591324d56133a8588a6d1568:segment:001,1,192.0,192,activities/102_260715173151.csv,1,1,0,0
fit:3b92208f7c69f4002815ab20d134d046fdffe0ab591324d56133a8588a6d1568,2026-07-15T15:35:04+00:00,193,133,112,86,8.514,11.0,28,fit:3b92208f7c69f4002815ab20d134d046fdffe0ab591324d56133a8588a6d1568:segment:001,1,193.0,193,activities/102_260715173151.csv,1,1,0,0
fit:3b92208f7c69f4002815ab20d134d046fdffe0ab591324d56133a8588a6d1568,2026-07-15T15:35:05+00:00,194,112,114,86,8.547,11.0,28,fit:3b92208f7c69f4002815ab20d134d046fdffe0ab591324d56133a8588a6d1568:segment:001,1,194.0,194,activities/102_260715173151.csv,1,1,0,0
fit:3b92208f7c69f4002815ab20d134d046fdffe0ab591324d56133a8588a6d1568,2026-07-15T15:35:06+00:00,195,131,114,86,8.501,11.199999999999989,28,fit:3b92208f7c69f4002815ab20d134d046fdffe0ab591324d56133a8588a6d1568:segment:001,1,195.0,195,activities/102_260715173151.csv,1,1,0,0
fit:3b92208f7c69f4002815ab20d134d046fdffe0ab591324d56133a8588a6d1568,2026-07-15T15:35:07+00:00,196,139,115,85,8.456,11.199999999999989,28,fit:3b92208f7c69f4002815ab20d134d046fdffe0ab591324d56133a8588a6d1568:segment:001,1,196.0,196,activities/102_260715173151.csv,1,1,0,0
fit:3b92208f7c69f4002815ab20d134d046fdffe0ab591324d56133a8588a6d1568,2026-07-15T15:35:08+00:00,197,145,114,85,8.408,11.199999999999989,28,fit:3b92208f7c69f4002815ab20d134d046fdffe0ab591324d56133a8588a6d1568:segment:001,1,197.0,197,activities/102_260715173151.csv,1,1,0,0
fit:3b92208f7c69f4002815ab20d134d046fdffe0ab591324d56133a8588a6d1568,2026-07-15T15:35:09+00:00,198,129,114,86,8.398,11.199999999999989,28,fit:3b92208f7c69f4002815ab20d134d046fdffe0ab591324d56133a8588a6d1568:segment:001,1,198.0,198,activities/102_260715173151.csv,1,1,0,0
fit:3b92208f7c69f4002815ab20d134d046fdffe0ab591324d56133a8588a6d1568,2026-07-15T15:35:10+00:00,199,144,113,86,8.425,10.399999999999977,28,fit:3b92208f7c69f4002815ab20d134d046fdffe0ab591324d56133a8588a6d1568:segment:001,1,199.0,199,activities/102_260715173151.csv,1,1,0,0
fit:3b92208f7c69f4002815ab20d134d046fdffe0ab591324d56133a8588a6d1568,2026-07-15T15:35:11+00:00,200,137,112,86,8.426,10.399999999999977,28,fit:3b92208f7c69f4002815ab20d134d046fdffe0ab591324d56133a8588a6d1568:segment:001,1,200.0,200,activities/102_260715173151.csv,1,1,0,0
fit:3b92208f7c69f4002815ab20d134d046fdffe0ab591324d56133a8588a6d1568,2026-07-15T15:35:12+00:00,201,136,111,86,8.435,10.399999999999977,28,fit:3b92208f7c69f4002815ab20d134d046fdffe0ab591324d56133a8588a6d1568:segment:001,1,201.0,201,activities/102_260715173151.csv,1,1,0,0
fit:3b92208f7c69f4002815ab20d134d046fdffe0ab591324d56133a8588a6d1568,2026-07-15T15:35:13+00:00,202,140,111,85,8.445,11.0,28,fit:3b92208f7c69f4002815ab20d134d046fdffe0ab591324d56133a8588a6d1568:segment:001,1,202.0,202,activities/102_260715173151.csv,1,1,0,0
fit:3b92208f7c69f4002815ab20d134d046fdffe0ab591324d56133a8588a6d1568,2026-07-15T15:35:14+00:00,203,143,110,85,8.423,10.600000000000023,28,fit:3b92208f7c69f4002815ab20d134d046fdffe0ab591324d56133a8588a6d1568:segment:001,1,203.0,203,activities/102_260715173151.csv,1,1,0,0
fit:3b92208f7c69f4002815ab20d134d046fdffe0ab591324d56133a8588a6d1568,2026-07-15T15:35:15+00:00,204,141,110,85,8.342,10.600000000000023,28,fit:3b92208f7c69f4002815ab20d134d046fdffe0ab591324d56133a8588a6d1568:segment:001,1,204.0,204,activities/102_260715173151.csv,1,1,0,0
fit:3b92208f7c69f4002815ab20d134d046fdffe0ab591324d56133a8588a6d1568,2026-07-15T15:35:16+00:00,205,140,110,85,8.344,10.600000000000023,28,fit:3b92208f7c69f4002815ab20d134d046fdffe0ab591324d56133a8588a6d1568:segment:001,1,205.0,205,activities/102_260715173151.csv,1,1,0,0
fit:3b92208f7c69f4002815ab20d134d046fdffe0ab591324d56133a8588a6d1568,2026-07-15T15:35:17+00:00,206,181,110,85,8.342,11.600000000000023,28,fit:3b92208f7c69f4002815ab20d134d046fdffe0ab591324d56133a8588a6d1568:segment:001,1,206.0,206,activities/102_260715173151.csv,1,1,0,0
fit:3b92208f7c69f4002815ab20d134d046fdffe0ab591324d56133a8588a6d1568,2026-07-15T15:35:18+00:00,207,149,111,85,8.385,10.600000000000023,28,fit:3b92208f7c69f4002815ab20d134d046fdffe0ab591324d56133a8588a6d1568:segment:001,1,207.0,207,activities/102_260715173151.csv,1,1,0,0
fit:3b92208f7c69f4002815ab20d134d046fdffe0ab591324d56133a8588a6d1568,2026-07-15T15:35:19+00:00,208,124,111,85,8.444,10.600000000000023,28,fit:3b92208f7c69f4002815ab20d134d046fdffe0ab591324d56133a8588a6d1568:segment:001,1,208.0,208,activities/102_260715173151.csv,1,1,0,0
fit:3b92208f7c69f4002815ab20d134d046fdffe0ab591324d56133a8588a6d1568,2026-07-15T15:35:20+00:00,209,203,111,85,8.437,10.600000000000023,28,fit:3b92208f7c69f4002815ab20d134d046fdffe0ab591324d56133a8588a6d1568:segment:001,1,209.0,209,activities/102_260715173151.csv,1,1,0,0
fit:3b92208f7c69f4002815ab20d134d046fdffe0ab591324d56133a8588a6d1568,2026-07-15T15:35:21+00:00,210,172,112,85,8.381,10.600000000000023,28,fit:3b92208f7c69f4002815ab20d134d046fdffe0ab591324d56133a8588a6d1568:segment:001,1,210.0,210,activities/102_260715173151.csv,1,1,0,0
fit:3b92208f7c69f4002815ab20d134d046fdffe0ab591324d56133a8588a6d1568,2026-07-15T15:35:22+00:00,211,148,112,85,8.375,10.0,28,fit:3b92208f7c69f4002815ab20d134d046fdffe0ab591324d56133a8588a6d1568:segment:001,1,211.0,211,activities/102_260715173151.csv,1,1,0,0
fit:3b92208f7c69f4002815ab20d134d046fdffe0ab591324d56133a8588a6d1568,2026-07-15T15:35:23+00:00,212,147,112,85,8.413,10.0,28,fit:3b92208f7c69f4002815ab20d134d046fdffe0ab591324d56133a8588a6d1568:segment:001,1,212.0,212,activities/102_260715173151.csv,1,1,0,0
fit:3b92208f7c69f4002815ab20d134d046fdffe0ab591324d56133a8588a6d1568,2026-07-15T15:35:24+00:00,213,147,113,85,8.398,10.0,28,fit:3b92208f7c69f4002815ab20d134d046fdffe0ab591324d56133a8588a6d1568:segment:001,1,213.0,213,activities/102_260715173151.csv,1,1,0,0
fit:3b92208f7c69f4002815ab20d134d046fdffe0ab591324d56133a8588a6d1568,2026-07-15T15:35:25+00:00,214,163,113,85,8.408,10.600000000000023,28,fit:3b92208f7c69f4002815ab20d134d046fdffe0ab591324d56133a8588a6d1568:segment:001,1,214.0,214,activities/102_260715173151.csv,1,1,0,0
fit:3b92208f7c69f4002815ab20d134d046fdffe0ab591324d56133a8588a6d1568,2026-07-15T15:35:26+00:00,215,171,113,85,8.448,11.199999999999989,28,fit:3b92208f7c69f4002815ab20d134d046fdffe0ab591324d56133a8588a6d1568:segment:001,1,215.0,215,activities/102_260715173151.csv,1,1,0,0
fit:3b92208f7c69f4002815ab20d134d046fdffe0ab591324d56133a8588a6d1568,2026-07-15T15:35:27+00:00,216,164,113,86,8.446,11.199999999999989,28,fit:3b92208f7c69f4002815ab20d134d046fdffe0ab591324d56133a8588a6d1568:segment:001,1,216.0,216,activities/102_260715173151.csv,1,1,0,0
fit:3b92208f7c69f4002815ab20d134d046fdffe0ab591324d56133a8588a6d1568,2026-07-15T15:35:28+00:00,217,164,113,86,8.429,11.199999999999989,28,fit:3b92208f7c69f4002815ab20d134d046fdffe0ab591324d56133a8588a6d1568:segment:001,1,217.0,217,activities/102_260715173151.csv,1,1,0,0
fit:3b92208f7c69f4002815ab20d134d046fdffe0ab591324d56133a8588a6d1568,2026-07-15T15:35:29+00:00,218,158,113,86,8.427,10.399999999999977,28,fit:3b92208f7c69f4002815ab20d134d046fdffe0ab591324d56133a8588a6d1568:segment:001,1,218.0,218,activities/102_260715173151.csv,1,1,0,0
fit:3b92208f7c69f4002815ab20d134d046fdffe0ab591324d56133a8588a6d1568,2026-07-15T15:35:30+00:00,219,174,113,86,8.473,10.399999999999977,28,fit:3b92208f7c69f4002815ab20d134d046fdffe0ab591324d56133a8588a6d1568:segment:001,1,219.0,219,activities/102_260715173151.csv,1,1,0,0
fit:3b92208f7c69f4002815ab20d134d046fdffe0ab591324d56133a8588a6d1568,2026-07-15T15:35:31+00:00,220,158,113,87,8.45,10.399999999999977,28,fit:3b92208f7c69f4002815ab20d134d046fdffe0ab591324d56133a8588a6d1568:segment:001,1,220.0,220,activities/102_260715173151.csv,1,1,0,0
fit:3b92208f7c69f4002815ab20d134d046fdffe0ab591324d56133a8588a6d1568,2026-07-15T15:35:32+00:00,221,136,113,87,8.446,10.399999999999977,28,fit:3b92208f7c69f4002815ab20d134d046fdffe0ab591324d56133a8588a6d1568:segment:001,1,221.0,221,activities/102_260715173151.csv,1,1,0,0
fit:3b92208f7c69f4002815ab20d134d046fdffe0ab591324d56133a8588a6d1568,2026-07-15T15:35:33+00:00,222,141,112,87,8.538,10.399999999999977,28,fit:3b92208f7c69f4002815ab20d134d046fdffe0ab591324d56133a8588a6d1568:segment:001,1,222.0,222,activities/102_260715173151.csv,1,1,0,0
fit:3b92208f7c69f4002815ab20d134d046fdffe0ab591324d56133a8588a6d1568,2026-07-15T15:35:34+00:00,223,137,112,87,8.554,10.199999999999989,28,fit:3b92208f7c69f4002815ab20d134d046fdffe0ab591324d56133a8588a6d1568:segment:001,1,223.0,223,activities/102_260715173151.csv,1,1,0,0
fit:3b92208f7c69f4002815ab20d134d046fdffe0ab591324d56133a8588a6d1568,2026-07-15T15:35:35+00:00,224,149,112,87,8.579,10.199999999999989,28,fit:3b92208f7c69f4002815ab20d134d046fdffe0ab591324d56133a8588a6d1568:segment:001,1,224.0,224,activities/102_260715173151.csv,1,1,0,0
fit:3b92208f7c69f4002815ab20d134d046fdffe0ab591324d56133a8588a6d1568,2026-07-15T15:35:36+00:00,225,139,112,86,8.634,10.199999999999989,28,fit:3b92208f7c69f4002815ab20d134d046fdffe0ab591324d56133a8588a6d1568:segment:001,1,225.0,225,activities/102_260715173151.csv,1,1,0,0
fit:3b92208f7c69f4002815ab20d134d046fdffe0ab591324d56133a8588a6d1568,2026-07-15T15:35:37+00:00,226,132,111,86,8.633,10.199999999999989,28,fit:3b92208f7c69f4002815ab20d134d046fdffe0ab591324d56133a8588a6d1568:segment:001,1,226.0,226,activities/102_260715173151.csv,1,1,0,0
fit:3b92208f7c69f4002815ab20d134d046fdffe0ab591324d56133a8588a6d1568,2026-07-15T15:35:38+00:00,227,152,110,86,8.594,11.399999999999977,28,fit:3b92208f7c69f4002815ab20d134d046fdffe0ab591324d56133a8588a6d1568:segment:001,1,227.0,227,activities/102_260715173151.csv,1,1,0,0
fit:3b92208f7c69f4002815ab20d134d046fdffe0ab591324d56133a8588a6d1568,2026-07-15T15:35:39+00:00,228,152,110,86,8.537,11.399999999999977,28,fit:3b92208f7c69f4002815ab20d134d046fdffe0ab591324d56133a8588a6d1568:segment:001,1,228.0,228,activities/102_260715173151.csv,1,1,0,0
fit:3b92208f7c69f4002815ab20d134d046fdffe0ab591324d56133a8588a6d1568,2026-07-15T15:35:40+00:00,229,185,110,87,8.505,11.399999999999977,28,fit:3b92208f7c69f4002815ab20d134d046fdffe0ab591324d56133a8588a6d1568:segment:001,1,229.0,229,activities/102_260715173151.csv,1,1,0,0
fit:3b92208f7c69f4002815ab20d134d046fdffe0ab591324d56133a8588a6d1568,2026-07-15T15:35:41+00:00,230,184,110,87,8.503,10.399999999999977,28,fit:3b92208f7c69f4002815ab20d134d046fdffe0ab591324d56133a8588a6d1568:segment:001,1,230.0,230,activities/102_260715173151.csv,1,1,0,0
fit:3b92208f7c69f4002815ab20d134d046fdffe0ab591324d56133a8588a6d1568,2026-07-15T15:35:42+00:00,231,183,110,87,8.418,9.199999999999989,28,fit:3b92208f7c69f4002815ab20d134d046fdffe0ab591324d56133a8588a6d1568:segment:001,1,231.0,231,activities/102_260715173151.csv,1,1,0,0
fit:3b92208f7c69f4002815ab20d134d046fdffe0ab591324d56133a8588a6d1568,2026-07-15T15:35:43+00:00,232,215,110,87,8.471,9.199999999999989,28,fit:3b92208f7c69f4002815ab20d134d046fdffe0ab591324d56133a8588a6d1568:segment:001,1,232.0,232,activities/102_260715173151.csv,1,1,0,0
fit:3b92208f7c69f4002815ab20d134d046fdffe0ab591324d56133a8588a6d1568,2026-07-15T15:35:44+00:00,233,159,110,87,8.534,9.199999999999989,28,fit:3b92208f7c69f4002815ab20d134d046fdffe0ab591324d56133a8588a6d1568:segment:001,1,233.0,233,activities/102_260715173151.csv,1,1,0,0
fit:3b92208f7c69f4002815ab20d134d046fdffe0ab591324d56133a8588a6d1568,2026-07-15T15:35:45+00:00,234,159,111,86,8.471,9.199999999999989,28,fit:3b92208f7c69f4002815ab20d134d046fdffe0ab591324d56133a8588a6d1568:segment:001,1,234.0,234,activities/102_260715173151.csv,1,1,0,0
fit:3b92208f7c69f4002815ab20d134d046fdffe0ab591324d56133a8588a6d1568,2026-07-15T15:35:46+00:00,235,159,111,86,8.497,10.399999999999977,28,fit:3b92208f7c69f4002815ab20d134d046fdffe0ab591324d56133a8588a6d1568:segment:001,1,235.0,235,activities/102_260715173151.csv,1,1,0,0
fit:3b92208f7c69f4002815ab20d134d046fdffe0ab591324d56133a8588a6d1568,2026-07-15T15:35:47+00:00,236,3,112,86,8.393,10.399999999999977,28,fit:3b92208f7c69f4002815ab20d134d046fdffe0ab591324d56133a8588a6d1568:segment:001,1,236.0,236,activities/102_260715173151.csv,1,1,0,0
fit:3b92208f7c69f4002815ab20d134d046fdffe0ab591324d56133a8588a6d1568,2026-07-15T15:35:48+00:00,237,3,113,0,8.266,10.399999999999977,28,fit:3b92208f7c69f4002815ab20d134d046fdffe0ab591324d56133a8588a6d1568:segment:001,1,237.0,237,activities/102_260715173151.csv,1,1,0,0
fit:3b92208f7c69f4002815ab20d134d046fdffe0ab591324d56133a8588a6d1568,2026-07-15T15:35:49+00:00,238,35,113,0,7.979,10.399999999999977,28,fit:3b92208f7c69f4002815ab20d134d046fdffe0ab591324d56133a8588a6d1568:segment:001,1,238.0,238,activities/102_260715173151.csv,1,1,0,0
fit:3b92208f7c69f4002815ab20d134d046fdffe0ab591324d56133a8588a6d1568,2026-07-15T15:35:50+00:00,239,130,114,81,8.003,10.199999999999989,28,fit:3b92208f7c69f4002815ab20d134d046fdffe0ab591324d56133a8588a6d1568:segment:001,1,239.0,239,activities/102_260715173151.csv,1,1,0,0
fit:3b92208f7c69f4002815ab20d134d046fdffe0ab591324d56133a8588a6d1568,2026-07-15T15:35:51+00:00,240,200,114,81,8.018,10.199999999999989,28,fit:3b92208f7c69f4002815ab20d134d046fdffe0ab591324d56133a8588a6d1568:segment:001,1,240.0,240,activities/102_260715173151.csv,1,1,0,0
fit:3b92208f7c69f4002815ab20d134d046fdffe0ab591324d56133a8588a6d1568,2026-07-15T15:35:52+00:00,241,160,114,84,8.064,10.199999999999989,28,fit:3b92208f7c69f4002815ab20d134d046fdffe0ab591324d56133a8588a6d1568:segment:001,1,241.0,241,activities/102_260715173151.csv,1,1,0,0
fit:3b92208f7c69f4002815ab20d134d046fdffe0ab591324d56133a8588a6d1568,2026-07-15T15:35:53+00:00,242,129,114,85,8.138,10.199999999999989,28,fit:3b92208f7c69f4002815ab20d134d046fdffe0ab591324d56133a8588a6d1568:segment:001,1,242.0,242,activities/102_260715173151.csv,1,1,0,0
fit:3b92208f7c69f4002815ab20d134d046fdffe0ab591324d56133a8588a6d1568,2026-07-15T15:35:54+00:00,243,148,113,85,8.323,10.199999999999989,28,fit:3b92208f7c69f4002815ab20d134d046fdffe0ab591324d56133a8588a6d1568:segment:001,1,243.0,243,activities/102_260715173151.csv,1,1,0,0
fit:3b92208f7c69f4002815ab20d134d046fdffe0ab591324d56133a8588a6d1568,2026-07-15T15:35:55+00:00,244,133,113,85,8.308,10.199999999999989,28,fit:3b92208f7c69f4002815ab20d134d046fdffe0ab591324d56133a8588a6d1568:segment:001,1,244.0,244,activities/102_260715173151.csv,1,1,0,0
fit:3b92208f7c69f4002815ab20d134d046fdffe0ab591324d56133a8588a6d1568,2026-07-15T15:35:56+00:00,245,156,113,85,8.248,10.199999999999989,28,fit:3b92208f7c69f4002815ab20d134d046fdffe0ab591324d56133a8588a6d1568:segment:001,1,245.0,245,activities/102_260715173151.csv,1,1,0,0
fit:3b92208f7c69f4002815ab20d134d046fdffe0ab591324d56133a8588a6d1568,2026-07-15T15:35:57+00:00,246,225,113,85,8.248,10.199999999999989,28,fit:3b92208f7c69f4002815ab20d134d046fdffe0ab591324d56133a8588a6d1568:segment:001,1,246.0,246,activities/102_260715173151.csv,1,1,0,0
fit:3b92208f7c69f4002815ab20d134d046fdffe0ab591324d56133a8588a6d1568,2026-07-15T15:35:58+00:00,247,176,113,85,8.373,8.800000000000011,28,fit:3b92208f7c69f4002815ab20d134d046fdffe0ab591324d56133a8588a6d1568:segment:001,1,247.0,247,activities/102_260715173151.csv,1,1,0,0
fit:3b92208f7c69f4002815ab20d134d046fdffe0ab591324d56133a8588a6d1568,2026-07-15T15:35:59+00:00,248,141,113,85,8.385,8.800000000000011,28,fit:3b92208f7c69f4002815ab20d134d046fdffe0ab591324d56133a8588a6d1568:segment:001,1,248.0,248,activities/102_260715173151.csv,1,1,0,0
fit:3b92208f7c69f4002815ab20d134d046fdffe0ab591324d56133a8588a6d1568,2026-07-15T15:36:00+00:00,249,166,113,85,8.446,8.800000000000011,28,fit:3b92208f7c69f4002815ab20d134d046fdffe0ab591324d56133a8588a6d1568:segment:001,1,249.0,249,activities/102_260715173151.csv,1,1,0,0
fit:3b92208f7c69f4002815ab20d134d046fdffe0ab591324d56133a8588a6d1568,2026-07-15T15:36:01+00:00,250,181,113,84,8.365,8.800000000000011,28,fit:3b92208f7c69f4002815ab20d134d046fdffe0ab591324d56133a8588a6d1568:segment:001,1,250.0,250,activities/102_260715173151.csv,1,1,0,0
fit:3b92208f7c69f4002815ab20d134d046fdffe0ab591324d56133a8588a6d1568,2026-07-15T15:36:02+00:00,251,166,113,85,8.285,10.399999999999977,28,fit:3b92208f7c69f4002815ab20d134d046fdffe0ab591324d56133a8588a6d1568:segment:001,1,251.0,251,activities/102_260715173151.csv,1,1,0,0
fit:3b92208f7c69f4002815ab20d134d046fdffe0ab591324d56133a8588a6d1568,2026-07-15T15:36:03+00:00,252,178,113,84,8.239,10.399999999999977,28,fit:3b92208f7c69f4002815ab20d134d046fdffe0ab591324d56133a8588a6d1568:segment:001,1,252.0,252,activities/102_260715173151.csv,1,1,0,0
fit:3b92208f7c69f4002815ab20d134d046fdffe0ab591324d56133a8588a6d1568,2026-07-15T15:36:04+00:00,253,159,113,84,8.218,10.399999999999977,28,fit:3b92208f7c69f4002815ab20d134d046fdffe0ab591324d56133a8588a6d1568:segment:001,1,253.0,253,activities/102_260715173151.csv,1,1,0,0
fit:3b92208f7c69f4002815ab20d134d046fdffe0ab591324d56133a8588a6d1568,2026-07-15T15:36:05+00:00,254,183,113,83,8.292,9.399999999999977,28,fit:3b92208f7c69f4002815ab20d134d046fdffe0ab591324d56133a8588a6d1568:segment:001,1,254.0,254,activities/102_260715173151.csv,1,1,0,0
fit:3b92208f7c69f4002815ab20d134d046fdffe0ab591324d56133a8588a6d1568,2026-07-15T15:36:06+00:00,255,219,113,83,8.33,9.399999999999977,28,fit:3b92208f7c69f4002815ab20d134d046fdffe0ab591324d56133a8588a6d1568:segment:001,1,255.0,255,activities/102_260715173151.csv,1,1,0,0
fit:3b92208f7c69f4002815ab20d134d046fdffe0ab591324d56133a8588a6d1568,2026-07-15T15:36:07+00:00,256,204,114,84,8.243,9.399999999999977,28,fit:3b92208f7c69f4002815ab20d134d046fdffe0ab591324d56133a8588a6d1568:segment:001,1,256.0,256,activities/102_260715173151.csv,1,1,0,0
fit:3b92208f7c69f4002815ab20d134d046fdffe0ab591324d56133a8588a6d1568,2026-07-15T15:36:08+00:00,257,204,114,77,8.24,9.399999999999977,28,fit:3b92208f7c69f4002815ab20d134d046fdffe0ab591324d56133a8588a6d1568:segment:001,1,257.0,257,activities/102_260715173151.csv,1,1,0,0
fit:3b92208f7c69f4002815ab20d134d046fdffe0ab591324d56133a8588a6d1568,2026-07-15T15:36:09+00:00,258,262,114,77,8.23,9.399999999999977,28,fit:3b92208f7c69f4002815ab20d134d046fdffe0ab591324d56133a8588a6d1568:segment:001,1,258.0,258,activities/102_260715173151.csv,1,1,0,0
fit:3b92208f7c69f4002815ab20d134d046fdffe0ab591324d56133a8588a6d1568,2026-07-15T15:36:10+00:00,259,183,114,77,8.394,10.600000000000023,28,fit:3b92208f7c69f4002815ab20d134d046fdffe0ab591324d56133a8588a6d1568:segment:001,1,259.0,259,activities/102_260715173151.csv,1,1,0,0
fit:3b92208f7c69f4002815ab20d134d046fdffe0ab591324d56133a8588a6d1568,2026-07-15T15:36:11+00:00,260,183,115,78,8.455,10.600000000000023,28,fit:3b92208f7c69f4002815ab20d134d046fdffe0ab591324d56133a8588a6d1568:segment:001,1,260.0,260,activities/102_260715173151.csv,1,1,0,0
fit:3b92208f7c69f4002815ab20d134d046fdffe0ab591324d56133a8588a6d1568,2026-07-15T15:36:12+00:00,261,150,115,78,8.526,10.600000000000023,28,fit:3b92208f7c69f4002815ab20d134d046fdffe0ab591324d56133a8588a6d1568:segment:001,1,261.0,261,activities/102_260715173151.csv,1,1,0,0
fit:3b92208f7c69f4002815ab20d134d046fdffe0ab591324d56133a8588a6d1568,2026-07-15T15:36:13+00:00,262,188,115,78,8.59,9.800000000000011,28,fit:3b92208f7c69f4002815ab20d134d046fdffe0ab591324d56133a8588a6d1568:segment:001,1,262.0,262,activities/102_260715173151.csv,1,1,0,0
fit:3b92208f7c69f4002815ab20d134d046fdffe0ab591324d56133a8588a6d1568,2026-07-15T15:36:14+00:00,263,124,116,77,8.599,10.0,28,fit:3b92208f7c69f4002815ab20d134d046fdffe0ab591324d56133a8588a6d1568:segment:001,1,263.0,263,activities/102_260715173151.csv,1,1,0,0
fit:3b92208f7c69f4002815ab20d134d046fdffe0ab591324d56133a8588a6d1568,2026-07-15T15:36:15+00:00,264,241,116,68,8.638,10.0,28,fit:3b92208f7c69f4002815ab20d134d046fdffe0ab591324d56133a8588a6d1568:segment:001,1,264.0,264,activities/102_260715173151.csv,1,1,0,0
fit:3b92208f7c69f4002815ab20d134d046fdffe0ab591324d56133a8588a6d1568,2026-07-15T15:36:16+00:00,265,245,116,64,8.622,10.0,28,fit:3b92208f7c69f4002815ab20d134d046fdffe0ab591324d56133a8588a6d1568:segment:001,1,265.0,265,activities/102_260715173151.csv,1,1,0,0
fit:3b92208f7c69f4002815ab20d134d046fdffe0ab591324d56133a8588a6d1568,2026-07-15T15:36:17+00:00,266,245,116,65,8.595,10.0,28,fit:3b92208f7c69f4002815ab20d134d046fdffe0ab591324d56133a8588a6d1568:segment:001,1,266.0,266,activities/102_260715173151.csv,1,1,0,0
fit:3b92208f7c69f4002815ab20d134d046fdffe0ab591324d56133a8588a6d1568,2026-07-15T15:36:18+00:00,267,66,116,65,8.703,10.199999999999989,28,fit:3b92208f7c69f4002815ab20d134d046fdffe0ab591324d56133a8588a6d1568:segment:001,1,267.0,267,activities/102_260715173151.csv,1,1,0,0
fit:3b92208f7c69f4002815ab20d134d046fdffe0ab591324d56133a8588a6d1568,2026-07-15T15:36:19+00:00,268,67,116,66,8.699,10.199999999999989,28,fit:3b92208f7c69f4002815ab20d134d046fdffe0ab591324d56133a8588a6d1568:segment:001,1,268.0,268,activities/102_260715173151.csv,1,1,0,0
fit:3b92208f7c69f4002815ab20d134d046fdffe0ab591324d56133a8588a6d1568,2026-07-15T15:36:20+00:00,269,128,116,69,8.721,10.199999999999989,28,fit:3b92208f7c69f4002815ab20d134d046fdffe0ab591324d56133a8588a6d1568:segment:001,1,269.0,269,activities/102_260715173151.csv,1,1,0,0
fit:3b92208f7c69f4002815ab20d134d046fdffe0ab591324d56133a8588a6d1568,2026-07-15T15:36:21+00:00,270,66,116,69,8.648,10.199999999999989,28,fit:3b92208f7c69f4002815ab20d134d046fdffe0ab591324d56133a8588a6d1568:segment:001,1,270.0,270,activities/102_260715173151.csv,1,1,0,0
fit:3b92208f7c69f4002815ab20d134d046fdffe0ab591324d56133a8588a6d1568,2026-07-15T15:36:22+00:00,271,90,116,73,8.558,9.600000000000023,28,fit:3b92208f7c69f4002815ab20d134d046fdffe0ab591324d56133a8588a6d1568:segment:001,1,271.0,271,activities/102_260715173151.csv,1,1,0,0
fit:3b92208f7c69f4002815ab20d134d046fdffe0ab591324d56133a8588a6d1568,2026-07-15T15:36:23+00:00,272,89,115,76,8.504,9.600000000000023,28,fit:3b92208f7c69f4002815ab20d134d046fdffe0ab591324d56133a8588a6d1568:segment:001,1,272.0,272,activities/102_260715173151.csv,1,1,0,0
fit:3b92208f7c69f4002815ab20d134d046fdffe0ab591324d56133a8588a6d1568,2026-07-15T15:36:24+00:00,273,89,114,76,8.437,9.600000000000023,28,fit:3b92208f7c69f4002815ab20d134d046fdffe0ab591324d56133a8588a6d1568:segment:001,1,273.0,273,activities/102_260715173151.csv,1,1,0,0
fit:3b92208f7c69f4002815ab20d134d046fdffe0ab591324d56133a8588a6d1568,2026-07-15T15:36:25+00:00,274,35,114,29,8.369,10.600000000000023,28,fit:3b92208f7c69f4002815ab20d134d046fdffe0ab591324d56133a8588a6d1568:segment:001,1,274.0,274,activities/102_260715173151.csv,1,1,0,0
fit:3b92208f7c69f4002815ab20d134d046fdffe0ab591324d56133a8588a6d1568,2026-07-15T15:36:26+00:00,275,215,113,29,8.176,10.600000000000023,28,fit:3b92208f7c69f4002815ab20d134d046fdffe0ab591324d56133a8588a6d1568:segment:001,1,275.0,275,activities/102_260715173151.csv,1,1,0,0
fit:3b92208f7c69f4002815ab20d134d046fdffe0ab591324d56133a8588a6d1568,2026-07-15T15:36:27+00:00,276,160,113,75,8.259,10.600000000000023,28,fit:3b92208f7c69f4002815ab20d134d046fdffe0ab591324d56133a8588a6d1568:segment:001,1,276.0,276,activities/102_260715173151.csv,1,1,0,0
fit:3b92208f7c69f4002815ab20d134d046fdffe0ab591324d56133a8588a6d1568,2026-07-15T15:36:28+00:00,277,160,112,76,8.304,10.600000000000023,28,fit:3b92208f7c69f4002815ab20d134d046fdffe0ab591324d56133a8588a6d1568:segment:001,1,277.0,277,activities/102_260715173151.csv,1,1,0,0
fit:3b92208f7c69f4002815ab20d134d046fdffe0ab591324d56133a8588a6d1568,2026-07-15T15:36:29+00:00,278,104,112,77,8.383,10.399999999999977,28,fit:3b92208f7c69f4002815ab20d134d046fdffe0ab591324d56133a8588a6d1568:segment:001,1,278.0,278,activities/102_260715173151.csv,1,1,0,0
fit:3b92208f7c69f4002815ab20d134d046fdffe0ab591324d56133a8588a6d1568,2026-07-15T15:36:30+00:00,279,116,112,77,8.475,10.800000000000011,28,fit:3b92208f7c69f4002815ab20d134d046fdffe0ab591324d56133a8588a6d1568:segment:001,1,279.0,279,activities/102_260715173151.csv,1,1,0,0
fit:3b92208f7c69f4002815ab20d134d046fdffe0ab591324d56133a8588a6d1568,2026-07-15T15:36:31+00:00,280,116,112,77,8.454,10.800000000000011,28,fit:3b92208f7c69f4002815ab20d134d046fdffe0ab591324d56133a8588a6d1568:segment:001,1,280.0,280,activities/102_260715173151.csv,1,1,0,0
fit:3b92208f7c69f4002815ab20d134d046fdffe0ab591324d56133a8588a6d1568,2026-07-15T15:36:32+00:00,281,5,112,77,8.445,10.800000000000011,28,fit:3b92208f7c69f4002815ab20d134d046fdffe0ab591324d56133a8588a6d1568:segment:001,1,281.0,281,activities/102_260715173151.csv,1,1,0,0
fit:3b92208f7c69f4002815ab20d134d046fdffe0ab591324d56133a8588a6d1568,2026-07-15T15:36:33+00:00,282,5,112,0,8.326,10.800000000000011,28,fit:3b92208f7c69f4002815ab20d134d046fdffe0ab591324d56133a8588a6d1568:segment:001,1,282.0,282,activities/102_260715173151.csv,1,1,0,0
fit:3b92208f7c69f4002815ab20d134d046fdffe0ab591324d56133a8588a6d1568,2026-07-15T15:36:34+00:00,283,5,112,0,8.277,9.800000000000011,28,fit:3b92208f7c69f4002815ab20d134d046fdffe0ab591324d56133a8588a6d1568:segment:001,1,283.0,283,activities/102_260715173151.csv,1,1,0,0
fit:3b92208f7c69f4002815ab20d134d046fdffe0ab591324d56133a8588a6d1568,2026-07-15T15:36:35+00:00,284,94,112,0,8.216,10.0,28,fit:3b92208f7c69f4002815ab20d134d046fdffe0ab591324d56133a8588a6d1568:segment:001,1,284.0,284,activities/102_260715173151.csv,1,1,0,0
fit:3b92208f7c69f4002815ab20d134d046fdffe0ab591324d56133a8588a6d1568,2026-07-15T15:36:36+00:00,285,99,112,64,7.935,10.0,28,fit:3b92208f7c69f4002815ab20d134d046fdffe0ab591324d56133a8588a6d1568:segment:001,1,285.0,285,activities/102_260715173151.csv,1,1,0,0
fit:3b92208f7c69f4002815ab20d134d046fdffe0ab591324d56133a8588a6d1568,2026-07-15T15:36:37+00:00,286,75,111,70,7.759,10.0,28,fit:3b92208f7c69f4002815ab20d134d046fdffe0ab591324d56133a8588a6d1568:segment:001,1,286.0,286,activities/102_260715173151.csv,1,1,0,0
fit:3b92208f7c69f4002815ab20d134d046fdffe0ab591324d56133a8588a6d1568,2026-07-15T15:36:38+00:00,287,150,111,69,7.662,9.800000000000011,28,fit:3b92208f7c69f4002815ab20d134d046fdffe0ab591324d56133a8588a6d1568:segment:001,1,287.0,287,activities/102_260715173151.csv,1,1,0,0
fit:3b92208f7c69f4002815ab20d134d046fdffe0ab591324d56133a8588a6d1568,2026-07-15T15:36:39+00:00,288,79,110,67,7.64,9.800000000000011,28,fit:3b92208f7c69f4002815ab20d134d046fdffe0ab591324d56133a8588a6d1568:segment:001,1,288.0,288,activities/102_260715173151.csv,1,1,0,0
fit:3b92208f7c69f4002815ab20d134d046fdffe0ab591324d56133a8588a6d1568,2026-07-15T15:36:40+00:00,289,80,109,67,7.474,9.800000000000011,28,fit:3b92208f7c69f4002815ab20d134d046fdffe0ab591324d56133a8588a6d1568:segment:001,1,289.0,289,activities/102_260715173151.csv,1,1,0,0
fit:3b92208f7c69f4002815ab20d134d046fdffe0ab591324d56133a8588a6d1568,2026-07-15T15:36:41+00:00,290,44,108,67,7.381,9.800000000000011,28,fit:3b92208f7c69f4002815ab20d134d046fdffe0ab591324d56133a8588a6d1568:segment:001,1,290.0,290,activities/102_260715173151.csv,1,1,0,0
fit:3b92208f7c69f4002815ab20d134d046fdffe0ab591324d56133a8588a6d1568,2026-07-15T15:36:42+00:00,291,46,106,67,7.456,10.600000000000023,28,fit:3b92208f7c69f4002815ab20d134d046fdffe0ab591324d56133a8588a6d1568:segment:001,1,291.0,291,activities/102_260715173151.csv,1,1,0,0
fit:3b92208f7c69f4002815ab20d134d046fdffe0ab591324d56133a8588a6d1568,2026-07-15T15:36:43+00:00,292,47,105,57,7.374,10.800000000000011,28,fit:3b92208f7c69f4002815ab20d134d046fdffe0ab591324d56133a8588a6d1568:segment:001,1,292.0,292,activities/102_260715173151.csv,1,1,0,0
fit:3b92208f7c69f4002815ab20d134d046fdffe0ab591324d56133a8588a6d1568,2026-07-15T15:36:44+00:00,293,47,104,57,7.242,10.800000000000011,28,fit:3b92208f7c69f4002815ab20d134d046fdffe0ab591324d56133a8588a6d1568:segment:001,1,293.0,293,activities/102_260715173151.csv,1,1,0,0
fit:3b92208f7c69f4002815ab20d134d046fdffe0ab591324d56133a8588a6d1568,2026-07-15T15:36:45+00:00,294,47,104,57,7.069,10.800000000000011,28,fit:3b92208f7c69f4002815ab20d134d046fdffe0ab591324d56133a8588a6d1568:segment:001,1,294.0,294,activities/102_260715173151.csv,1,1,0,0
fit:3b92208f7c69f4002815ab20d134d046fdffe0ab591324d56133a8588a6d1568,2026-07-15T15:36:46+00:00,295,47,103,57,6.672,10.800000000000011,28,fit:3b92208f7c69f4002815ab20d134d046fdffe0ab591324d56133a8588a6d1568:segment:001,1,295.0,295,activities/102_260715173151.csv,1,1,0,0
fit:3b92208f7c69f4002815ab20d134d046fdffe0ab591324d56133a8588a6d1568,2026-07-15T15:36:47+00:00,296,0,103,56,6.174,11.0,28,fit:3b92208f7c69f4002815ab20d134d046fdffe0ab591324d56133a8588a6d1568:segment:001,1,296.0,296,activities/102_260715173151.csv,1,1,0,0
fit:3b92208f7c69f4002815ab20d134d046fdffe0ab591324d56133a8588a6d1568,2026-07-15T15:36:48+00:00,297,0,102,0,5.464,11.0,28,fit:3b92208f7c69f4002815ab20d134d046fdffe0ab591324d56133a8588a6d1568:segment:001,1,297.0,297,activities/102_260715173151.csv,1,1,0,0
fit:3b92208f7c69f4002815ab20d134d046fdffe0ab591324d56133a8588a6d1568,2026-07-15T15:36:49+00:00,298,0,101,0,4.579,11.0,28,fit:3b92208f7c69f4002815ab20d134d046fdffe0ab591324d56133a8588a6d1568:segment:001,1,298.0,298,activities/102_260715173151.csv,1,1,0,0
fit:3b92208f7c69f4002815ab20d134d046fdffe0ab591324d56133a8588a6d1568,2026-07-15T15:36:50+00:00,299,0,101,0,4.05,11.0,28,fit:3b92208f7c69f4002815ab20d134d046fdffe0ab591324d56133a8588a6d1568:segment:001,1,299.0,299,activities/102_260715173151.csv,1,1,0,0
fit:3b92208f7c69f4002815ab20d134d046fdffe0ab591324d56133a8588a6d1568,2026-07-15T15:36:51+00:00,300,0,100,0,3.54,10.399999999999977,28,fit:3b92208f7c69f4002815ab20d134d046fdffe0ab591324d56133a8588a6d1568:segment:001,1,300.0,300,activities/102_260715173151.csv,1,1,0,0
fit:3b92208f7c69f4002815ab20d134d046fdffe0ab591324d56133a8588a6d1568,2026-07-15T15:36:52+00:00,301,0,98,0,3.092,10.399999999999977,28,fit:3b92208f7c69f4002815ab20d134d046fdffe0ab591324d56133a8588a6d1568:segment:001,1,301.0,301,activities/102_260715173151.csv,1,1,0,0
fit:3b92208f7c69f4002815ab20d134d046fdffe0ab591324d56133a8588a6d1568,2026-07-15T15:36:53+00:00,302,0,96,0,2.981,10.399999999999977,28,fit:3b92208f7c69f4002815ab20d134d046fdffe0ab591324d56133a8588a6d1568:segment:001,1,302.0,302,activities/102_260715173151.csv,1,1,0,0
fit:3b92208f7c69f4002815ab20d134d046fdffe0ab591324d56133a8588a6d1568,2026-07-15T15:36:54+00:00,303,0,96,0,2.448,11.399999999999977,28,fit:3b92208f7c69f4002815ab20d134d046fdffe0ab591324d56133a8588a6d1568:segment:001,1,303.0,303,activities/102_260715173151.csv,1,1,0,0
fit:3b92208f7c69f4002815ab20d134d046fdffe0ab591324d56133a8588a6d1568,2026-07-15T15:36:55+00:00,304,0,95,0,2.408,11.600000000000023,29,fit:3b92208f7c69f4002815ab20d134d046fdffe0ab591324d56133a8588a6d1568:segment:001,1,304.0,304,activities/102_260715173151.csv,1,1,0,0
fit:3b92208f7c69f4002815ab20d134d046fdffe0ab591324d56133a8588a6d1568,2026-07-15T15:36:56+00:00,305,0,94,0,2.322,11.600000000000023,29,fit:3b92208f7c69f4002815ab20d134d046fdffe0ab591324d56133a8588a6d1568:segment:001,1,305.0,305,activities/102_260715173151.csv,1,1,0,0
fit:3b92208f7c69f4002815ab20d134d046fdffe0ab591324d56133a8588a6d1568,2026-07-15T15:36:57+00:00,306,0,94,0,1.926,11.600000000000023,29,fit:3b92208f7c69f4002815ab20d134d046fdffe0ab591324d56133a8588a6d1568:segment:001,1,306.0,306,activities/102_260715173151.csv,1,1,0,0
fit:3b92208f7c69f4002815ab20d134d046fdffe0ab591324d56133a8588a6d1568,2026-07-15T15:36:58+00:00,307,0,94,0,0.0,11.600000000000023,29,fit:3b92208f7c69f4002815ab20d134d046fdffe0ab591324d56133a8588a6d1568:segment:001,1,307.0,307,activities/102_260715173151.csv,1,1,0,0
fit:3b92208f7c69f4002815ab20d134d046fdffe0ab591324d56133a8588a6d1568,2026-07-15T15:36:59+00:00,308,0,95,0,0.0,12.0,29,fit:3b92208f7c69f4002815ab20d134d046fdffe0ab591324d56133a8588a6d1568:segment:001,1,308.0,308,activities/102_260715173151.csv,1,1,0,0
