activity_id,timestamp,elapsed_seconds,power_w,heart_rate_bpm,cadence_rpm,speed_m_s,altitude_m,temperature_c,segment_id,segment_number,source_elapsed_seconds,source_row_index,source_file,activity_split,segment_selected_from_activity,power_missing,hr_missing
fit:162886c74e2a38ebf52f4e60d81a0aaf9b171190f3cc7622b56770f1f98c9b48,2026-05-19T16:32:35+00:00,0,0,99,0,1.529,39.0,22,fit:162886c74e2a38ebf52f4e60d81a0aaf9b171190f3cc7622b56770f1f98c9b48:segment:005,5,4987.0,4769,activities/078_260519170927.csv,1,1,0,0
fit:162886c74e2a38ebf52f4e60d81a0aaf9b171190f3cc7622b56770f1f98c9b48,2026-05-19T16:32:36+00:00,1,0,99,0,1.786,39.0,22,fit:162886c74e2a38ebf52f4e60d81a0aaf9b171190f3cc7622b56770f1f98c9b48:segment:005,5,4988.0,4770,activities/078_260519170927.csv,1,1,0,0
fit:162886c74e2a38ebf52f4e60d81a0aaf9b171190f3cc7622b56770f1f98c9b48,2026-05-19T16:32:37+00:00,2,378,100,0,2.261,39.0,22,fit:162886c74e2a38ebf52f4e60d81a0aaf9b171190f3cc7622b56770f1f98c9b48:segment:005,5,4989.0,4771,activities/078_260519170927.csv,1,1,0,0
fit:162886c74e2a38ebf52f4e60d81a0aaf9b171190f3cc7622b56770f1f98c9b48,2026-05-19T16:32:38+00:00,3,378,100,40,2.776,38.39999999999998,22,fit:162886c74e2a38ebf52f4e60d81a0aaf9b171190f3cc7622b56770f1f98c9b48:segment:005,5,4990.0,4772,activities/078_260519170927.csv,1,1,0,0
fit:162886c74e2a38ebf52f4e60d81a0aaf9b171190f3cc7622b56770f1f98c9b48,2026-05-19T16:32:39+00:00,4,491,102,69,3.607,38.799999999999955,22,fit:162886c74e2a38ebf52f4e60d81a0aaf9b171190f3cc7622b56770f1f98c9b48:segment:005,5,4991.0,4773,activities/078_260519170927.csv,1,1,0,0
fit:162886c74e2a38ebf52f4e60d81a0aaf9b171190f3cc7622b56770f1f98c9b48,2026-05-19T16:32:40+00:00,5,498,102,77,4.44,38.799999999999955,22,fit:162886c74e2a38ebf52f4e60d81a0aaf9b171190f3cc7622b56770f1f98c9b48:segment:005,5,4992.0,4774,activities/078_260519170927.csv,1,1,0,0
fit:162886c74e2a38ebf52f4e60d81a0aaf9b171190f3cc7622b56770f1f98c9b48,2026-05-19T16:32:41+00:00,6,447,103,84,5.565,38.799999999999955,22,fit:162886c74e2a38ebf52f4e60d81a0aaf9b171190f3cc7622b56770f1f98c9b48:segment:005,5,4993.0,4775,activities/078_260519170927.csv,1,1,0,0
fit:162886c74e2a38ebf52f4e60d81a0aaf9b171190f3cc7622b56770f1f98c9b48,2026-05-19T16:32:42+00:00,7,110,104,88,6.175,38.799999999999955,22,fit:162886c74e2a38ebf52f4e60d81a0aaf9b171190f3cc7622b56770f1f98c9b48:segment:005,5,4994.0,4776,activities/078_260519170927.csv,1,1,0,0
fit:162886c74e2a38ebf52f4e60d81a0aaf9b171190f3cc7622b56770f1f98c9b48,2026-05-19T16:32:43+00:00,8,327,105,91,6.597,38.0,22,fit:162886c74e2a38ebf52f4e60d81a0aaf9b171190f3cc7622b56770f1f98c9b48:segment:005,5,4995.0,4777,activities/078_260519170927.csv,1,1,0,0
fit:162886c74e2a38ebf52f4e60d81a0aaf9b171190f3cc7622b56770f1f98c9b48,2026-05-19T16:32:44+00:00,9,327,107,94,7.028,38.0,22,fit:162886c74e2a38ebf52f4e60d81a0aaf9b171190f3cc7622b56770f1f98c9b48:segment:005,5,4996.0,4778,activities/078_260519170927.csv,1,1,0,0
fit:162886c74e2a38ebf52f4e60d81a0aaf9b171190f3cc7622b56770f1f98c9b48,2026-05-19T16:32:45+00:00,10,200,108,95,7.42,38.0,22,fit:162886c74e2a38ebf52f4e60d81a0aaf9b171190f3cc7622b56770f1f98c9b48:segment:005,5,4997.0,4779,activities/078_260519170927.csv,1,1,0,0
fit:162886c74e2a38ebf52f4e60d81a0aaf9b171190f3cc7622b56770f1f98c9b48,2026-05-19T16:32:46+00:00,11,34,109,95,7.502,38.0,22,fit:162886c74e2a38ebf52f4e60d81a0aaf9b171190f3cc7622b56770f1f98c9b48:segment:005,5,4998.0,4780,activities/078_260519170927.csv,1,1,0,0
fit:162886c74e2a38ebf52f4e60d81a0aaf9b171190f3cc7622b56770f1f98c9b48,2026-05-19T16:32:47+00:00,12,35,111,25,7.448,37.60000000000002,22,fit:162886c74e2a38ebf52f4e60d81a0aaf9b171190f3cc7622b56770f1f98c9b48:segment:005,5,4999.0,4781,activities/078_260519170927.csv,1,1,0,0
fit:162886c74e2a38ebf52f4e60d81a0aaf9b171190f3cc7622b56770f1f98c9b48,2026-05-19T16:32:48+00:00,13,244,112,92,7.563,37.60000000000002,22,fit:162886c74e2a38ebf52f4e60d81a0aaf9b171190f3cc7622b56770f1f98c9b48:segment:005,5,5000.0,4782,activities/078_260519170927.csv,1,1,0,0
fit:162886c74e2a38ebf52f4e60d81a0aaf9b171190f3cc7622b56770f1f98c9b48,2026-05-19T16:32:49+00:00,14,244,113,94,7.575,37.60000000000002,22,fit:162886c74e2a38ebf52f4e60d81a0aaf9b171190f3cc7622b56770f1f98c9b48:segment:005,5,5001.0,4783,activities/078_260519170927.csv,1,1,0,0
fit:162886c74e2a38ebf52f4e60d81a0aaf9b171190f3cc7622b56770f1f98c9b48,2026-05-19T16:32:50+00:00,15,95,115,95,7.648,37.60000000000002,22,fit:162886c74e2a38ebf52f4e60d81a0aaf9b171190f3cc7622b56770f1f98c9b48:segment:005,5,5002.0,4784,activities/078_260519170927.csv,1,1,0,0
fit:162886c74e2a38ebf52f4e60d81a0aaf9b171190f3cc7622b56770f1f98c9b48,2026-05-19T16:32:51+00:00,16,306,117,88,7.747,37.0,22,fit:162886c74e2a38ebf52f4e60d81a0aaf9b171190f3cc7622b56770f1f98c9b48:segment:005,5,5003.0,4785,activities/078_260519170927.csv,1,1,0,0
fit:162886c74e2a38ebf52f4e60d81a0aaf9b171190f3cc7622b56770f1f98c9b48,2026-05-19T16:32:52+00:00,17,265,117,89,7.854,37.0,22,fit:162886c74e2a38ebf52f4e60d81a0aaf9b171190f3cc7622b56770f1f98c9b48:segment:005,5,5004.0,4786,activities/078_260519170927.csv,1,1,0,0
fit:162886c74e2a38ebf52f4e60d81a0aaf9b171190f3cc7622b56770f1f98c9b48,2026-05-19T16:32:53+00:00,18,265,118,90,7.827,37.0,22,fit:162886c74e2a38ebf52f4e60d81a0aaf9b171190f3cc7622b56770f1f98c9b48:segment:005,5,5005.0,4787,activities/078_260519170927.csv,1,1,0,0
fit:162886c74e2a38ebf52f4e60d81a0aaf9b171190f3cc7622b56770f1f98c9b48,2026-05-19T16:32:54+00:00,19,200,120,90,8.022,37.0,22,fit:162886c74e2a38ebf52f4e60d81a0aaf9b171190f3cc7622b56770f1f98c9b48:segment:005,5,5006.0,4788,activities/078_260519170927.csv,1,1,0,0
fit:162886c74e2a38ebf52f4e60d81a0aaf9b171190f3cc7622b56770f1f98c9b48,2026-05-19T16:32:55+00:00,20,205,120,92,8.096,38.60000000000002,22,fit:162886c74e2a38ebf52f4e60d81a0aaf9b171190f3cc7622b56770f1f98c9b48:segment:005,5,5007.0,4789,activities/078_260519170927.csv,1,1,0,0
fit:162886c74e2a38ebf52f4e60d81a0aaf9b171190f3cc7622b56770f1f98c9b48,2026-05-19T16:32:56+00:00,21,158,121,92,8.108,38.60000000000002,22,fit:162886c74e2a38ebf52f4e60d81a0aaf9b171190f3cc7622b56770f1f98c9b48:segment:005,5,5008.0,4790,activities/078_260519170927.csv,1,1,0,0
fit:162886c74e2a38ebf52f4e60d81a0aaf9b171190f3cc7622b56770f1f98c9b48,2026-05-19T16:32:57+00:00,22,158,122,92,8.152,38.60000000000002,22,fit:162886c74e2a38ebf52f4e60d81a0aaf9b171190f3cc7622b56770f1f98c9b48:segment:005,5,5009.0,4791,activities/078_260519170927.csv,1,1,0,0
fit:162886c74e2a38ebf52f4e60d81a0aaf9b171190f3cc7622b56770f1f98c9b48,2026-05-19T16:32:58+00:00,23,197,122,91,8.142,37.60000000000002,22,fit:162886c74e2a38ebf52f4e60d81a0aaf9b171190f3cc7622b56770f1f98c9b48:segment:005,5,5010.0,4792,activities/078_260519170927.csv,1,1,0,0
fit:162886c74e2a38ebf52f4e60d81a0aaf9b171190f3cc7622b56770f1f98c9b48,2026-05-19T16:32:59+00:00,24,298,122,85,8.182,38.60000000000002,22,fit:162886c74e2a38ebf52f4e60d81a0aaf9b171190f3cc7622b56770f1f98c9b48:segment:005,5,5011.0,4793,activities/078_260519170927.csv,1,1,0,0
fit:162886c74e2a38ebf52f4e60d81a0aaf9b171190f3cc7622b56770f1f98c9b48,2026-05-19T16:33:00+00:00,25,300,123,87,8.314,38.60000000000002,22,fit:162886c74e2a38ebf52f4e60d81a0aaf9b171190f3cc7622b56770f1f98c9b48:segment:005,5,5012.0,4794,activities/078_260519170927.csv,1,1,0,0
fit:162886c74e2a38ebf52f4e60d81a0aaf9b171190f3cc7622b56770f1f98c9b48,2026-05-19T16:33:01+00:00,26,285,123,90,8.545,38.60000000000002,22,fit:162886c74e2a38ebf52f4e60d81a0aaf9b171190f3cc7622b56770f1f98c9b48:segment:005,5,5013.0,4795,activities/078_260519170927.csv,1,1,0,0
fit:162886c74e2a38ebf52f4e60d81a0aaf9b171190f3cc7622b56770f1f98c9b48,2026-05-19T16:33:02+00:00,27,230,124,90,8.734,37.60000000000002,22,fit:162886c74e2a38ebf52f4e60d81a0aaf9b171190f3cc7622b56770f1f98c9b48:segment:005,5,5014.0,4796,activities/078_260519170927.csv,1,1,0,0
fit:162886c74e2a38ebf52f4e60d81a0aaf9b171190f3cc7622b56770f1f98c9b48,2026-05-19T16:33:03+00:00,28,234,124,91,8.919,36.200000000000045,22,fit:162886c74e2a38ebf52f4e60d81a0aaf9b171190f3cc7622b56770f1f98c9b48:segment:005,5,5015.0,4797,activities/078_260519170927.csv,1,1,0,0
fit:162886c74e2a38ebf52f4e60d81a0aaf9b171190f3cc7622b56770f1f98c9b48,2026-05-19T16:33:04+00:00,29,188,125,92,9.039,36.200000000000045,22,fit:162886c74e2a38ebf52f4e60d81a0aaf9b171190f3cc7622b56770f1f98c9b48:segment:005,5,5016.0,4798,activities/078_260519170927.csv,1,1,0,0
fit:162886c74e2a38ebf52f4e60d81a0aaf9b171190f3cc7622b56770f1f98c9b48,2026-05-19T16:33:05+00:00,30,175,125,93,9.104,36.200000000000045,22,fit:162886c74e2a38ebf52f4e60d81a0aaf9b171190f3cc7622b56770f1f98c9b48:segment:005,5,5017.0,4799,activities/078_260519170927.csv,1,1,0,0
fit:162886c74e2a38ebf52f4e60d81a0aaf9b171190f3cc7622b56770f1f98c9b48,2026-05-19T16:33:06+00:00,31,147,127,93,9.142,37.200000000000045,22,fit:162886c74e2a38ebf52f4e60d81a0aaf9b171190f3cc7622b56770f1f98c9b48:segment:005,5,5018.0,4800,activities/078_260519170927.csv,1,1,0,0
fit:162886c74e2a38ebf52f4e60d81a0aaf9b171190f3cc7622b56770f1f98c9b48,2026-05-19T16:33:07+00:00,32,151,128,93,9.19,38.0,22,fit:162886c74e2a38ebf52f4e60d81a0aaf9b171190f3cc7622b56770f1f98c9b48:segment:005,5,5019.0,4801,activities/078_260519170927.csv,1,1,0,0
fit:162886c74e2a38ebf52f4e60d81a0aaf9b171190f3cc7622b56770f1f98c9b48,2026-05-19T16:33:08+00:00,33,164,129,94,9.223,38.0,22,fit:162886c74e2a38ebf52f4e60d81a0aaf9b171190f3cc7622b56770f1f98c9b48:segment:005,5,5020.0,4802,activities/078_260519170927.csv,1,1,0,0
fit:162886c74e2a38ebf52f4e60d81a0aaf9b171190f3cc7622b56770f1f98c9b48,2026-05-19T16:33:09+00:00,34,189,129,94,9.213,38.0,22,fit:162886c74e2a38ebf52f4e60d81a0aaf9b171190f3cc7622b56770f1f98c9b48:segment:005,5,5021.0,4803,activities/078_260519170927.csv,1,1,0,0
fit:162886c74e2a38ebf52f4e60d81a0aaf9b171190f3cc7622b56770f1f98c9b48,2026-05-19T16:33:10+00:00,35,204,130,95,9.262,38.0,22,fit:162886c74e2a38ebf52f4e60d81a0aaf9b171190f3cc7622b56770f1f98c9b48:segment:005,5,5022.0,4804,activities/078_260519170927.csv,1,1,0,0
fit:162886c74e2a38ebf52f4e60d81a0aaf9b171190f3cc7622b56770f1f98c9b48,2026-05-19T16:33:11+00:00,36,203,131,96,9.277,37.0,22,fit:162886c74e2a38ebf52f4e60d81a0aaf9b171190f3cc7622b56770f1f98c9b48:segment:005,5,5023.0,4805,activities/078_260519170927.csv,1,1,0,0
fit:162886c74e2a38ebf52f4e60d81a0aaf9b171190f3cc7622b56770f1f98c9b48,2026-05-19T16:33:12+00:00,37,207,131,96,9.44,37.0,22,fit:162886c74e2a38ebf52f4e60d81a0aaf9b171190f3cc7622b56770f1f98c9b48:segment:005,5,5024.0,4806,activities/078_260519170927.csv,1,1,0,0
fit:162886c74e2a38ebf52f4e60d81a0aaf9b171190f3cc7622b56770f1f98c9b48,2026-05-19T16:33:13+00:00,38,210,131,97,9.606,37.0,22,fit:162886c74e2a38ebf52f4e60d81a0aaf9b171190f3cc7622b56770f1f98c9b48:segment:005,5,5025.0,4807,activities/078_260519170927.csv,1,1,0,0
fit:162886c74e2a38ebf52f4e60d81a0aaf9b171190f3cc7622b56770f1f98c9b48,2026-05-19T16:33:14+00:00,39,184,132,98,9.576,37.39999999999998,22,fit:162886c74e2a38ebf52f4e60d81a0aaf9b171190f3cc7622b56770f1f98c9b48:segment:005,5,5026.0,4808,activities/078_260519170927.csv,1,1,0,0
fit:162886c74e2a38ebf52f4e60d81a0aaf9b171190f3cc7622b56770f1f98c9b48,2026-05-19T16:33:15+00:00,40,185,133,94,9.601,37.200000000000045,22,fit:162886c74e2a38ebf52f4e60d81a0aaf9b171190f3cc7622b56770f1f98c9b48:segment:005,5,5027.0,4809,activities/078_260519170927.csv,1,1,0,0
fit:162886c74e2a38ebf52f4e60d81a0aaf9b171190f3cc7622b56770f1f98c9b48,2026-05-19T16:33:16+00:00,41,218,133,88,9.652,37.200000000000045,22,fit:162886c74e2a38ebf52f4e60d81a0aaf9b171190f3cc7622b56770f1f98c9b48:segment:005,5,5028.0,4810,activities/078_260519170927.csv,1,1,0,0
fit:162886c74e2a38ebf52f4e60d81a0aaf9b171190f3cc7622b56770f1f98c9b48,2026-05-19T16:33:17+00:00,42,219,134,88,9.726,37.200000000000045,22,fit:162886c74e2a38ebf52f4e60d81a0aaf9b171190f3cc7622b56770f1f98c9b48:segment:005,5,5029.0,4811,activities/078_260519170927.csv,1,1,0,0
fit:162886c74e2a38ebf52f4e60d81a0aaf9b171190f3cc7622b56770f1f98c9b48,2026-05-19T16:33:18+00:00,43,189,135,89,9.746,37.200000000000045,22,fit:162886c74e2a38ebf52f4e60d81a0aaf9b171190f3cc7622b56770f1f98c9b48:segment:005,5,5030.0,4812,activities/078_260519170927.csv,1,1,0,0
fit:162886c74e2a38ebf52f4e60d81a0aaf9b171190f3cc7622b56770f1f98c9b48,2026-05-19T16:33:19+00:00,44,190,136,89,9.778,32.799999999999955,22,fit:162886c74e2a38ebf52f4e60d81a0aaf9b171190f3cc7622b56770f1f98c9b48:segment:005,5,5031.0,4813,activities/078_260519170927.csv,1,1,0,0
fit:162886c74e2a38ebf52f4e60d81a0aaf9b171190f3cc7622b56770f1f98c9b48,2026-05-19T16:33:20+00:00,45,205,136,89,9.818,32.799999999999955,22,fit:162886c74e2a38ebf52f4e60d81a0aaf9b171190f3cc7622b56770f1f98c9b48:segment:005,5,5032.0,4814,activities/078_260519170927.csv,1,1,0,0
fit:162886c74e2a38ebf52f4e60d81a0aaf9b171190f3cc7622b56770f1f98c9b48,2026-05-19T16:33:21+00:00,46,247,137,89,9.833,32.799999999999955,22,fit:162886c74e2a38ebf52f4e60d81a0aaf9b171190f3cc7622b56770f1f98c9b48:segment:005,5,5033.0,4815,activities/078_260519170927.csv,1,1,0,0
fit:162886c74e2a38ebf52f4e60d81a0aaf9b171190f3cc7622b56770f1f98c9b48,2026-05-19T16:33:22+00:00,47,227,138,89,9.818,33.799999999999955,22,fit:162886c74e2a38ebf52f4e60d81a0aaf9b171190f3cc7622b56770f1f98c9b48:segment:005,5,5034.0,4816,activities/078_260519170927.csv,1,1,0,0
fit:162886c74e2a38ebf52f4e60d81a0aaf9b171190f3cc7622b56770f1f98c9b48,2026-05-19T16:33:23+00:00,48,204,139,90,9.869,36.799999999999955,22,fit:162886c74e2a38ebf52f4e60d81a0aaf9b171190f3cc7622b56770f1f98c9b48:segment:005,5,5035.0,4817,activities/078_260519170927.csv,1,1,0,0
fit:162886c74e2a38ebf52f4e60d81a0aaf9b171190f3cc7622b56770f1f98c9b48,2026-05-19T16:33:24+00:00,49,187,140,90,9.837,36.799999999999955,22,fit:162886c74e2a38ebf52f4e60d81a0aaf9b171190f3cc7622b56770f1f98c9b48:segment:005,5,5036.0,4818,activities/078_260519170927.csv,1,1,0,0
fit:162886c74e2a38ebf52f4e60d81a0aaf9b171190f3cc7622b56770f1f98c9b48,2026-05-19T16:33:25+00:00,50,182,140,90,9.844,36.799999999999955,22,fit:162886c74e2a38ebf52f4e60d81a0aaf9b171190f3cc7622b56770f1f98c9b48:segment:005,5,5037.0,4819,activities/078_260519170927.csv,1,1,0,0
fit:162886c74e2a38ebf52f4e60d81a0aaf9b171190f3cc7622b56770f1f98c9b48,2026-05-19T16:33:26+00:00,51,204,141,90,9.858,36.799999999999955,22,fit:162886c74e2a38ebf52f4e60d81a0aaf9b171190f3cc7622b56770f1f98c9b48:segment:005,5,5038.0,4820,activities/078_260519170927.csv,1,1,0,0
fit:162886c74e2a38ebf52f4e60d81a0aaf9b171190f3cc7622b56770f1f98c9b48,2026-05-19T16:33:27+00:00,52,270,141,90,9.918,35.799999999999955,22,fit:162886c74e2a38ebf52f4e60d81a0aaf9b171190f3cc7622b56770f1f98c9b48:segment:005,5,5039.0,4821,activities/078_260519170927.csv,1,1,0,0
fit:162886c74e2a38ebf52f4e60d81a0aaf9b171190f3cc7622b56770f1f98c9b48,2026-05-19T16:33:28+00:00,53,270,142,90,9.957,35.799999999999955,22,fit:162886c74e2a38ebf52f4e60d81a0aaf9b171190f3cc7622b56770f1f98c9b48:segment:005,5,5040.0,4822,activities/078_260519170927.csv,1,1,0,0
fit:162886c74e2a38ebf52f4e60d81a0aaf9b171190f3cc7622b56770f1f98c9b48,2026-05-19T16:33:29+00:00,54,233,142,91,9.932,35.799999999999955,22,fit:162886c74e2a38ebf52f4e60d81a0aaf9b171190f3cc7622b56770f1f98c9b48:segment:005,5,5041.0,4823,activities/078_260519170927.csv,1,1,0,0
fit:162886c74e2a38ebf52f4e60d81a0aaf9b171190f3cc7622b56770f1f98c9b48,2026-05-19T16:33:30+00:00,55,221,142,92,10.043,35.799999999999955,22,fit:162886c74e2a38ebf52f4e60d81a0aaf9b171190f3cc7622b56770f1f98c9b48:segment:005,5,5042.0,4824,activities/078_260519170927.csv,1,1,0,0
fit:162886c74e2a38ebf52f4e60d81a0aaf9b171190f3cc7622b56770f1f98c9b48,2026-05-19T16:33:31+00:00,56,225,143,92,10.198,35.200000000000045,22,fit:162886c74e2a38ebf52f4e60d81a0aaf9b171190f3cc7622b56770f1f98c9b48:segment:005,5,5043.0,4825,activities/078_260519170927.csv,1,1,0,0
fit:162886c74e2a38ebf52f4e60d81a0aaf9b171190f3cc7622b56770f1f98c9b48,2026-05-19T16:33:32+00:00,57,242,143,93,10.289,35.200000000000045,22,fit:162886c74e2a38ebf52f4e60d81a0aaf9b171190f3cc7622b56770f1f98c9b48:segment:005,5,5044.0,4826,activities/078_260519170927.csv,1,1,0,0
fit:162886c74e2a38ebf52f4e60d81a0aaf9b171190f3cc7622b56770f1f98c9b48,2026-05-19T16:33:33+00:00,58,219,143,93,10.327,35.200000000000045,22,fit:162886c74e2a38ebf52f4e60d81a0aaf9b171190f3cc7622b56770f1f98c9b48:segment:005,5,5045.0,4827,activities/078_260519170927.csv,1,1,0,0
fit:162886c74e2a38ebf52f4e60d81a0aaf9b171190f3cc7622b56770f1f98c9b48,2026-05-19T16:33:34+00:00,59,207,143,93,10.321,36.0,22,fit:162886c74e2a38ebf52f4e60d81a0aaf9b171190f3cc7622b56770f1f98c9b48:segment:005,5,5046.0,4828,activities/078_260519170927.csv,1,1,0,0
fit:162886c74e2a38ebf52f4e60d81a0aaf9b171190f3cc7622b56770f1f98c9b48,2026-05-19T16:33:35+00:00,60,195,143,94,10.3,34.200000000000045,22,fit:162886c74e2a38ebf52f4e60d81a0aaf9b171190f3cc7622b56770f1f98c9b48:segment:005,5,5047.0,4829,activities/078_260519170927.csv,1,1,0,0
fit:162886c74e2a38ebf52f4e60d81a0aaf9b171190f3cc7622b56770f1f98c9b48,2026-05-19T16:33:36+00:00,61,187,143,94,10.261,34.200000000000045,22,fit:162886c74e2a38ebf52f4e60d81a0aaf9b171190f3cc7622b56770f1f98c9b48:segment:005,5,5048.0,4830,activities/078_260519170927.csv,1,1,0,0
fit:162886c74e2a38ebf52f4e60d81a0aaf9b171190f3cc7622b56770f1f98c9b48,2026-05-19T16:33:37+00:00,62,201,143,94,10.356,34.200000000000045,22,fit:162886c74e2a38ebf52f4e60d81a0aaf9b171190f3cc7622b56770f1f98c9b48:segment:005,5,5049.0,4831,activities/078_260519170927.csv,1,1,0,0
fit:162886c74e2a38ebf52f4e60d81a0aaf9b171190f3cc7622b56770f1f98c9b48,2026-05-19T16:33:38+00:00,63,194,143,94,10.384,34.200000000000045,22,fit:162886c74e2a38ebf52f4e60d81a0aaf9b171190f3cc7622b56770f1f98c9b48:segment:005,5,5050.0,4832,activities/078_260519170927.csv,1,1,0,0
fit:162886c74e2a38ebf52f4e60d81a0aaf9b171190f3cc7622b56770f1f98c9b48,2026-05-19T16:33:39+00:00,64,196,143,94,10.37,34.200000000000045,22,fit:162886c74e2a38ebf52f4e60d81a0aaf9b171190f3cc7622b56770f1f98c9b48:segment:005,5,5051.0,4833,activities/078_260519170927.csv,1,1,0,0
fit:162886c74e2a38ebf52f4e60d81a0aaf9b171190f3cc7622b56770f1f98c9b48,2026-05-19T16:33:40+00:00,65,187,143,94,10.399,34.799999999999955,22,fit:162886c74e2a38ebf52f4e60d81a0aaf9b171190f3cc7622b56770f1f98c9b48:segment:005,5,5052.0,4834,activities/078_260519170927.csv,1,1,0,0
fit:162886c74e2a38ebf52f4e60d81a0aaf9b171190f3cc7622b56770f1f98c9b48,2026-05-19T16:33:41+00:00,66,212,143,94,10.446,34.799999999999955,22,fit:162886c74e2a38ebf52f4e60d81a0aaf9b171190f3cc7622b56770f1f98c9b48:segment:005,5,5053.0,4835,activities/078_260519170927.csv,1,1,0,0
fit:162886c74e2a38ebf52f4e60d81a0aaf9b171190f3cc7622b56770f1f98c9b48,2026-05-19T16:33:42+00:00,67,224,143,94,10.37,34.799999999999955,22,fit:162886c74e2a38ebf52f4e60d81a0aaf9b171190f3cc7622b56770f1f98c9b48:segment:005,5,5054.0,4836,activities/078_260519170927.csv,1,1,0,0
fit:162886c74e2a38ebf52f4e60d81a0aaf9b171190f3cc7622b56770f1f98c9b48,2026-05-19T16:33:43+00:00,68,214,142,94,10.367,34.60000000000002,22,fit:162886c74e2a38ebf52f4e60d81a0aaf9b171190f3cc7622b56770f1f98c9b48:segment:005,5,5055.0,4837,activities/078_260519170927.csv,1,1,0,0
fit:162886c74e2a38ebf52f4e60d81a0aaf9b171190f3cc7622b56770f1f98c9b48,2026-05-19T16:33:44+00:00,69,214,142,95,10.429,35.200000000000045,22,fit:162886c74e2a38ebf52f4e60d81a0aaf9b171190f3cc7622b56770f1f98c9b48:segment:005,5,5056.0,4838,activities/078_260519170927.csv,1,1,0,0
fit:162886c74e2a38ebf52f4e60d81a0aaf9b171190f3cc7622b56770f1f98c9b48,2026-05-19T16:33:45+00:00,70,191,142,96,10.511,35.200000000000045,22,fit:162886c74e2a38ebf52f4e60d81a0aaf9b171190f3cc7622b56770f1f98c9b48:segment:005,5,5057.0,4839,activities/078_260519170927.csv,1,1,0,0
fit:162886c74e2a38ebf52f4e60d81a0aaf9b171190f3cc7622b56770f1f98c9b48,2026-05-19T16:33:46+00:00,71,179,142,95,10.532,35.200000000000045,22,fit:162886c74e2a38ebf52f4e60d81a0aaf9b171190f3cc7622b56770f1f98c9b48:segment:005,5,5058.0,4840,activities/078_260519170927.csv,1,1,0,0
fit:162886c74e2a38ebf52f4e60d81a0aaf9b171190f3cc7622b56770f1f98c9b48,2026-05-19T16:33:47+00:00,72,183,143,95,10.517,35.200000000000045,22,fit:162886c74e2a38ebf52f4e60d81a0aaf9b171190f3cc7622b56770f1f98c9b48:segment:005,5,5059.0,4841,activities/078_260519170927.csv,1,1,0,0
fit:162886c74e2a38ebf52f4e60d81a0aaf9b171190f3cc7622b56770f1f98c9b48,2026-05-19T16:33:48+00:00,73,164,143,95,10.51,33.39999999999998,22,fit:162886c74e2a38ebf52f4e60d81a0aaf9b171190f3cc7622b56770f1f98c9b48:segment:005,5,5060.0,4842,activities/078_260519170927.csv,1,1,0,0
fit:162886c74e2a38ebf52f4e60d81a0aaf9b171190f3cc7622b56770f1f98c9b48,2026-05-19T16:33:49+00:00,74,164,143,94,10.498,33.39999999999998,22,fit:162886c74e2a38ebf52f4e60d81a0aaf9b171190f3cc7622b56770f1f98c9b48:segment:005,5,5061.0,4843,activities/078_260519170927.csv,1,1,0,0
fit:162886c74e2a38ebf52f4e60d81a0aaf9b171190f3cc7622b56770f1f98c9b48,2026-05-19T16:33:50+00:00,75,195,143,94,10.454,33.39999999999998,22,fit:162886c74e2a38ebf52f4e60d81a0aaf9b171190f3cc7622b56770f1f98c9b48:segment:005,5,5062.0,4844,activities/078_260519170927.csv,1,1,0,0
fit:162886c74e2a38ebf52f4e60d81a0aaf9b171190f3cc7622b56770f1f98c9b48,2026-05-19T16:33:51+00:00,76,236,143,93,10.417,34.39999999999998,22,fit:162886c74e2a38ebf52f4e60d81a0aaf9b171190f3cc7622b56770f1f98c9b48:segment:005,5,5063.0,4845,activities/078_260519170927.csv,1,1,0,0
fit:162886c74e2a38ebf52f4e60d81a0aaf9b171190f3cc7622b56770f1f98c9b48,2026-05-19T16:33:52+00:00,77,205,143,92,10.354,34.60000000000002,22,fit:162886c74e2a38ebf52f4e60d81a0aaf9b171190f3cc7622b56770f1f98c9b48:segment:005,5,5064.0,4846,activities/078_260519170927.csv,1,1,0,0
fit:162886c74e2a38ebf52f4e60d81a0aaf9b171190f3cc7622b56770f1f98c9b48,2026-05-19T16:33:53+00:00,78,232,143,91,10.268,34.60000000000002,22,fit:162886c74e2a38ebf52f4e60d81a0aaf9b171190f3cc7622b56770f1f98c9b48:segment:005,5,5065.0,4847,activities/078_260519170927.csv,1,1,0,0
fit:162886c74e2a38ebf52f4e60d81a0aaf9b171190f3cc7622b56770f1f98c9b48,2026-05-19T16:33:54+00:00,79,182,143,91,10.194,34.60000000000002,22,fit:162886c74e2a38ebf52f4e60d81a0aaf9b171190f3cc7622b56770f1f98c9b48:segment:005,5,5066.0,4848,activities/078_260519170927.csv,1,1,0,0
fit:162886c74e2a38ebf52f4e60d81a0aaf9b171190f3cc7622b56770f1f98c9b48,2026-05-19T16:33:55+00:00,80,178,142,90,10.098,35.0,22,fit:162886c74e2a38ebf52f4e60d81a0aaf9b171190f3cc7622b56770f1f98c9b48:segment:005,5,5067.0,4849,activities/078_260519170927.csv,1,1,0,0
fit:162886c74e2a38ebf52f4e60d81a0aaf9b171190f3cc7622b56770f1f98c9b48,2026-05-19T16:33:56+00:00,81,183,142,90,9.936,35.0,22,fit:162886c74e2a38ebf52f4e60d81a0aaf9b171190f3cc7622b56770f1f98c9b48:segment:005,5,5068.0,4850,activities/078_260519170927.csv,1,1,0,0
fit:162886c74e2a38ebf52f4e60d81a0aaf9b171190f3cc7622b56770f1f98c9b48,2026-05-19T16:33:57+00:00,82,178,141,91,9.836,35.0,22,fit:162886c74e2a38ebf52f4e60d81a0aaf9b171190f3cc7622b56770f1f98c9b48:segment:005,5,5069.0,4851,activities/078_260519170927.csv,1,1,0,0
fit:162886c74e2a38ebf52f4e60d81a0aaf9b171190f3cc7622b56770f1f98c9b48,2026-05-19T16:33:58+00:00,83,166,141,91,9.867,35.0,22,fit:162886c74e2a38ebf52f4e60d81a0aaf9b171190f3cc7622b56770f1f98c9b48:segment:005,5,5070.0,4852,activities/078_260519170927.csv,1,1,0,0
fit:162886c74e2a38ebf52f4e60d81a0aaf9b171190f3cc7622b56770f1f98c9b48,2026-05-19T16:33:59+00:00,84,166,141,91,9.9,35.0,22,fit:162886c74e2a38ebf52f4e60d81a0aaf9b171190f3cc7622b56770f1f98c9b48:segment:005,5,5071.0,4853,activities/078_260519170927.csv,1,1,0,0
fit:162886c74e2a38ebf52f4e60d81a0aaf9b171190f3cc7622b56770f1f98c9b48,2026-05-19T16:34:00+00:00,85,204,141,91,9.976,34.0,22,fit:162886c74e2a38ebf52f4e60d81a0aaf9b171190f3cc7622b56770f1f98c9b48:segment:005,5,5072.0,4854,activities/078_260519170927.csv,1,1,0,0
fit:162886c74e2a38ebf52f4e60d81a0aaf9b171190f3cc7622b56770f1f98c9b48,2026-05-19T16:34:01+00:00,86,195,140,91,10.001,34.0,22,fit:162886c74e2a38ebf52f4e60d81a0aaf9b171190f3cc7622b56770f1f98c9b48:segment:005,5,5073.0,4855,activities/078_260519170927.csv,1,1,0,0
fit:162886c74e2a38ebf52f4e60d81a0aaf9b171190f3cc7622b56770f1f98c9b48,2026-05-19T16:34:02+00:00,87,190,140,91,10.072,34.0,22,fit:162886c74e2a38ebf52f4e60d81a0aaf9b171190f3cc7622b56770f1f98c9b48:segment:005,5,5074.0,4856,activities/078_260519170927.csv,1,1,0,0
fit:162886c74e2a38ebf52f4e60d81a0aaf9b171190f3cc7622b56770f1f98c9b48,2026-05-19T16:34:03+00:00,88,190,140,91,10.064,34.0,22,fit:162886c74e2a38ebf52f4e60d81a0aaf9b171190f3cc7622b56770f1f98c9b48:segment:005,5,5075.0,4857,activities/078_260519170927.csv,1,1,0,0
fit:162886c74e2a38ebf52f4e60d81a0aaf9b171190f3cc7622b56770f1f98c9b48,2026-05-19T16:34:04+00:00,89,200,140,91,10.065,34.799999999999955,22,fit:162886c74e2a38ebf52f4e60d81a0aaf9b171190f3cc7622b56770f1f98c9b48:segment:005,5,5076.0,4858,activities/078_260519170927.csv,1,1,0,0
fit:162886c74e2a38ebf52f4e60d81a0aaf9b171190f3cc7622b56770f1f98c9b48,2026-05-19T16:34:05+00:00,90,202,140,92,10.135,34.799999999999955,22,fit:162886c74e2a38ebf52f4e60d81a0aaf9b171190f3cc7622b56770f1f98c9b48:segment:005,5,5077.0,4859,activities/078_260519170927.csv,1,1,0,0
fit:162886c74e2a38ebf52f4e60d81a0aaf9b171190f3cc7622b56770f1f98c9b48,2026-05-19T16:34:06+00:00,91,180,140,91,10.147,34.799999999999955,22,fit:162886c74e2a38ebf52f4e60d81a0aaf9b171190f3cc7622b56770f1f98c9b48:segment:005,5,5078.0,4860,activities/078_260519170927.csv,1,1,0,0
fit:162886c74e2a38ebf52f4e60d81a0aaf9b171190f3cc7622b56770f1f98c9b48,2026-05-19T16:34:07+00:00,92,195,140,90,10.196,34.200000000000045,22,fit:162886c74e2a38ebf52f4e60d81a0aaf9b171190f3cc7622b56770f1f98c9b48:segment:005,5,5079.0,4861,activities/078_260519170927.csv,1,1,0,0
fit:162886c74e2a38ebf52f4e60d81a0aaf9b171190f3cc7622b56770f1f98c9b48,2026-05-19T16:34:08+00:00,93,249,139,90,10.096,33.799999999999955,22,fit:162886c74e2a38ebf52f4e60d81a0aaf9b171190f3cc7622b56770f1f98c9b48:segment:005,5,5080.0,4862,activities/078_260519170927.csv,1,1,0,0
fit:162886c74e2a38ebf52f4e60d81a0aaf9b171190f3cc7622b56770f1f98c9b48,2026-05-19T16:34:09+00:00,94,250,139,91,10.068,33.799999999999955,22,fit:162886c74e2a38ebf52f4e60d81a0aaf9b171190f3cc7622b56770f1f98c9b48:segment:005,5,5081.0,4863,activities/078_260519170927.csv,1,1,0,0
fit:162886c74e2a38ebf52f4e60d81a0aaf9b171190f3cc7622b56770f1f98c9b48,2026-05-19T16:34:10+00:00,95,238,139,91,10.124,33.799999999999955,22,fit:162886c74e2a38ebf52f4e60d81a0aaf9b171190f3cc7622b56770f1f98c9b48:segment:005,5,5082.0,4864,activities/078_260519170927.csv,1,1,0,0
fit:162886c74e2a38ebf52f4e60d81a0aaf9b171190f3cc7622b56770f1f98c9b48,2026-05-19T16:34:11+00:00,96,194,139,91,10.103,34.200000000000045,22,fit:162886c74e2a38ebf52f4e60d81a0aaf9b171190f3cc7622b56770f1f98c9b48:segment:005,5,5083.0,4865,activities/078_260519170927.csv,1,1,0,0
fit:162886c74e2a38ebf52f4e60d81a0aaf9b171190f3cc7622b56770f1f98c9b48,2026-05-19T16:34:12+00:00,97,134,139,91,10.101,33.39999999999998,22,fit:162886c74e2a38ebf52f4e60d81a0aaf9b171190f3cc7622b56770f1f98c9b48:segment:005,5,5084.0,4866,activities/078_260519170927.csv,1,1,0,0
fit:162886c74e2a38ebf52f4e60d81a0aaf9b171190f3cc7622b56770f1f98c9b48,2026-05-19T16:34:13+00:00,98,110,139,91,10.12,33.39999999999998,22,fit:162886c74e2a38ebf52f4e60d81a0aaf9b171190f3cc7622b56770f1f98c9b48:segment:005,5,5085.0,4867,activities/078_260519170927.csv,1,1,0,0
fit:162886c74e2a38ebf52f4e60d81a0aaf9b171190f3cc7622b56770f1f98c9b48,2026-05-19T16:34:14+00:00,99,110,139,92,10.152,33.39999999999998,22,fit:162886c74e2a38ebf52f4e60d81a0aaf9b171190f3cc7622b56770f1f98c9b48:segment:005,5,5086.0,4868,activities/078_260519170927.csv,1,1,0,0
fit:162886c74e2a38ebf52f4e60d81a0aaf9b171190f3cc7622b56770f1f98c9b48,2026-05-19T16:34:15+00:00,100,106,139,93,10.186,33.39999999999998,22,fit:162886c74e2a38ebf52f4e60d81a0aaf9b171190f3cc7622b56770f1f98c9b48:segment:005,5,5087.0,4869,activities/078_260519170927.csv,1,1,0,0
fit:162886c74e2a38ebf52f4e60d81a0aaf9b171190f3cc7622b56770f1f98c9b48,2026-05-19T16:34:16+00:00,101,94,138,94,10.184,33.799999999999955,22,fit:162886c74e2a38ebf52f4e60d81a0aaf9b171190f3cc7622b56770f1f98c9b48:segment:005,5,5088.0,4870,activities/078_260519170927.csv,1,1,0,0
fit:162886c74e2a38ebf52f4e60d81a0aaf9b171190f3cc7622b56770f1f98c9b48,2026-05-19T16:34:17+00:00,102,106,138,94,10.169,33.799999999999955,22,fit:162886c74e2a38ebf52f4e60d81a0aaf9b171190f3cc7622b56770f1f98c9b48:segment:005,5,5089.0,4871,activities/078_260519170927.csv,1,1,0,0
fit:162886c74e2a38ebf52f4e60d81a0aaf9b171190f3cc7622b56770f1f98c9b48,2026-05-19T16:34:18+00:00,103,121,138,95,10.127,33.799999999999955,22,fit:162886c74e2a38ebf52f4e60d81a0aaf9b171190f3cc7622b56770f1f98c9b48:segment:005,5,5090.0,4872,activities/078_260519170927.csv,1,1,0,0
fit:162886c74e2a38ebf52f4e60d81a0aaf9b171190f3cc7622b56770f1f98c9b48,2026-05-19T16:34:19+00:00,104,108,137,95,10.194,33.799999999999955,22,fit:162886c74e2a38ebf52f4e60d81a0aaf9b171190f3cc7622b56770f1f98c9b48:segment:005,5,5091.0,4873,activities/078_260519170927.csv,1,1,0,0
fit:162886c74e2a38ebf52f4e60d81a0aaf9b171190f3cc7622b56770f1f98c9b48,2026-05-19T16:34:20+00:00,105,97,136,94,10.247,32.60000000000002,22,fit:162886c74e2a38ebf52f4e60d81a0aaf9b171190f3cc7622b56770f1f98c9b48:segment:005,5,5092.0,4874,activities/078_260519170927.csv,1,1,0,0
fit:162886c74e2a38ebf52f4e60d81a0aaf9b171190f3cc7622b56770f1f98c9b48,2026-05-19T16:34:21+00:00,106,173,136,94,10.254,32.60000000000002,22,fit:162886c74e2a38ebf52f4e60d81a0aaf9b171190f3cc7622b56770f1f98c9b48:segment:005,5,5093.0,4875,activities/078_260519170927.csv,1,1,0,0
fit:162886c74e2a38ebf52f4e60d81a0aaf9b171190f3cc7622b56770f1f98c9b48,2026-05-19T16:34:22+00:00,107,130,135,94,10.246,32.60000000000002,22,fit:162886c74e2a38ebf52f4e60d81a0aaf9b171190f3cc7622b56770f1f98c9b48:segment:005,5,5094.0,4876,activities/078_260519170927.csv,1,1,0,0
fit:162886c74e2a38ebf52f4e60d81a0aaf9b171190f3cc7622b56770f1f98c9b48,2026-05-19T16:34:23+00:00,108,98,133,93,10.236,32.60000000000002,22,fit:162886c74e2a38ebf52f4e60d81a0aaf9b171190f3cc7622b56770f1f98c9b48:segment:005,5,5095.0,4877,activities/078_260519170927.csv,1,1,0,0
fit:162886c74e2a38ebf52f4e60d81a0aaf9b171190f3cc7622b56770f1f98c9b48,2026-05-19T16:34:24+00:00,109,139,133,93,10.19,33.0,22,fit:162886c74e2a38ebf52f4e60d81a0aaf9b171190f3cc7622b56770f1f98c9b48:segment:005,5,5096.0,4878,activities/078_260519170927.csv,1,1,0,0
fit:162886c74e2a38ebf52f4e60d81a0aaf9b171190f3cc7622b56770f1f98c9b48,2026-05-19T16:34:25+00:00,110,125,132,92,10.308,33.0,22,fit:162886c74e2a38ebf52f4e60d81a0aaf9b171190f3cc7622b56770f1f98c9b48:segment:005,5,5097.0,4879,activities/078_260519170927.csv,1,1,0,0
fit:162886c74e2a38ebf52f4e60d81a0aaf9b171190f3cc7622b56770f1f98c9b48,2026-05-19T16:34:26+00:00,111,206,131,92,10.274,33.0,22,fit:162886c74e2a38ebf52f4e60d81a0aaf9b171190f3cc7622b56770f1f98c9b48:segment:005,5,5098.0,4880,activities/078_260519170927.csv,1,1,0,0
fit:162886c74e2a38ebf52f4e60d81a0aaf9b171190f3cc7622b56770f1f98c9b48,2026-05-19T16:34:27+00:00,112,207,130,92,10.071,32.200000000000045,22,fit:162886c74e2a38ebf52f4e60d81a0aaf9b171190f3cc7622b56770f1f98c9b48:segment:005,5,5099.0,4881,activities/078_260519170927.csv,1,1,0,0
fit:162886c74e2a38ebf52f4e60d81a0aaf9b171190f3cc7622b56770f1f98c9b48,2026-05-19T16:34:28+00:00,113,164,130,92,10.038,32.39999999999998,22,fit:162886c74e2a38ebf52f4e60d81a0aaf9b171190f3cc7622b56770f1f98c9b48:segment:005,5,5100.0,4882,activities/078_260519170927.csv,1,1,0,0
fit:162886c74e2a38ebf52f4e60d81a0aaf9b171190f3cc7622b56770f1f98c9b48,2026-05-19T16:34:29+00:00,114,224,130,92,10.091,32.39999999999998,22,fit:162886c74e2a38ebf52f4e60d81a0aaf9b171190f3cc7622b56770f1f98c9b48:segment:005,5,5101.0,4883,activities/078_260519170927.csv,1,1,0,0
fit:162886c74e2a38ebf52f4e60d81a0aaf9b171190f3cc7622b56770f1f98c9b48,2026-05-19T16:34:30+00:00,115,262,129,92,10.204,32.39999999999998,22,fit:162886c74e2a38ebf52f4e60d81a0aaf9b171190f3cc7622b56770f1f98c9b48:segment:005,5,5102.0,4884,activities/078_260519170927.csv,1,1,0,0
fit:162886c74e2a38ebf52f4e60d81a0aaf9b171190f3cc7622b56770f1f98c9b48,2026-05-19T16:34:31+00:00,116,184,129,93,10.202,32.60000000000002,22,fit:162886c74e2a38ebf52f4e60d81a0aaf9b171190f3cc7622b56770f1f98c9b48:segment:005,5,5103.0,4885,activities/078_260519170927.csv,1,1,0,0
fit:162886c74e2a38ebf52f4e60d81a0aaf9b171190f3cc7622b56770f1f98c9b48,2026-05-19T16:34:32+00:00,117,173,129,93,10.155,32.39999999999998,22,fit:162886c74e2a38ebf52f4e60d81a0aaf9b171190f3cc7622b56770f1f98c9b48:segment:005,5,5104.0,4886,activities/078_260519170927.csv,1,1,0,0
fit:162886c74e2a38ebf52f4e60d81a0aaf9b171190f3cc7622b56770f1f98c9b48,2026-05-19T16:34:33+00:00,118,235,128,92,10.223,32.39999999999998,22,fit:162886c74e2a38ebf52f4e60d81a0aaf9b171190f3cc7622b56770f1f98c9b48:segment:005,5,5105.0,4887,activities/078_260519170927.csv,1,1,0,0
fit:162886c74e2a38ebf52f4e60d81a0aaf9b171190f3cc7622b56770f1f98c9b48,2026-05-19T16:34:34+00:00,119,233,128,93,10.179,32.39999999999998,22,fit:162886c74e2a38ebf52f4e60d81a0aaf9b171190f3cc7622b56770f1f98c9b48:segment:005,5,5106.0,4888,activities/078_260519170927.csv,1,1,0,0
fit:162886c74e2a38ebf52f4e60d81a0aaf9b171190f3cc7622b56770f1f98c9b48,2026-05-19T16:34:35+00:00,120,270,128,93,10.234,32.60000000000002,22,fit:162886c74e2a38ebf52f4e60d81a0aaf9b171190f3cc7622b56770f1f98c9b48:segment:005,5,5107.0,4889,activities/078_260519170927.csv,1,1,0,0
fit:162886c74e2a38ebf52f4e60d81a0aaf9b171190f3cc7622b56770f1f98c9b48,2026-05-19T16:34:36+00:00,121,236,128,93,10.403,32.60000000000002,22,fit:162886c74e2a38ebf52f4e60d81a0aaf9b171190f3cc7622b56770f1f98c9b48:segment:005,5,5108.0,4890,activities/078_260519170927.csv,1,1,0,0
fit:162886c74e2a38ebf52f4e60d81a0aaf9b171190f3cc7622b56770f1f98c9b48,2026-05-19T16:34:37+00:00,122,260,128,92,10.311,32.60000000000002,22,fit:162886c74e2a38ebf52f4e60d81a0aaf9b171190f3cc7622b56770f1f98c9b48:segment:005,5,5109.0,4891,activities/078_260519170927.csv,1,1,0,0
fit:162886c74e2a38ebf52f4e60d81a0aaf9b171190f3cc7622b56770f1f98c9b48,2026-05-19T16:34:38+00:00,123,260,129,92,10.228,32.60000000000002,22,fit:162886c74e2a38ebf52f4e60d81a0aaf9b171190f3cc7622b56770f1f98c9b48:segment:005,5,5110.0,4892,activities/078_260519170927.csv,1,1,0,0
fit:162886c74e2a38ebf52f4e60d81a0aaf9b171190f3cc7622b56770f1f98c9b48,2026-05-19T16:34:39+00:00,124,260,129,91,10.156,31.799999999999955,22,fit:162886c74e2a38ebf52f4e60d81a0aaf9b171190f3cc7622b56770f1f98c9b48:segment:005,5,5111.0,4893,activities/078_260519170927.csv,1,1,0,0
fit:162886c74e2a38ebf52f4e60d81a0aaf9b171190f3cc7622b56770f1f98c9b48,2026-05-19T16:34:40+00:00,125,211,129,90,10.112,31.399999999999977,22,fit:162886c74e2a38ebf52f4e60d81a0aaf9b171190f3cc7622b56770f1f98c9b48:segment:005,5,5112.0,4894,activities/078_260519170927.csv,1,1,0,0
fit:162886c74e2a38ebf52f4e60d81a0aaf9b171190f3cc7622b56770f1f98c9b48,2026-05-19T16:34:41+00:00,126,207,129,90,9.97,31.399999999999977,22,fit:162886c74e2a38ebf52f4e60d81a0aaf9b171190f3cc7622b56770f1f98c9b48:segment:005,5,5113.0,4895,activities/078_260519170927.csv,1,1,0,0
fit:162886c74e2a38ebf52f4e60d81a0aaf9b171190f3cc7622b56770f1f98c9b48,2026-05-19T16:34:42+00:00,127,208,129,90,9.907,31.399999999999977,22,fit:162886c74e2a38ebf52f4e60d81a0aaf9b171190f3cc7622b56770f1f98c9b48:segment:005,5,5114.0,4896,activities/078_260519170927.csv,1,1,0,0
fit:162886c74e2a38ebf52f4e60d81a0aaf9b171190f3cc7622b56770f1f98c9b48,2026-05-19T16:34:43+00:00,128,189,129,90,9.894,31.399999999999977,22,fit:162886c74e2a38ebf52f4e60d81a0aaf9b171190f3cc7622b56770f1f98c9b48:segment:005,5,5115.0,4897,activities/078_260519170927.csv,1,1,0,0
fit:162886c74e2a38ebf52f4e60d81a0aaf9b171190f3cc7622b56770f1f98c9b48,2026-05-19T16:34:44+00:00,129,222,129,90,9.963,31.399999999999977,22,fit:162886c74e2a38ebf52f4e60d81a0aaf9b171190f3cc7622b56770f1f98c9b48:segment:005,5,5116.0,4898,activities/078_260519170927.csv,1,1,0,0
fit:162886c74e2a38ebf52f4e60d81a0aaf9b171190f3cc7622b56770f1f98c9b48,2026-05-19T16:34:45+00:00,130,200,129,91,9.926,31.399999999999977,22,fit:162886c74e2a38ebf52f4e60d81a0aaf9b171190f3cc7622b56770f1f98c9b48:segment:005,5,5117.0,4899,activities/078_260519170927.csv,1,1,0,0
fit:162886c74e2a38ebf52f4e60d81a0aaf9b171190f3cc7622b56770f1f98c9b48,2026-05-19T16:34:46+00:00,131,189,130,91,9.952,31.399999999999977,22,fit:162886c74e2a38ebf52f4e60d81a0aaf9b171190f3cc7622b56770f1f98c9b48:segment:005,5,5118.0,4900,activities/078_260519170927.csv,1,1,0,0
fit:162886c74e2a38ebf52f4e60d81a0aaf9b171190f3cc7622b56770f1f98c9b48,2026-05-19T16:34:47+00:00,132,207,130,91,10.038,31.399999999999977,22,fit:162886c74e2a38ebf52f4e60d81a0aaf9b171190f3cc7622b56770f1f98c9b48:segment:005,5,5119.0,4901,activities/078_260519170927.csv,1,1,0,0
fit:162886c74e2a38ebf52f4e60d81a0aaf9b171190f3cc7622b56770f1f98c9b48,2026-05-19T16:34:48+00:00,133,207,130,91,10.002,31.399999999999977,22,fit:162886c74e2a38ebf52f4e60d81a0aaf9b171190f3cc7622b56770f1f98c9b48:segment:005,5,5120.0,4902,activities/078_260519170927.csv,1,1,0,0
fit:162886c74e2a38ebf52f4e60d81a0aaf9b171190f3cc7622b56770f1f98c9b48,2026-05-19T16:34:49+00:00,134,198,130,91,10.107,31.399999999999977,22,fit:162886c74e2a38ebf52f4e60d81a0aaf9b171190f3cc7622b56770f1f98c9b48:segment:005,5,5121.0,4903,activities/078_260519170927.csv,1,1,0,0
fit:162886c74e2a38ebf52f4e60d81a0aaf9b171190f3cc7622b56770f1f98c9b48,2026-05-19T16:34:50+00:00,135,210,130,91,10.154,31.399999999999977,22,fit:162886c74e2a38ebf52f4e60d81a0aaf9b171190f3cc7622b56770f1f98c9b48:segment:005,5,5122.0,4904,activities/078_260519170927.csv,1,1,0,0
fit:162886c74e2a38ebf52f4e60d81a0aaf9b171190f3cc7622b56770f1f98c9b48,2026-05-19T16:34:51+00:00,136,206,131,91,10.129,31.399999999999977,22,fit:162886c74e2a38ebf52f4e60d81a0aaf9b171190f3cc7622b56770f1f98c9b48:segment:005,5,5123.0,4905,activities/078_260519170927.csv,1,1,0,0
fit:162886c74e2a38ebf52f4e60d81a0aaf9b171190f3cc7622b56770f1f98c9b48,2026-05-19T16:34:52+00:00,137,195,131,90,10.063,30.600000000000023,22,fit:162886c74e2a38ebf52f4e60d81a0aaf9b171190f3cc7622b56770f1f98c9b48:segment:005,5,5124.0,4906,activities/078_260519170927.csv,1,1,0,0
fit:162886c74e2a38ebf52f4e60d81a0aaf9b171190f3cc7622b56770f1f98c9b48,2026-05-19T16:34:53+00:00,138,196,131,90,10.043,30.600000000000023,22,fit:162886c74e2a38ebf52f4e60d81a0aaf9b171190f3cc7622b56770f1f98c9b48:segment:005,5,5125.0,4907,activities/078_260519170927.csv,1,1,0,0
fit:162886c74e2a38ebf52f4e60d81a0aaf9b171190f3cc7622b56770f1f98c9b48,2026-05-19T16:34:54+00:00,139,214,131,89,9.954,30.600000000000023,22,fit:162886c74e2a38ebf52f4e60d81a0aaf9b171190f3cc7622b56770f1f98c9b48:segment:005,5,5126.0,4908,activities/078_260519170927.csv,1,1,0,0
fit:162886c74e2a38ebf52f4e60d81a0aaf9b171190f3cc7622b56770f1f98c9b48,2026-05-19T16:34:55+00:00,140,207,132,87,9.93,30.600000000000023,22,fit:162886c74e2a38ebf52f4e60d81a0aaf9b171190f3cc7622b56770f1f98c9b48:segment:005,5,5127.0,4909,activities/078_260519170927.csv,1,1,0,0
fit:162886c74e2a38ebf52f4e60d81a0aaf9b171190f3cc7622b56770f1f98c9b48,2026-05-19T16:34:56+00:00,141,219,132,86,9.817,31.799999999999955,22,fit:162886c74e2a38ebf52f4e60d81a0aaf9b171190f3cc7622b56770f1f98c9b48:segment:005,5,5128.0,4910,activities/078_260519170927.csv,1,1,0,0
fit:162886c74e2a38ebf52f4e60d81a0aaf9b171190f3cc7622b56770f1f98c9b48,2026-05-19T16:34:57+00:00,142,225,132,86,9.627,31.799999999999955,22,fit:162886c74e2a38ebf52f4e60d81a0aaf9b171190f3cc7622b56770f1f98c9b48:segment:005,5,5129.0,4911,activities/078_260519170927.csv,1,1,0,0
fit:162886c74e2a38ebf52f4e60d81a0aaf9b171190f3cc7622b56770f1f98c9b48,2026-05-19T16:34:58+00:00,143,255,133,86,9.542,31.799999999999955,22,fit:162886c74e2a38ebf52f4e60d81a0aaf9b171190f3cc7622b56770f1f98c9b48:segment:005,5,5130.0,4912,activities/078_260519170927.csv,1,1,0,0
fit:162886c74e2a38ebf52f4e60d81a0aaf9b171190f3cc7622b56770f1f98c9b48,2026-05-19T16:34:59+00:00,144,255,133,86,9.449,31.799999999999955,22,fit:162886c74e2a38ebf52f4e60d81a0aaf9b171190f3cc7622b56770f1f98c9b48:segment:005,5,5131.0,4913,activities/078_260519170927.csv,1,1,0,0
fit:162886c74e2a38ebf52f4e60d81a0aaf9b171190f3cc7622b56770f1f98c9b48,2026-05-19T16:35:00+00:00,145,237,134,86,9.424,31.799999999999955,22,fit:162886c74e2a38ebf52f4e60d81a0aaf9b171190f3cc7622b56770f1f98c9b48:segment:005,5,5132.0,4914,activities/078_260519170927.csv,1,1,0,0
fit:162886c74e2a38ebf52f4e60d81a0aaf9b171190f3cc7622b56770f1f98c9b48,2026-05-19T16:35:01+00:00,146,234,135,86,9.445,31.799999999999955,22,fit:162886c74e2a38ebf52f4e60d81a0aaf9b171190f3cc7622b56770f1f98c9b48:segment:005,5,5133.0,4915,activities/078_260519170927.csv,1,1,0,0
fit:162886c74e2a38ebf52f4e60d81a0aaf9b171190f3cc7622b56770f1f98c9b48,2026-05-19T16:35:02+00:00,147,218,135,86,9.514,31.799999999999955,22,fit:162886c74e2a38ebf52f4e60d81a0aaf9b171190f3cc7622b56770f1f98c9b48:segment:005,5,5134.0,4916,activities/078_260519170927.csv,1,1,0,0
fit:162886c74e2a38ebf52f4e60d81a0aaf9b171190f3cc7622b56770f1f98c9b48,2026-05-19T16:35:03+00:00,148,218,135,86,9.551,31.799999999999955,22,fit:162886c74e2a38ebf52f4e60d81a0aaf9b171190f3cc7622b56770f1f98c9b48:segment:005,5,5135.0,4917,activities/078_260519170927.csv,1,1,0,0
fit:162886c74e2a38ebf52f4e60d81a0aaf9b171190f3cc7622b56770f1f98c9b48,2026-05-19T16:35:04+00:00,149,190,136,85,9.522,31.0,22,fit:162886c74e2a38ebf52f4e60d81a0aaf9b171190f3cc7622b56770f1f98c9b48:segment:005,5,5136.0,4918,activities/078_260519170927.csv,1,1,0,0
fit:162886c74e2a38ebf52f4e60d81a0aaf9b171190f3cc7622b56770f1f98c9b48,2026-05-19T16:35:05+00:00,150,207,136,85,9.478,31.0,22,fit:162886c74e2a38ebf52f4e60d81a0aaf9b171190f3cc7622b56770f1f98c9b48:segment:005,5,5137.0,4919,activities/078_260519170927.csv,1,1,0,0
fit:162886c74e2a38ebf52f4e60d81a0aaf9b171190f3cc7622b56770f1f98c9b48,2026-05-19T16:35:06+00:00,151,199,136,85,9.394,31.0,22,fit:162886c74e2a38ebf52f4e60d81a0aaf9b171190f3cc7622b56770f1f98c9b48:segment:005,5,5138.0,4920,activities/078_260519170927.csv,1,1,0,0
fit:162886c74e2a38ebf52f4e60d81a0aaf9b171190f3cc7622b56770f1f98c9b48,2026-05-19T16:35:07+00:00,152,198,136,85,9.312,31.0,22,fit:162886c74e2a38ebf52f4e60d81a0aaf9b171190f3cc7622b56770f1f98c9b48:segment:005,5,5139.0,4921,activities/078_260519170927.csv,1,1,0,0
fit:162886c74e2a38ebf52f4e60d81a0aaf9b171190f3cc7622b56770f1f98c9b48,2026-05-19T16:35:08+00:00,153,216,136,85,9.328,30.600000000000023,22,fit:162886c74e2a38ebf52f4e60d81a0aaf9b171190f3cc7622b56770f1f98c9b48:segment:005,5,5140.0,4922,activities/078_260519170927.csv,1,1,0,0
fit:162886c74e2a38ebf52f4e60d81a0aaf9b171190f3cc7622b56770f1f98c9b48,2026-05-19T16:35:09+00:00,154,230,136,85,9.385,30.600000000000023,22,fit:162886c74e2a38ebf52f4e60d81a0aaf9b171190f3cc7622b56770f1f98c9b48:segment:005,5,5141.0,4923,activities/078_260519170927.csv,1,1,0,0
fit:162886c74e2a38ebf52f4e60d81a0aaf9b171190f3cc7622b56770f1f98c9b48,2026-05-19T16:35:10+00:00,155,234,136,85,9.427,30.600000000000023,22,fit:162886c74e2a38ebf52f4e60d81a0aaf9b171190f3cc7622b56770f1f98c9b48:segment:005,5,5142.0,4924,activities/078_260519170927.csv,1,1,0,0
fit:162886c74e2a38ebf52f4e60d81a0aaf9b171190f3cc7622b56770f1f98c9b48,2026-05-19T16:35:11+00:00,156,202,136,85,9.484,30.600000000000023,22,fit:162886c74e2a38ebf52f4e60d81a0aaf9b171190f3cc7622b56770f1f98c9b48:segment:005,5,5143.0,4925,activities/078_260519170927.csv,1,1,0,0
fit:162886c74e2a38ebf52f4e60d81a0aaf9b171190f3cc7622b56770f1f98c9b48,2026-05-19T16:35:12+00:00,157,211,136,84,9.451,31.0,22,fit:162886c74e2a38ebf52f4e60d81a0aaf9b171190f3cc7622b56770f1f98c9b48:segment:005,5,5144.0,4926,activities/078_260519170927.csv,1,1,0,0
fit:162886c74e2a38ebf52f4e60d81a0aaf9b171190f3cc7622b56770f1f98c9b48,2026-05-19T16:35:13+00:00,158,212,136,84,9.345,31.0,22,fit:162886c74e2a38ebf52f4e60d81a0aaf9b171190f3cc7622b56770f1f98c9b48:segment:005,5,5145.0,4927,activities/078_260519170927.csv,1,1,0,0
fit:162886c74e2a38ebf52f4e60d81a0aaf9b171190f3cc7622b56770f1f98c9b48,2026-05-19T16:35:14+00:00,159,228,136,84,9.274,31.0,22,fit:162886c74e2a38ebf52f4e60d81a0aaf9b171190f3cc7622b56770f1f98c9b48:segment:005,5,5146.0,4928,activities/078_260519170927.csv,1,1,0,0
fit:162886c74e2a38ebf52f4e60d81a0aaf9b171190f3cc7622b56770f1f98c9b48,2026-05-19T16:35:15+00:00,160,220,135,84,9.257,31.0,22,fit:162886c74e2a38ebf52f4e60d81a0aaf9b171190f3cc7622b56770f1f98c9b48:segment:005,5,5147.0,4929,activities/078_260519170927.csv,1,1,0,0
fit:162886c74e2a38ebf52f4e60d81a0aaf9b171190f3cc7622b56770f1f98c9b48,2026-05-19T16:35:16+00:00,161,211,135,85,9.339,31.399999999999977,22,fit:162886c74e2a38ebf52f4e60d81a0aaf9b171190f3cc7622b56770f1f98c9b48:segment:005,5,5148.0,4930,activities/078_260519170927.csv,1,1,0,0
fit:162886c74e2a38ebf52f4e60d81a0aaf9b171190f3cc7622b56770f1f98c9b48,2026-05-19T16:35:17+00:00,162,211,135,85,9.433,31.399999999999977,22,fit:162886c74e2a38ebf52f4e60d81a0aaf9b171190f3cc7622b56770f1f98c9b48:segment:005,5,5149.0,4931,activities/078_260519170927.csv,1,1,0,0
fit:162886c74e2a38ebf52f4e60d81a0aaf9b171190f3cc7622b56770f1f98c9b48,2026-05-19T16:35:18+00:00,163,219,136,85,9.416,31.399999999999977,22,fit:162886c74e2a38ebf52f4e60d81a0aaf9b171190f3cc7622b56770f1f98c9b48:segment:005,5,5150.0,4932,activities/078_260519170927.csv,1,1,0,0
fit:162886c74e2a38ebf52f4e60d81a0aaf9b171190f3cc7622b56770f1f98c9b48,2026-05-19T16:35:19+00:00,164,216,136,85,9.412,31.399999999999977,22,fit:162886c74e2a38ebf52f4e60d81a0aaf9b171190f3cc7622b56770f1f98c9b48:segment:005,5,5151.0,4933,activities/078_260519170927.csv,1,1,0,0
fit:162886c74e2a38ebf52f4e60d81a0aaf9b171190f3cc7622b56770f1f98c9b48,2026-05-19T16:35:20+00:00,165,219,136,85,9.381,31.799999999999955,22,fit:162886c74e2a38ebf52f4e60d81a0aaf9b171190f3cc7622b56770f1f98c9b48:segment:005,5,5152.0,4934,activities/078_260519170927.csv,1,1,0,0
fit:162886c74e2a38ebf52f4e60d81a0aaf9b171190f3cc7622b56770f1f98c9b48,2026-05-19T16:35:21+00:00,166,221,136,85,9.356,31.799999999999955,22,fit:162886c74e2a38ebf52f4e60d81a0aaf9b171190f3cc7622b56770f1f98c9b48:segment:005,5,5153.0,4935,activities/078_260519170927.csv,1,1,0,0
fit:162886c74e2a38ebf52f4e60d81a0aaf9b171190f3cc7622b56770f1f98c9b48,2026-05-19T16:35:22+00:00,167,204,136,86,9.346,31.799999999999955,22,fit:162886c74e2a38ebf52f4e60d81a0aaf9b171190f3cc7622b56770f1f98c9b48:segment:005,5,5154.0,4936,activities/078_260519170927.csv,1,1,0,0
fit:162886c74e2a38ebf52f4e60d81a0aaf9b171190f3cc7622b56770f1f98c9b48,2026-05-19T16:35:23+00:00,168,196,135,86,9.434,31.399999999999977,22,fit:162886c74e2a38ebf52f4e60d81a0aaf9b171190f3cc7622b56770f1f98c9b48:segment:005,5,5155.0,4937,activities/078_260519170927.csv,1,1,0,0
fit:162886c74e2a38ebf52f4e60d81a0aaf9b171190f3cc7622b56770f1f98c9b48,2026-05-19T16:35:24+00:00,169,190,135,86,9.565,31.799999999999955,22,fit:162886c74e2a38ebf52f4e60d81a0aaf9b171190f3cc7622b56770f1f98c9b48:segment:005,5,5156.0,4938,activities/078_260519170927.csv,1,1,0,0
fit:162886c74e2a38ebf52f4e60d81a0aaf9b171190f3cc7622b56770f1f98c9b48,2026-05-19T16:35:25+00:00,170,195,135,86,9.622,31.799999999999955,22,fit:162886c74e2a38ebf52f4e60d81a0aaf9b171190f3cc7622b56770f1f98c9b48:segment:005,5,5157.0,4939,activities/078_260519170927.csv,1,1,0,0
fit:162886c74e2a38ebf52f4e60d81a0aaf9b171190f3cc7622b56770f1f98c9b48,2026-05-19T16:35:26+00:00,171,183,135,86,9.595,31.799999999999955,22,fit:162886c74e2a38ebf52f4e60d81a0aaf9b171190f3cc7622b56770f1f98c9b48:segment:005,5,5158.0,4940,activities/078_260519170927.csv,1,1,0,0
fit:162886c74e2a38ebf52f4e60d81a0aaf9b171190f3cc7622b56770f1f98c9b48,2026-05-19T16:35:27+00:00,172,201,135,87,9.553,31.799999999999955,22,fit:162886c74e2a38ebf52f4e60d81a0aaf9b171190f3cc7622b56770f1f98c9b48:segment:005,5,5159.0,4941,activities/078_260519170927.csv,1,1,0,0
fit:162886c74e2a38ebf52f4e60d81a0aaf9b171190f3cc7622b56770f1f98c9b48,2026-05-19T16:35:28+00:00,173,204,135,87,9.531,31.600000000000023,22,fit:162886c74e2a38ebf52f4e60d81a0aaf9b171190f3cc7622b56770f1f98c9b48:segment:005,5,5160.0,4942,activities/078_260519170927.csv,1,1,0,0
fit:162886c74e2a38ebf52f4e60d81a0aaf9b171190f3cc7622b56770f1f98c9b48,2026-05-19T16:35:29+00:00,174,191,135,88,9.501,31.600000000000023,22,fit:162886c74e2a38ebf52f4e60d81a0aaf9b171190f3cc7622b56770f1f98c9b48:segment:005,5,5161.0,4943,activities/078_260519170927.csv,1,1,0,0
fit:162886c74e2a38ebf52f4e60d81a0aaf9b171190f3cc7622b56770f1f98c9b48,2026-05-19T16:35:30+00:00,175,192,135,88,9.539,31.600000000000023,22,fit:162886c74e2a38ebf52f4e60d81a0aaf9b171190f3cc7622b56770f1f98c9b48:segment:005,5,5162.0,4944,activities/078_260519170927.csv,1,1,0,0
fit:162886c74e2a38ebf52f4e60d81a0aaf9b171190f3cc7622b56770f1f98c9b48,2026-05-19T16:35:31+00:00,176,188,135,88,9.556,31.0,22,fit:162886c74e2a38ebf52f4e60d81a0aaf9b171190f3cc7622b56770f1f98c9b48:segment:005,5,5163.0,4945,activities/078_260519170927.csv,1,1,0,0
fit:162886c74e2a38ebf52f4e60d81a0aaf9b171190f3cc7622b56770f1f98c9b48,2026-05-19T16:35:32+00:00,177,162,135,88,9.596,31.0,22,fit:162886c74e2a38ebf52f4e60d81a0aaf9b171190f3cc7622b56770f1f98c9b48:segment:005,5,5164.0,4946,activities/078_260519170927.csv,1,1,0,0
fit:162886c74e2a38ebf52f4e60d81a0aaf9b171190f3cc7622b56770f1f98c9b48,2026-05-19T16:35:33+00:00,178,187,134,88,9.614,31.0,22,fit:162886c74e2a38ebf52f4e60d81a0aaf9b171190f3cc7622b56770f1f98c9b48:segment:005,5,5165.0,4947,activities/078_260519170927.csv,1,1,0,0
fit:162886c74e2a38ebf52f4e60d81a0aaf9b171190f3cc7622b56770f1f98c9b48,2026-05-19T16:35:34+00:00,179,187,134,88,9.719,31.0,22,fit:162886c74e2a38ebf52f4e60d81a0aaf9b171190f3cc7622b56770f1f98c9b48:segment:005,5,5166.0,4948,activities/078_260519170927.csv,1,1,0,0
fit:162886c74e2a38ebf52f4e60d81a0aaf9b171190f3cc7622b56770f1f98c9b48,2026-05-19T16:35:35+00:00,180,205,134,88,9.766,31.0,22,fit:162886c74e2a38ebf52f4e60d81a0aaf9b171190f3cc7622b56770f1f98c9b48:segment:005,5,5167.0,4949,activities/078_260519170927.csv,1,1,0,0
fit:162886c74e2a38ebf52f4e60d81a0aaf9b171190f3cc7622b56770f1f98c9b48,2026-05-19T16:35:36+00:00,181,227,134,89,9.839,31.399999999999977,22,fit:162886c74e2a38ebf52f4e60d81a0aaf9b171190f3cc7622b56770f1f98c9b48:segment:005,5,5168.0,4950,activities/078_260519170927.csv,1,1,0,0
fit:162886c74e2a38ebf52f4e60d81a0aaf9b171190f3cc7622b56770f1f98c9b48,2026-05-19T16:35:37+00:00,182,175,134,89,9.846,31.399999999999977,22,fit:162886c74e2a38ebf52f4e60d81a0aaf9b171190f3cc7622b56770f1f98c9b48:segment:005,5,5169.0,4951,activities/078_260519170927.csv,1,1,0,0
fit:162886c74e2a38ebf52f4e60d81a0aaf9b171190f3cc7622b56770f1f98c9b48,2026-05-19T16:35:38+00:00,183,172,134,89,9.861,31.399999999999977,22,fit:162886c74e2a38ebf52f4e60d81a0aaf9b171190f3cc7622b56770f1f98c9b48:segment:005,5,5170.0,4952,activities/078_260519170927.csv,1,1,0,0
fit:162886c74e2a38ebf52f4e60d81a0aaf9b171190f3cc7622b56770f1f98c9b48,2026-05-19T16:35:39+00:00,184,249,134,89,9.859,31.399999999999977,22,fit:162886c74e2a38ebf52f4e60d81a0aaf9b171190f3cc7622b56770f1f98c9b48:segment:005,5,5171.0,4953,activities/078_260519170927.csv,1,1,0,0
fit:162886c74e2a38ebf52f4e60d81a0aaf9b171190f3cc7622b56770f1f98c9b48,2026-05-19T16:35:40+00:00,185,152,134,90,9.874,30.799999999999955,22,fit:162886c74e2a38ebf52f4e60d81a0aaf9b171190f3cc7622b56770f1f98c9b48:segment:005,5,5172.0,4954,activities/078_260519170927.csv,1,1,0,0
fit:162886c74e2a38ebf52f4e60d81a0aaf9b171190f3cc7622b56770f1f98c9b48,2026-05-19T16:35:41+00:00,186,164,134,90,9.921,30.799999999999955,22,fit:162886c74e2a38ebf52f4e60d81a0aaf9b171190f3cc7622b56770f1f98c9b48:segment:005,5,5173.0,4955,activities/078_260519170927.csv,1,1,0,0
fit:162886c74e2a38ebf52f4e60d81a0aaf9b171190f3cc7622b56770f1f98c9b48,2026-05-19T16:35:42+00:00,187,175,134,90,9.921,30.799999999999955,22,fit:162886c74e2a38ebf52f4e60d81a0aaf9b171190f3cc7622b56770f1f98c9b48:segment:005,5,5174.0,4956,activities/078_260519170927.csv,1,1,0,0
fit:162886c74e2a38ebf52f4e60d81a0aaf9b171190f3cc7622b56770f1f98c9b48,2026-05-19T16:35:43+00:00,188,162,134,91,9.941,31.200000000000045,22,fit:162886c74e2a38ebf52f4e60d81a0aaf9b171190f3cc7622b56770f1f98c9b48:segment:005,5,5175.0,4957,activities/078_260519170927.csv,1,1,0,0
fit:162886c74e2a38ebf52f4e60d81a0aaf9b171190f3cc7622b56770f1f98c9b48,2026-05-19T16:35:44+00:00,189,179,134,91,9.959,31.0,22,fit:162886c74e2a38ebf52f4e60d81a0aaf9b171190f3cc7622b56770f1f98c9b48:segment:005,5,5176.0,4958,activities/078_260519170927.csv,1,1,0,0
fit:162886c74e2a38ebf52f4e60d81a0aaf9b171190f3cc7622b56770f1f98c9b48,2026-05-19T16:35:45+00:00,190,199,134,91,9.931,31.0,22,fit:162886c74e2a38ebf52f4e60d81a0aaf9b171190f3cc7622b56770f1f98c9b48:segment:005,5,5177.0,4959,activities/078_260519170927.csv,1,1,0,0
fit:162886c74e2a38ebf52f4e60d81a0aaf9b171190f3cc7622b56770f1f98c9b48,2026-05-19T16:35:46+00:00,191,211,135,91,9.926,31.0,22,fit:162886c74e2a38ebf52f4e60d81a0aaf9b171190f3cc7622b56770f1f98c9b48:segment:005,5,5178.0,4960,activities/078_260519170927.csv,1,1,0,0
fit:162886c74e2a38ebf52f4e60d81a0aaf9b171190f3cc7622b56770f1f98c9b48,2026-05-19T16:35:47+00:00,192,211,135,91,9.98,31.0,22,fit:162886c74e2a38ebf52f4e60d81a0aaf9b171190f3cc7622b56770f1f98c9b48:segment:005,5,5179.0,4961,activities/078_260519170927.csv,1,1,0,0
fit:162886c74e2a38ebf52f4e60d81a0aaf9b171190f3cc7622b56770f1f98c9b48,2026-05-19T16:35:48+00:00,193,172,135,91,9.982,31.200000000000045,22,fit:162886c74e2a38ebf52f4e60d81a0aaf9b171190f3cc7622b56770f1f98c9b48:segment:005,5,5180.0,4962,activities/078_260519170927.csv,1,1,0,0
fit:162886c74e2a38ebf52f4e60d81a0aaf9b171190f3cc7622b56770f1f98c9b48,2026-05-19T16:35:49+00:00,194,172,135,91,9.997,31.200000000000045,22,fit:162886c74e2a38ebf52f4e60d81a0aaf9b171190f3cc7622b56770f1f98c9b48:segment:005,5,5181.0,4963,activities/078_260519170927.csv,1,1,0,0
fit:162886c74e2a38ebf52f4e60d81a0aaf9b171190f3cc7622b56770f1f98c9b48,2026-05-19T16:35:50+00:00,195,203,134,91,10.03,31.200000000000045,22,fit:162886c74e2a38ebf52f4e60d81a0aaf9b171190f3cc7622b56770f1f98c9b48:segment:005,5,5182.0,4964,activities/078_260519170927.csv,1,1,0,0
fit:162886c74e2a38ebf52f4e60d81a0aaf9b171190f3cc7622b56770f1f98c9b48,2026-05-19T16:35:51+00:00,196,208,134,91,10.066,30.799999999999955,22,fit:162886c74e2a38ebf52f4e60d81a0aaf9b171190f3cc7622b56770f1f98c9b48:segment:005,5,5183.0,4965,activities/078_260519170927.csv,1,1,0,0
fit:162886c74e2a38ebf52f4e60d81a0aaf9b171190f3cc7622b56770f1f98c9b48,2026-05-19T16:35:52+00:00,197,162,133,91,10.067,30.799999999999955,22,fit:162886c74e2a38ebf52f4e60d81a0aaf9b171190f3cc7622b56770f1f98c9b48:segment:005,5,5184.0,4966,activities/078_260519170927.csv,1,1,0,0
fit:162886c74e2a38ebf52f4e60d81a0aaf9b171190f3cc7622b56770f1f98c9b48,2026-05-19T16:35:53+00:00,198,162,133,91,10.002,30.799999999999955,22,fit:162886c74e2a38ebf52f4e60d81a0aaf9b171190f3cc7622b56770f1f98c9b48:segment:005,5,5185.0,4967,activities/078_260519170927.csv,1,1,0,0
fit:162886c74e2a38ebf52f4e60d81a0aaf9b171190f3cc7622b56770f1f98c9b48,2026-05-19T16:35:54+00:00,199,195,133,91,10.038,30.799999999999955,22,fit:162886c74e2a38ebf52f4e60d81a0aaf9b171190f3cc7622b56770f1f98c9b48:segment:005,5,5186.0,4968,activities/078_260519170927.csv,1,1,0,0
fit:162886c74e2a38ebf52f4e60d81a0aaf9b171190f3cc7622b56770f1f98c9b48,2026-05-19T16:35:55+00:00,200,185,133,91,10.1,30.200000000000045,22,fit:162886c74e2a38ebf52f4e60d81a0aaf9b171190f3cc7622b56770f1f98c9b48:segment:005,5,5187.0,4969,activities/078_260519170927.csv,1,1,0,0
fit:162886c74e2a38ebf52f4e60d81a0aaf9b171190f3cc7622b56770f1f98c9b48,2026-05-19T16:35:56+00:00,201,199,133,91,10.085,30.600000000000023,22,fit:162886c74e2a38ebf52f4e60d81a0aaf9b171190f3cc7622b56770f1f98c9b48:segment:005,5,5188.0,4970,activities/078_260519170927.csv,1,1,0,0
fit:162886c74e2a38ebf52f4e60d81a0aaf9b171190f3cc7622b56770f1f98c9b48,2026-05-19T16:35:57+00:00,202,210,133,91,10.129,30.600000000000023,22,fit:162886c74e2a38ebf52f4e60d81a0aaf9b171190f3cc7622b56770f1f98c9b48:segment:005,5,5189.0,4971,activities/078_260519170927.csv,1,1,0,0
fit:162886c74e2a38ebf52f4e60d81a0aaf9b171190f3cc7622b56770f1f98c9b48,2026-05-19T16:35:58+00:00,203,208,133,91,10.116,30.600000000000023,22,fit:162886c74e2a38ebf52f4e60d81a0aaf9b171190f3cc7622b56770f1f98c9b48:segment:005,5,5190.0,4972,activities/078_260519170927.csv,1,1,0,0
fit:162886c74e2a38ebf52f4e60d81a0aaf9b171190f3cc7622b56770f1f98c9b48,2026-05-19T16:35:59+00:00,204,170,133,91,10.085,29.600000000000023,22,fit:162886c74e2a38ebf52f4e60d81a0aaf9b171190f3cc7622b56770f1f98c9b48:segment:005,5,5191.0,4973,activities/078_260519170927.csv,1,1,0,0
fit:162886c74e2a38ebf52f4e60d81a0aaf9b171190f3cc7622b56770f1f98c9b48,2026-05-19T16:36:00+00:00,205,197,133,90,10.122,29.0,22,fit:162886c74e2a38ebf52f4e60d81a0aaf9b171190f3cc7622b56770f1f98c9b48:segment:005,5,5192.0,4974,activities/078_260519170927.csv,1,1,0,0
fit:162886c74e2a38ebf52f4e60d81a0aaf9b171190f3cc7622b56770f1f98c9b48,2026-05-19T16:36:01+00:00,206,210,133,90,9.99,29.0,22,fit:162886c74e2a38ebf52f4e60d81a0aaf9b171190f3cc7622b56770f1f98c9b48:segment:005,5,5193.0,4975,activities/078_260519170927.csv,1,1,0,0
fit:162886c74e2a38ebf52f4e60d81a0aaf9b171190f3cc7622b56770f1f98c9b48,2026-05-19T16:36:02+00:00,207,221,133,90,9.953,29.0,22,fit:162886c74e2a38ebf52f4e60d81a0aaf9b171190f3cc7622b56770f1f98c9b48:segment:005,5,5194.0,4976,activities/078_260519170927.csv,1,1,0,0
fit:162886c74e2a38ebf52f4e60d81a0aaf9b171190f3cc7622b56770f1f98c9b48,2026-05-19T16:36:03+00:00,208,218,133,90,9.954,29.799999999999955,22,fit:162886c74e2a38ebf52f4e60d81a0aaf9b171190f3cc7622b56770f1f98c9b48:segment:005,5,5195.0,4977,activities/078_260519170927.csv,1,1,0,0
fit:162886c74e2a38ebf52f4e60d81a0aaf9b171190f3cc7622b56770f1f98c9b48,2026-05-19T16:36:04+00:00,209,196,134,90,9.889,30.0,22,fit:162886c74e2a38ebf52f4e60d81a0aaf9b171190f3cc7622b56770f1f98c9b48:segment:005,5,5196.0,4978,activities/078_260519170927.csv,1,1,0,0
fit:162886c74e2a38ebf52f4e60d81a0aaf9b171190f3cc7622b56770f1f98c9b48,2026-05-19T16:36:05+00:00,210,201,134,90,9.911,30.0,22,fit:162886c74e2a38ebf52f4e60d81a0aaf9b171190f3cc7622b56770f1f98c9b48:segment:005,5,5197.0,4979,activities/078_260519170927.csv,1,1,0,0
fit:162886c74e2a38ebf52f4e60d81a0aaf9b171190f3cc7622b56770f1f98c9b48,2026-05-19T16:36:06+00:00,211,183,134,90,9.919,30.0,22,fit:162886c74e2a38ebf52f4e60d81a0aaf9b171190f3cc7622b56770f1f98c9b48:segment:005,5,5198.0,4980,activities/078_260519170927.csv,1,1,0,0
fit:162886c74e2a38ebf52f4e60d81a0aaf9b171190f3cc7622b56770f1f98c9b48,2026-05-19T16:36:07+00:00,212,190,134,90,9.917,30.0,22,fit:162886c74e2a38ebf52f4e60d81a0aaf9b171190f3cc7622b56770f1f98c9b48:segment:005,5,5199.0,4981,activities/078_260519170927.csv,1,1,0,0
fit:162886c74e2a38ebf52f4e60d81a0aaf9b171190f3cc7622b56770f1f98c9b48,2026-05-19T16:36:08+00:00,213,181,134,90,9.853,30.399999999999977,22,fit:162886c74e2a38ebf52f4e60d81a0aaf9b171190f3cc7622b56770f1f98c9b48:segment:005,5,5200.0,4982,activities/078_260519170927.csv,1,1,0,0
fit:162886c74e2a38ebf52f4e60d81a0aaf9b171190f3cc7622b56770f1f98c9b48,2026-05-19T16:36:09+00:00,214,196,134,90,9.862,30.399999999999977,22,fit:162886c74e2a38ebf52f4e60d81a0aaf9b171190f3cc7622b56770f1f98c9b48:segment:005,5,5201.0,4983,activities/078_260519170927.csv,1,1,0,0
fit:162886c74e2a38ebf52f4e60d81a0aaf9b171190f3cc7622b56770f1f98c9b48,2026-05-19T16:36:10+00:00,215,219,134,90,9.852,30.399999999999977,22,fit:162886c74e2a38ebf52f4e60d81a0aaf9b171190f3cc7622b56770f1f98c9b48:segment:005,5,5202.0,4984,activities/078_260519170927.csv,1,1,0,0
fit:162886c74e2a38ebf52f4e60d81a0aaf9b171190f3cc7622b56770f1f98c9b48,2026-05-19T16:36:11+00:00,216,228,135,90,9.916,30.399999999999977,22,fit:162886c74e2a38ebf52f4e60d81a0aaf9b171190f3cc7622b56770f1f98c9b48:segment:005,5,5203.0,4985,activities/078_260519170927.csv,1,1,0,0
fit:162886c74e2a38ebf52f4e60d81a0aaf9b171190f3cc7622b56770f1f98c9b48,2026-05-19T16:36:12+00:00,217,206,134,91,9.939,30.600000000000023,22,fit:162886c74e2a38ebf52f4e60d81a0aaf9b171190f3cc7622b56770f1f98c9b48:segment:005,5,5204.0,4986,activities/078_260519170927.csv,1,1,0,0
fit:162886c74e2a38ebf52f4e60d81a0aaf9b171190f3cc7622b56770f1f98c9b48,2026-05-19T16:36:13+00:00,218,209,134,92,9.995,30.600000000000023,22,fit:162886c74e2a38ebf52f4e60d81a0aaf9b171190f3cc7622b56770f1f98c9b48:segment:005,5,5205.0,4987,activities/078_260519170927.csv,1,1,0,0
fit:162886c74e2a38ebf52f4e60d81a0aaf9b171190f3cc7622b56770f1f98c9b48,2026-05-19T16:36:14+00:00,219,197,134,92,10.072,30.600000000000023,22,fit:162886c74e2a38ebf52f4e60d81a0aaf9b171190f3cc7622b56770f1f98c9b48:segment:005,5,5206.0,4988,activities/078_260519170927.csv,1,1,0,0
fit:162886c74e2a38ebf52f4e60d81a0aaf9b171190f3cc7622b56770f1f98c9b48,2026-05-19T16:36:15+00:00,220,199,134,92,10.09,29.600000000000023,22,fit:162886c74e2a38ebf52f4e60d81a0aaf9b171190f3cc7622b56770f1f98c9b48:segment:005,5,5207.0,4989,activities/078_260519170927.csv,1,1,0,0
fit:162886c74e2a38ebf52f4e60d81a0aaf9b171190f3cc7622b56770f1f98c9b48,2026-05-19T16:36:16+00:00,221,180,134,92,10.134,29.399999999999977,22,fit:162886c74e2a38ebf52f4e60d81a0aaf9b171190f3cc7622b56770f1f98c9b48:segment:005,5,5208.0,4990,activities/078_260519170927.csv,1,1,0,0
fit:162886c74e2a38ebf52f4e60d81a0aaf9b171190f3cc7622b56770f1f98c9b48,2026-05-19T16:36:17+00:00,222,187,134,91,10.121,29.399999999999977,22,fit:162886c74e2a38ebf52f4e60d81a0aaf9b171190f3cc7622b56770f1f98c9b48:segment:005,5,5209.0,4991,activities/078_260519170927.csv,1,1,0,0
fit:162886c74e2a38ebf52f4e60d81a0aaf9b171190f3cc7622b56770f1f98c9b48,2026-05-19T16:36:18+00:00,223,188,134,90,10.085,29.399999999999977,22,fit:162886c74e2a38ebf52f4e60d81a0aaf9b171190f3cc7622b56770f1f98c9b48:segment:005,5,5210.0,4992,activities/078_260519170927.csv,1,1,0,0
fit:162886c74e2a38ebf52f4e60d81a0aaf9b171190f3cc7622b56770f1f98c9b48,2026-05-19T16:36:19+00:00,224,193,134,90,10.072,29.399999999999977,22,fit:162886c74e2a38ebf52f4e60d81a0aaf9b171190f3cc7622b56770f1f98c9b48:segment:005,5,5211.0,4993,activities/078_260519170927.csv,1,1,0,0
fit:162886c74e2a38ebf52f4e60d81a0aaf9b171190f3cc7622b56770f1f98c9b48,2026-05-19T16:36:20+00:00,225,195,134,89,10.018,29.799999999999955,22,fit:162886c74e2a38ebf52f4e60d81a0aaf9b171190f3cc7622b56770f1f98c9b48:segment:005,5,5212.0,4994,activities/078_260519170927.csv,1,1,0,0
fit:162886c74e2a38ebf52f4e60d81a0aaf9b171190f3cc7622b56770f1f98c9b48,2026-05-19T16:36:21+00:00,226,203,135,89,9.903,29.799999999999955,22,fit:162886c74e2a38ebf52f4e60d81a0aaf9b171190f3cc7622b56770f1f98c9b48:segment:005,5,5213.0,4995,activities/078_260519170927.csv,1,1,0,0
fit:162886c74e2a38ebf52f4e60d81a0aaf9b171190f3cc7622b56770f1f98c9b48,2026-05-19T16:36:22+00:00,227,204,135,89,9.901,29.799999999999955,22,fit:162886c74e2a38ebf52f4e60d81a0aaf9b171190f3cc7622b56770f1f98c9b48:segment:005,5,5214.0,4996,activities/078_260519170927.csv,1,1,0,0
fit:162886c74e2a38ebf52f4e60d81a0aaf9b171190f3cc7622b56770f1f98c9b48,2026-05-19T16:36:23+00:00,228,217,135,89,9.854,29.799999999999955,22,fit:162886c74e2a38ebf52f4e60d81a0aaf9b171190f3cc7622b56770f1f98c9b48:segment:005,5,5215.0,4997,activities/078_260519170927.csv,1,1,0,0
fit:162886c74e2a38ebf52f4e60d81a0aaf9b171190f3cc7622b56770f1f98c9b48,2026-05-19T16:36:24+00:00,229,233,136,88,9.905,29.200000000000045,22,fit:162886c74e2a38ebf52f4e60d81a0aaf9b171190f3cc7622b56770f1f98c9b48:segment:005,5,5216.0,4998,activities/078_260519170927.csv,1,1,0,0
fit:162886c74e2a38ebf52f4e60d81a0aaf9b171190f3cc7622b56770f1f98c9b48,2026-05-19T16:36:25+00:00,230,228,137,87,9.902,29.200000000000045,22,fit:162886c74e2a38ebf52f4e60d81a0aaf9b171190f3cc7622b56770f1f98c9b48:segment:005,5,5217.0,4999,activities/078_260519170927.csv,1,1,0,0
fit:162886c74e2a38ebf52f4e60d81a0aaf9b171190f3cc7622b56770f1f98c9b48,2026-05-19T16:36:26+00:00,231,211,137,87,9.772,29.200000000000045,22,fit:162886c74e2a38ebf52f4e60d81a0aaf9b171190f3cc7622b56770f1f98c9b48:segment:005,5,5218.0,5000,activities/078_260519170927.csv,1,1,0,0
fit:162886c74e2a38ebf52f4e60d81a0aaf9b171190f3cc7622b56770f1f98c9b48,2026-05-19T16:36:27+00:00,232,204,137,87,9.723,29.399999999999977,22,fit:162886c74e2a38ebf52f4e60d81a0aaf9b171190f3cc7622b56770f1f98c9b48:segment:005,5,5219.0,5001,activities/078_260519170927.csv,1,1,0,0
fit:162886c74e2a38ebf52f4e60d81a0aaf9b171190f3cc7622b56770f1f98c9b48,2026-05-19T16:36:28+00:00,233,191,138,87,9.631,30.200000000000045,22,fit:162886c74e2a38ebf52f4e60d81a0aaf9b171190f3cc7622b56770f1f98c9b48:segment:005,5,5220.0,5002,activities/078_260519170927.csv,1,1,0,0
fit:162886c74e2a38ebf52f4e60d81a0aaf9b171190f3cc7622b56770f1f98c9b48,2026-05-19T16:36:29+00:00,234,196,139,87,9.551,30.200000000000045,22,fit:162886c74e2a38ebf52f4e60d81a0aaf9b171190f3cc7622b56770f1f98c9b48:segment:005,5,5221.0,5003,activities/078_260519170927.csv,1,1,0,0
fit:162886c74e2a38ebf52f4e60d81a0aaf9b171190f3cc7622b56770f1f98c9b48,2026-05-19T16:36:30+00:00,235,239,139,88,9.659,30.200000000000045,22,fit:162886c74e2a38ebf52f4e60d81a0aaf9b171190f3cc7622b56770f1f98c9b48:segment:005,5,5222.0,5004,activities/078_260519170927.csv,1,1,0,0
fit:162886c74e2a38ebf52f4e60d81a0aaf9b171190f3cc7622b56770f1f98c9b48,2026-05-19T16:36:31+00:00,236,246,139,89,9.665,29.600000000000023,22,fit:162886c74e2a38ebf52f4e60d81a0aaf9b171190f3cc7622b56770f1f98c9b48:segment:005,5,5223.0,5005,activities/078_260519170927.csv,1,1,0,0
fit:162886c74e2a38ebf52f4e60d81a0aaf9b171190f3cc7622b56770f1f98c9b48,2026-05-19T16:36:32+00:00,237,234,139,89,9.606,29.799999999999955,22,fit:162886c74e2a38ebf52f4e60d81a0aaf9b171190f3cc7622b56770f1f98c9b48:segment:005,5,5224.0,5006,activities/078_260519170927.csv,1,1,0,0
fit:162886c74e2a38ebf52f4e60d81a0aaf9b171190f3cc7622b56770f1f98c9b48,2026-05-19T16:36:33+00:00,238,229,139,89,9.637,29.799999999999955,22,fit:162886c74e2a38ebf52f4e60d81a0aaf9b171190f3cc7622b56770f1f98c9b48:segment:005,5,5225.0,5007,activities/078_260519170927.csv,1,1,0,0
fit:162886c74e2a38ebf52f4e60d81a0aaf9b171190f3cc7622b56770f1f98c9b48,2026-05-19T16:36:34+00:00,239,226,139,89,9.71,29.799999999999955,22,fit:162886c74e2a38ebf52f4e60d81a0aaf9b171190f3cc7622b56770f1f98c9b48:segment:005,5,5226.0,5008,activities/078_260519170927.csv,1,1,0,0
fit:162886c74e2a38ebf52f4e60d81a0aaf9b171190f3cc7622b56770f1f98c9b48,2026-05-19T16:36:35+00:00,240,215,139,90,9.756,29.799999999999955,22,fit:162886c74e2a38ebf52f4e60d81a0aaf9b171190f3cc7622b56770f1f98c9b48:segment:005,5,5227.0,5009,activities/078_260519170927.csv,1,1,0,0
fit:162886c74e2a38ebf52f4e60d81a0aaf9b171190f3cc7622b56770f1f98c9b48,2026-05-19T16:36:36+00:00,241,202,140,90,9.803,28.799999999999955,22,fit:162886c74e2a38ebf52f4e60d81a0aaf9b171190f3cc7622b56770f1f98c9b48:segment:005,5,5228.0,5010,activities/078_260519170927.csv,1,1,0,0
fit:162886c74e2a38ebf52f4e60d81a0aaf9b171190f3cc7622b56770f1f98c9b48,2026-05-19T16:36:37+00:00,242,230,140,91,9.812,28.799999999999955,22,fit:162886c74e2a38ebf52f4e60d81a0aaf9b171190f3cc7622b56770f1f98c9b48:segment:005,5,5229.0,5011,activities/078_260519170927.csv,1,1,0,0
fit:162886c74e2a38ebf52f4e60d81a0aaf9b171190f3cc7622b56770f1f98c9b48,2026-05-19T16:36:38+00:00,243,229,140,91,9.827,28.799999999999955,22,fit:162886c74e2a38ebf52f4e60d81a0aaf9b171190f3cc7622b56770f1f98c9b48:segment:005,5,5230.0,5012,activities/078_260519170927.csv,1,1,0,0
fit:162886c74e2a38ebf52f4e60d81a0aaf9b171190f3cc7622b56770f1f98c9b48,2026-05-19T16:36:39+00:00,244,194,140,91,9.88,28.799999999999955,22,fit:162886c74e2a38ebf52f4e60d81a0aaf9b171190f3cc7622b56770f1f98c9b48:segment:005,5,5231.0,5013,activities/078_260519170927.csv,1,1,0,0
fit:162886c74e2a38ebf52f4e60d81a0aaf9b171190f3cc7622b56770f1f98c9b48,2026-05-19T16:36:40+00:00,245,253,140,90,9.915,28.200000000000045,22,fit:162886c74e2a38ebf52f4e60d81a0aaf9b171190f3cc7622b56770f1f98c9b48:segment:005,5,5232.0,5014,activities/078_260519170927.csv,1,1,0,0
fit:162886c74e2a38ebf52f4e60d81a0aaf9b171190f3cc7622b56770f1f98c9b48,2026-05-19T16:36:41+00:00,246,196,140,90,9.888,28.200000000000045,22,fit:162886c74e2a38ebf52f4e60d81a0aaf9b171190f3cc7622b56770f1f98c9b48:segment:005,5,5233.0,5015,activities/078_260519170927.csv,1,1,0,0
fit:162886c74e2a38ebf52f4e60d81a0aaf9b171190f3cc7622b56770f1f98c9b48,2026-05-19T16:36:42+00:00,247,185,141,90,9.757,28.200000000000045,22,fit:162886c74e2a38ebf52f4e60d81a0aaf9b171190f3cc7622b56770f1f98c9b48:segment:005,5,5234.0,5016,activities/078_260519170927.csv,1,1,0,0
fit:162886c74e2a38ebf52f4e60d81a0aaf9b171190f3cc7622b56770f1f98c9b48,2026-05-19T16:36:43+00:00,248,178,141,90,9.885,28.600000000000023,22,fit:162886c74e2a38ebf52f4e60d81a0aaf9b171190f3cc7622b56770f1f98c9b48:segment:005,5,5235.0,5017,activities/078_260519170927.csv,1,1,0,0
fit:162886c74e2a38ebf52f4e60d81a0aaf9b171190f3cc7622b56770f1f98c9b48,2026-05-19T16:36:44+00:00,249,190,142,90,9.916,28.200000000000045,22,fit:162886c74e2a38ebf52f4e60d81a0aaf9b171190f3cc7622b56770f1f98c9b48:segment:005,5,5236.0,5018,activities/078_260519170927.csv,1,1,0,0
fit:162886c74e2a38ebf52f4e60d81a0aaf9b171190f3cc7622b56770f1f98c9b48,2026-05-19T16:36:45+00:00,250,211,142,91,9.927,28.200000000000045,22,fit:162886c74e2a38ebf52f4e60d81a0aaf9b171190f3cc7622b56770f1f98c9b48:segment:005,5,5237.0,5019,activities/078_260519170927.csv,1,1,0,0
fit:162886c74e2a38ebf52f4e60d81a0aaf9b171190f3cc7622b56770f1f98c9b48,2026-05-19T16:36:46+00:00,251,218,142,91,9.957,28.200000000000045,22,fit:162886c74e2a38ebf52f4e60d81a0aaf9b171190f3cc7622b56770f1f98c9b48:segment:005,5,5238.0,5020,activities/078_260519170927.csv,1,1,0,0
fit:162886c74e2a38ebf52f4e60d81a0aaf9b171190f3cc7622b56770f1f98c9b48,2026-05-19T16:36:47+00:00,252,204,142,91,10.018,29.200000000000045,22,fit:162886c74e2a38ebf52f4e60d81a0aaf9b171190f3cc7622b56770f1f98c9b48:segment:005,5,5239.0,5021,activities/078_260519170927.csv,1,1,0,0
fit:162886c74e2a38ebf52f4e60d81a0aaf9b171190f3cc7622b56770f1f98c9b48,2026-05-19T16:36:48+00:00,253,227,143,91,10.12,29.200000000000045,22,fit:162886c74e2a38ebf52f4e60d81a0aaf9b171190f3cc7622b56770f1f98c9b48:segment:005,5,5240.0,5022,activities/078_260519170927.csv,1,1,0,0
fit:162886c74e2a38ebf52f4e60d81a0aaf9b171190f3cc7622b56770f1f98c9b48,2026-05-19T16:36:49+00:00,254,228,143,92,10.379,29.200000000000045,22,fit:162886c74e2a38ebf52f4e60d81a0aaf9b171190f3cc7622b56770f1f98c9b48:segment:005,5,5241.0,5023,activities/078_260519170927.csv,1,1,0,0
fit:162886c74e2a38ebf52f4e60d81a0aaf9b171190f3cc7622b56770f1f98c9b48,2026-05-19T16:36:50+00:00,255,204,143,93,10.348,29.200000000000045,22,fit:162886c74e2a38ebf52f4e60d81a0aaf9b171190f3cc7622b56770f1f98c9b48:segment:005,5,5242.0,5024,activities/078_260519170927.csv,1,1,0,0
fit:162886c74e2a38ebf52f4e60d81a0aaf9b171190f3cc7622b56770f1f98c9b48,2026-05-19T16:36:51+00:00,256,127,143,91,10.234,28.200000000000045,22,fit:162886c74e2a38ebf52f4e60d81a0aaf9b171190f3cc7622b56770f1f98c9b48:segment:005,5,5243.0,5025,activities/078_260519170927.csv,1,1,0,0
fit:162886c74e2a38ebf52f4e60d81a0aaf9b171190f3cc7622b56770f1f98c9b48,2026-05-19T16:36:52+00:00,257,318,142,94,10.215,28.399999999999977,22,fit:162886c74e2a38ebf52f4e60d81a0aaf9b171190f3cc7622b56770f1f98c9b48:segment:005,5,5244.0,5026,activities/078_260519170927.csv,1,1,0,0
fit:162886c74e2a38ebf52f4e60d81a0aaf9b171190f3cc7622b56770f1f98c9b48,2026-05-19T16:36:53+00:00,258,215,142,94,10.118,28.399999999999977,22,fit:162886c74e2a38ebf52f4e60d81a0aaf9b171190f3cc7622b56770f1f98c9b48:segment:005,5,5245.0,5027,activities/078_260519170927.csv,1,1,0,0
fit:162886c74e2a38ebf52f4e60d81a0aaf9b171190f3cc7622b56770f1f98c9b48,2026-05-19T16:36:54+00:00,259,170,141,94,10.262,28.399999999999977,22,fit:162886c74e2a38ebf52f4e60d81a0aaf9b171190f3cc7622b56770f1f98c9b48:segment:005,5,5246.0,5028,activities/078_260519170927.csv,1,1,0,0
fit:162886c74e2a38ebf52f4e60d81a0aaf9b171190f3cc7622b56770f1f98c9b48,2026-05-19T16:36:55+00:00,260,189,141,94,10.328,28.0,22,fit:162886c74e2a38ebf52f4e60d81a0aaf9b171190f3cc7622b56770f1f98c9b48:segment:005,5,5247.0,5029,activities/078_260519170927.csv,1,1,0,0
fit:162886c74e2a38ebf52f4e60d81a0aaf9b171190f3cc7622b56770f1f98c9b48,2026-05-19T16:36:56+00:00,261,192,141,93,10.377,27.600000000000023,22,fit:162886c74e2a38ebf52f4e60d81a0aaf9b171190f3cc7622b56770f1f98c9b48:segment:005,5,5248.0,5030,activities/078_260519170927.csv,1,1,0,0
fit:162886c74e2a38ebf52f4e60d81a0aaf9b171190f3cc7622b56770f1f98c9b48,2026-05-19T16:36:57+00:00,262,203,141,93,10.407,27.600000000000023,22,fit:162886c74e2a38ebf52f4e60d81a0aaf9b171190f3cc7622b56770f1f98c9b48:segment:005,5,5249.0,5031,activities/078_260519170927.csv,1,1,0,0
fit:162886c74e2a38ebf52f4e60d81a0aaf9b171190f3cc7622b56770f1f98c9b48,2026-05-19T16:36:58+00:00,263,203,141,92,10.402,27.600000000000023,22,fit:162886c74e2a38ebf52f4e60d81a0aaf9b171190f3cc7622b56770f1f98c9b48:segment:005,5,5250.0,5032,activities/078_260519170927.csv,1,1,0,0
fit:162886c74e2a38ebf52f4e60d81a0aaf9b171190f3cc7622b56770f1f98c9b48,2026-05-19T16:36:59+00:00,264,286,141,93,10.269,28.200000000000045,22,fit:162886c74e2a38ebf52f4e60d81a0aaf9b171190f3cc7622b56770f1f98c9b48:segment:005,5,5251.0,5033,activities/078_260519170927.csv,1,1,0,0
fit:162886c74e2a38ebf52f4e60d81a0aaf9b171190f3cc7622b56770f1f98c9b48,2026-05-19T16:37:00+00:00,265,264,142,93,10.236,27.399999999999977,22,fit:162886c74e2a38ebf52f4e60d81a0aaf9b171190f3cc7622b56770f1f98c9b48:segment:005,5,5252.0,5034,activities/078_260519170927.csv,1,1,0,0
fit:162886c74e2a38ebf52f4e60d81a0aaf9b171190f3cc7622b56770f1f98c9b48,2026-05-19T16:37:01+00:00,266,181,142,93,10.27,27.399999999999977,22,fit:162886c74e2a38ebf52f4e60d81a0aaf9b171190f3cc7622b56770f1f98c9b48:segment:005,5,5253.0,5035,activities/078_260519170927.csv,1,1,0,0
fit:162886c74e2a38ebf52f4e60d81a0aaf9b171190f3cc7622b56770f1f98c9b48,2026-05-19T16:37:02+00:00,267,200,143,93,10.28,27.399999999999977,22,fit:162886c74e2a38ebf52f4e60d81a0aaf9b171190f3cc7622b56770f1f98c9b48:segment:005,5,5254.0,5036,activities/078_260519170927.csv,1,1,0,0
fit:162886c74e2a38ebf52f4e60d81a0aaf9b171190f3cc7622b56770f1f98c9b48,2026-05-19T16:37:03+00:00,268,200,143,92,10.222,27.399999999999977,22,fit:162886c74e2a38ebf52f4e60d81a0aaf9b171190f3cc7622b56770f1f98c9b48:segment:005,5,5255.0,5037,activities/078_260519170927.csv,1,1,0,0
fit:162886c74e2a38ebf52f4e60d81a0aaf9b171190f3cc7622b56770f1f98c9b48,2026-05-19T16:37:04+00:00,269,214,143,92,10.229,27.0,22,fit:162886c74e2a38ebf52f4e60d81a0aaf9b171190f3cc7622b56770f1f98c9b48:segment:005,5,5256.0,5038,activities/078_260519170927.csv,1,1,0,0
fit:162886c74e2a38ebf52f4e60d81a0aaf9b171190f3cc7622b56770f1f98c9b48,2026-05-19T16:37:05+00:00,270,214,144,91,10.203,27.0,22,fit:162886c74e2a38ebf52f4e60d81a0aaf9b171190f3cc7622b56770f1f98c9b48:segment:005,5,5257.0,5039,activities/078_260519170927.csv,1,1,0,0
fit:162886c74e2a38ebf52f4e60d81a0aaf9b171190f3cc7622b56770f1f98c9b48,2026-05-19T16:37:06+00:00,271,250,144,91,10.247,27.0,22,fit:162886c74e2a38ebf52f4e60d81a0aaf9b171190f3cc7622b56770f1f98c9b48:segment:005,5,5258.0,5040,activities/078_260519170927.csv,1,1,0,0
fit:162886c74e2a38ebf52f4e60d81a0aaf9b171190f3cc7622b56770f1f98c9b48,2026-05-19T16:37:07+00:00,272,238,144,90,10.185,27.799999999999955,22,fit:162886c74e2a38ebf52f4e60d81a0aaf9b171190f3cc7622b56770f1f98c9b48:segment:005,5,5259.0,5041,activities/078_260519170927.csv,1,1,0,0
fit:162886c74e2a38ebf52f4e60d81a0aaf9b171190f3cc7622b56770f1f98c9b48,2026-05-19T16:37:08+00:00,273,242,144,90,10.09,27.200000000000045,22,fit:162886c74e2a38ebf52f4e60d81a0aaf9b171190f3cc7622b56770f1f98c9b48:segment:005,5,5260.0,5042,activities/078_260519170927.csv,1,1,0,0
fit:162886c74e2a38ebf52f4e60d81a0aaf9b171190f3cc7622b56770f1f98c9b48,2026-05-19T16:37:09+00:00,274,231,144,91,9.966,27.200000000000045,22,fit:162886c74e2a38ebf52f4e60d81a0aaf9b171190f3cc7622b56770f1f98c9b48:segment:005,5,5261.0,5043,activities/078_260519170927.csv,1,1,0,0
fit:162886c74e2a38ebf52f4e60d81a0aaf9b171190f3cc7622b56770f1f98c9b48,2026-05-19T16:37:10+00:00,275,222,144,91,10.007,27.200000000000045,22,fit:162886c74e2a38ebf52f4e60d81a0aaf9b171190f3cc7622b56770f1f98c9b48:segment:005,5,5262.0,5044,activities/078_260519170927.csv,1,1,0,0
fit:162886c74e2a38ebf52f4e60d81a0aaf9b171190f3cc7622b56770f1f98c9b48,2026-05-19T16:37:11+00:00,276,214,144,91,10.037,28.0,22,fit:162886c74e2a38ebf52f4e60d81a0aaf9b171190f3cc7622b56770f1f98c9b48:segment:005,5,5263.0,5045,activities/078_260519170927.csv,1,1,0,0
fit:162886c74e2a38ebf52f4e60d81a0aaf9b171190f3cc7622b56770f1f98c9b48,2026-05-19T16:37:12+00:00,277,200,144,92,10.021,27.399999999999977,22,fit:162886c74e2a38ebf52f4e60d81a0aaf9b171190f3cc7622b56770f1f98c9b48:segment:005,5,5264.0,5046,activities/078_260519170927.csv,1,1,0,0
fit:162886c74e2a38ebf52f4e60d81a0aaf9b171190f3cc7622b56770f1f98c9b48,2026-05-19T16:37:13+00:00,278,203,144,92,10.046,27.399999999999977,22,fit:162886c74e2a38ebf52f4e60d81a0aaf9b171190f3cc7622b56770f1f98c9b48:segment:005,5,5265.0,5047,activities/078_260519170927.csv,1,1,0,0
fit:162886c74e2a38ebf52f4e60d81a0aaf9b171190f3cc7622b56770f1f98c9b48,2026-05-19T16:37:14+00:00,279,177,144,91,10.029,27.399999999999977,22,fit:162886c74e2a38ebf52f4e60d81a0aaf9b171190f3cc7622b56770f1f98c9b48:segment:005,5,5266.0,5048,activities/078_260519170927.csv,1,1,0,0
fit:162886c74e2a38ebf52f4e60d81a0aaf9b171190f3cc7622b56770f1f98c9b48,2026-05-19T16:37:15+00:00,280,177,144,91,10.005,27.399999999999977,22,fit:162886c74e2a38ebf52f4e60d81a0aaf9b171190f3cc7622b56770f1f98c9b48:segment:005,5,5267.0,5049,activities/078_260519170927.csv,1,1,0,0
fit:162886c74e2a38ebf52f4e60d81a0aaf9b171190f3cc7622b56770f1f98c9b48,2026-05-19T16:37:16+00:00,281,197,144,91,9.998,27.399999999999977,22,fit:162886c74e2a38ebf52f4e60d81a0aaf9b171190f3cc7622b56770f1f98c9b48:segment:005,5,5268.0,5050,activities/078_260519170927.csv,1,1,0,0
fit:162886c74e2a38ebf52f4e60d81a0aaf9b171190f3cc7622b56770f1f98c9b48,2026-05-19T16:37:17+00:00,282,204,144,90,9.942,27.399999999999977,22,fit:162886c74e2a38ebf52f4e60d81a0aaf9b171190f3cc7622b56770f1f98c9b48:segment:005,5,5269.0,5051,activities/078_260519170927.csv,1,1,0,0
fit:162886c74e2a38ebf52f4e60d81a0aaf9b171190f3cc7622b56770f1f98c9b48,2026-05-19T16:37:18+00:00,283,190,144,90,9.872,27.399999999999977,22,fit:162886c74e2a38ebf52f4e60d81a0aaf9b171190f3cc7622b56770f1f98c9b48:segment:005,5,5270.0,5052,activities/078_260519170927.csv,1,1,0,0
fit:162886c74e2a38ebf52f4e60d81a0aaf9b171190f3cc7622b56770f1f98c9b48,2026-05-19T16:37:19+00:00,284,190,144,89,9.844,27.600000000000023,22,fit:162886c74e2a38ebf52f4e60d81a0aaf9b171190f3cc7622b56770f1f98c9b48:segment:005,5,5271.0,5053,activities/078_260519170927.csv,1,1,0,0
fit:162886c74e2a38ebf52f4e60d81a0aaf9b171190f3cc7622b56770f1f98c9b48,2026-05-19T16:37:20+00:00,285,190,144,89,9.778,27.600000000000023,22,fit:162886c74e2a38ebf52f4e60d81a0aaf9b171190f3cc7622b56770f1f98c9b48:segment:005,5,5272.0,5054,activities/078_260519170927.csv,1,1,0,0
fit:162886c74e2a38ebf52f4e60d81a0aaf9b171190f3cc7622b56770f1f98c9b48,2026-05-19T16:37:21+00:00,286,203,144,89,9.714,27.600000000000023,22,fit:162886c74e2a38ebf52f4e60d81a0aaf9b171190f3cc7622b56770f1f98c9b48:segment:005,5,5273.0,5055,activities/078_260519170927.csv,1,1,0,0
fit:162886c74e2a38ebf52f4e60d81a0aaf9b171190f3cc7622b56770f1f98c9b48,2026-05-19T16:37:22+00:00,287,274,144,89,9.657,27.600000000000023,22,fit:162886c74e2a38ebf52f4e60d81a0aaf9b171190f3cc7622b56770f1f98c9b48:segment:005,5,5274.0,5056,activities/078_260519170927.csv,1,1,0,0
fit:162886c74e2a38ebf52f4e60d81a0aaf9b171190f3cc7622b56770f1f98c9b48,2026-05-19T16:37:23+00:00,288,302,143,90,9.674,28.399999999999977,22,fit:162886c74e2a38ebf52f4e60d81a0aaf9b171190f3cc7622b56770f1f98c9b48:segment:005,5,5275.0,5057,activities/078_260519170927.csv,1,1,0,0
fit:162886c74e2a38ebf52f4e60d81a0aaf9b171190f3cc7622b56770f1f98c9b48,2026-05-19T16:37:24+00:00,289,276,143,90,9.794,28.0,22,fit:162886c74e2a38ebf52f4e60d81a0aaf9b171190f3cc7622b56770f1f98c9b48:segment:005,5,5276.0,5058,activities/078_260519170927.csv,1,1,0,0
fit:162886c74e2a38ebf52f4e60d81a0aaf9b171190f3cc7622b56770f1f98c9b48,2026-05-19T16:37:25+00:00,290,248,143,91,9.857,28.0,22,fit:162886c74e2a38ebf52f4e60d81a0aaf9b171190f3cc7622b56770f1f98c9b48:segment:005,5,5277.0,5059,activities/078_260519170927.csv,1,1,0,0
fit:162886c74e2a38ebf52f4e60d81a0aaf9b171190f3cc7622b56770f1f98c9b48,2026-05-19T16:37:26+00:00,291,223,143,91,10.05,28.0,22,fit:162886c74e2a38ebf52f4e60d81a0aaf9b171190f3cc7622b56770f1f98c9b48:segment:005,5,5278.0,5060,activities/078_260519170927.csv,1,1,0,0
fit:162886c74e2a38ebf52f4e60d81a0aaf9b171190f3cc7622b56770f1f98c9b48,2026-05-19T16:37:27+00:00,292,211,142,92,10.002,28.0,22,fit:162886c74e2a38ebf52f4e60d81a0aaf9b171190f3cc7622b56770f1f98c9b48:segment:005,5,5279.0,5061,activities/078_260519170927.csv,1,1,0,0
fit:162886c74e2a38ebf52f4e60d81a0aaf9b171190f3cc7622b56770f1f98c9b48,2026-05-19T16:37:28+00:00,293,195,143,92,10.046,27.399999999999977,22,fit:162886c74e2a38ebf52f4e60d81a0aaf9b171190f3cc7622b56770f1f98c9b48:segment:005,5,5280.0,5062,activities/078_260519170927.csv,1,1,0,0
fit:162886c74e2a38ebf52f4e60d81a0aaf9b171190f3cc7622b56770f1f98c9b48,2026-05-19T16:37:29+00:00,294,195,143,92,10.107,27.399999999999977,22,fit:162886c74e2a38ebf52f4e60d81a0aaf9b171190f3cc7622b56770f1f98c9b48:segment:005,5,5281.0,5063,activities/078_260519170927.csv,1,1,0,0
fit:162886c74e2a38ebf52f4e60d81a0aaf9b171190f3cc7622b56770f1f98c9b48,2026-05-19T16:37:30+00:00,295,182,142,92,10.2,27.399999999999977,22,fit:162886c74e2a38ebf52f4e60d81a0aaf9b171190f3cc7622b56770f1f98c9b48:segment:005,5,5282.0,5064,activities/078_260519170927.csv,1,1,0,0
fit:162886c74e2a38ebf52f4e60d81a0aaf9b171190f3cc7622b56770f1f98c9b48,2026-05-19T16:37:31+00:00,296,203,142,92,10.218,27.399999999999977,22,fit:162886c74e2a38ebf52f4e60d81a0aaf9b171190f3cc7622b56770f1f98c9b48:segment:005,5,5283.0,5065,activities/078_260519170927.csv,1,1,0,0
fit:162886c74e2a38ebf52f4e60d81a0aaf9b171190f3cc7622b56770f1f98c9b48,2026-05-19T16:37:32+00:00,297,177,142,93,10.277,26.200000000000045,22,fit:162886c74e2a38ebf52f4e60d81a0aaf9b171190f3cc7622b56770f1f98c9b48:segment:005,5,5284.0,5066,activities/078_260519170927.csv,1,1,0,0
fit:162886c74e2a38ebf52f4e60d81a0aaf9b171190f3cc7622b56770f1f98c9b48,2026-05-19T16:37:33+00:00,298,145,142,92,10.29,26.200000000000045,22,fit:162886c74e2a38ebf52f4e60d81a0aaf9b171190f3cc7622b56770f1f98c9b48:segment:005,5,5285.0,5067,activities/078_260519170927.csv,1,1,0,0
fit:162886c74e2a38ebf52f4e60d81a0aaf9b171190f3cc7622b56770f1f98c9b48,2026-05-19T16:37:34+00:00,299,145,141,92,10.167,26.200000000000045,22,fit:162886c74e2a38ebf52f4e60d81a0aaf9b171190f3cc7622b56770f1f98c9b48:segment:005,5,5286.0,5068,activities/078_260519170927.csv,1,1,0,0
fit:162886c74e2a38ebf52f4e60d81a0aaf9b171190f3cc7622b56770f1f98c9b48,2026-05-19T16:37:35+00:00,300,115,140,92,10.136,27.200000000000045,22,fit:162886c74e2a38ebf52f4e60d81a0aaf9b171190f3cc7622b56770f1f98c9b48:segment:005,5,5287.0,5069,activities/078_260519170927.csv,1,1,0,0
fit:162886c74e2a38ebf52f4e60d81a0aaf9b171190f3cc7622b56770f1f98c9b48,2026-05-19T16:37:36+00:00,301,115,139,92,10.103,27.399999999999977,22,fit:162886c74e2a38ebf52f4e60d81a0aaf9b171190f3cc7622b56770f1f98c9b48:segment:005,5,5288.0,5070,activities/078_260519170927.csv,1,1,0,0
fit:162886c74e2a38ebf52f4e60d81a0aaf9b171190f3cc7622b56770f1f98c9b48,2026-05-19T16:37:37+00:00,302,115,139,92,9.964,27.399999999999977,22,fit:162886c74e2a38ebf52f4e60d81a0aaf9b171190f3cc7622b56770f1f98c9b48:segment:005,5,5289.0,5071,activities/078_260519170927.csv,1,1,0,0
fit:162886c74e2a38ebf52f4e60d81a0aaf9b171190f3cc7622b56770f1f98c9b48,2026-05-19T16:37:38+00:00,303,112,138,92,9.738,27.399999999999977,22,fit:162886c74e2a38ebf52f4e60d81a0aaf9b171190f3cc7622b56770f1f98c9b48:segment:005,5,5290.0,5072,activities/078_260519170927.csv,1,1,0,0
fit:162886c74e2a38ebf52f4e60d81a0aaf9b171190f3cc7622b56770f1f98c9b48,2026-05-19T16:37:39+00:00,304,0,137,0,9.593,27.399999999999977,22,fit:162886c74e2a38ebf52f4e60d81a0aaf9b171190f3cc7622b56770f1f98c9b48:segment:005,5,5291.0,5073,activities/078_260519170927.csv,1,1,0,0
fit:162886c74e2a38ebf52f4e60d81a0aaf9b171190f3cc7622b56770f1f98c9b48,2026-05-19T16:37:40+00:00,305,0,137,0,9.495,25.799999999999955,22,fit:162886c74e2a38ebf52f4e60d81a0aaf9b171190f3cc7622b56770f1f98c9b48:segment:005,5,5292.0,5074,activities/078_260519170927.csv,1,1,0,0
fit:162886c74e2a38ebf52f4e60d81a0aaf9b171190f3cc7622b56770f1f98c9b48,2026-05-19T16:37:41+00:00,306,0,134,0,9.333,25.799999999999955,22,fit:162886c74e2a38ebf52f4e60d81a0aaf9b171190f3cc7622b56770f1f98c9b48:segment:005,5,5293.0,5075,activities/078_260519170927.csv,1,1,0,0
fit:162886c74e2a38ebf52f4e60d81a0aaf9b171190f3cc7622b56770f1f98c9b48,2026-05-19T16:37:42+00:00,307,0,134,0,9.192,25.799999999999955,22,fit:162886c74e2a38ebf52f4e60d81a0aaf9b171190f3cc7622b56770f1f98c9b48:segment:005,5,5294.0,5076,activities/078_260519170927.csv,1,1,0,0
fit:162886c74e2a38ebf52f4e60d81a0aaf9b171190f3cc7622b56770f1f98c9b48,2026-05-19T16:37:43+00:00,308,0,132,0,9.024,26.799999999999955,22,fit:162886c74e2a38ebf52f4e60d81a0aaf9b171190f3cc7622b56770f1f98c9b48:segment:005,5,5295.0,5077,activities/078_260519170927.csv,1,1,0,0
fit:162886c74e2a38ebf52f4e60d81a0aaf9b171190f3cc7622b56770f1f98c9b48,2026-05-19T16:37:44+00:00,309,0,130,0,8.911,26.399999999999977,22,fit:162886c74e2a38ebf52f4e60d81a0aaf9b171190f3cc7622b56770f1f98c9b48:segment:005,5,5296.0,5078,activities/078_260519170927.csv,1,1,0,0
fit:162886c74e2a38ebf52f4e60d81a0aaf9b171190f3cc7622b56770f1f98c9b48,2026-05-19T16:37:45+00:00,310,0,130,0,8.667,26.399999999999977,22,fit:162886c74e2a38ebf52f4e60d81a0aaf9b171190f3cc7622b56770f1f98c9b48:segment:005,5,5297.0,5079,activities/078_260519170927.csv,1,1,0,0
fit:162886c74e2a38ebf52f4e60d81a0aaf9b171190f3cc7622b56770f1f98c9b48,2026-05-19T16:37:46+00:00,311,0,128,0,8.291,26.399999999999977,22,fit:162886c74e2a38ebf52f4e60d81a0aaf9b171190f3cc7622b56770f1f98c9b48:segment:005,5,5298.0,5080,activities/078_260519170927.csv,1,1,0,0
fit:162886c74e2a38ebf52f4e60d81a0aaf9b171190f3cc7622b56770f1f98c9b48,2026-05-19T16:37:47+00:00,312,0,128,0,8.194,26.399999999999977,22,fit:162886c74e2a38ebf52f4e60d81a0aaf9b171190f3cc7622b56770f1f98c9b48:segment:005,5,5299.0,5081,activities/078_260519170927.csv,1,1,0,0
fit:162886c74e2a38ebf52f4e60d81a0aaf9b171190f3cc7622b56770f1f98c9b48,2026-05-19T16:37:48+00:00,313,0,125,0,8.184,26.0,22,fit:162886c74e2a38ebf52f4e60d81a0aaf9b171190f3cc7622b56770f1f98c9b48:segment:005,5,5300.0,5082,activities/078_260519170927.csv,1,1,0,0
fit:162886c74e2a38ebf52f4e60d81a0aaf9b171190f3cc7622b56770f1f98c9b48,2026-05-19T16:37:49+00:00,314,0,122,0,8.069,26.0,22,fit:162886c74e2a38ebf52f4e60d81a0aaf9b171190f3cc7622b56770f1f98c9b48:segment:005,5,5301.0,5083,activities/078_260519170927.csv,1,1,0,0
fit:162886c74e2a38ebf52f4e60d81a0aaf9b171190f3cc7622b56770f1f98c9b48,2026-05-19T16:37:50+00:00,315,0,122,0,7.968,26.0,22,fit:162886c74e2a38ebf52f4e60d81a0aaf9b171190f3cc7622b56770f1f98c9b48:segment:005,5,5302.0,5084,activities/078_260519170927.csv,1,1,0,0
fit:162886c74e2a38ebf52f4e60d81a0aaf9b171190f3cc7622b56770f1f98c9b48,2026-05-19T16:37:51+00:00,316,0,120,0,7.843,26.0,22,fit:162886c74e2a38ebf52f4e60d81a0aaf9b171190f3cc7622b56770f1f98c9b48:segment:005,5,5303.0,5085,activities/078_260519170927.csv,1,1,0,0
fit:162886c74e2a38ebf52f4e60d81a0aaf9b171190f3cc7622b56770f1f98c9b48,2026-05-19T16:37:52+00:00,317,0,118,0,7.68,26.399999999999977,22,fit:162886c74e2a38ebf52f4e60d81a0aaf9b171190f3cc7622b56770f1f98c9b48:segment:005,5,5304.0,5086,activities/078_260519170927.csv,1,1,0,0
fit:162886c74e2a38ebf52f4e60d81a0aaf9b171190f3cc7622b56770f1f98c9b48,2026-05-19T16:37:53+00:00,318,0,116,0,7.609,26.399999999999977,22,fit:162886c74e2a38ebf52f4e60d81a0aaf9b171190f3cc7622b56770f1f98c9b48:segment:005,5,5305.0,5087,activities/078_260519170927.csv,1,1,0,0
fit:162886c74e2a38ebf52f4e60d81a0aaf9b171190f3cc7622b56770f1f98c9b48,2026-05-19T16:37:54+00:00,319,0,114,0,7.526,26.399999999999977,22,fit:162886c74e2a38ebf52f4e60d81a0aaf9b171190f3cc7622b56770f1f98c9b48:segment:005,5,5306.0,5088,activities/078_260519170927.csv,1,1,0,0
fit:162886c74e2a38ebf52f4e60d81a0aaf9b171190f3cc7622b56770f1f98c9b48,2026-05-19T16:37:55+00:00,320,0,113,0,7.435,26.399999999999977,22,fit:162886c74e2a38ebf52f4e60d81a0aaf9b171190f3cc7622b56770f1f98c9b48:segment:005,5,5307.0,5089,activities/078_260519170927.csv,1,1,0,0
fit:162886c74e2a38ebf52f4e60d81a0aaf9b171190f3cc7622b56770f1f98c9b48,2026-05-19T16:37:56+00:00,321,0,111,0,7.396,26.600000000000023,22,fit:162886c74e2a38ebf52f4e60d81a0aaf9b171190f3cc7622b56770f1f98c9b48:segment:005,5,5308.0,5090,activities/078_260519170927.csv,1,1,0,0
fit:162886c74e2a38ebf52f4e60d81a0aaf9b171190f3cc7622b56770f1f98c9b48,2026-05-19T16:37:57+00:00,322,0,109,0,7.403,26.600000000000023,22,fit:162886c74e2a38ebf52f4e60d81a0aaf9b171190f3cc7622b56770f1f98c9b48:segment:005,5,5309.0,5091,activities/078_260519170927.csv,1,1,0,0
fit:162886c74e2a38ebf52f4e60d81a0aaf9b171190f3cc7622b56770f1f98c9b48,2026-05-19T16:37:58+00:00,323,0,108,0,7.352,26.600000000000023,22,fit:162886c74e2a38ebf52f4e60d81a0aaf9b171190f3cc7622b56770f1f98c9b48:segment:005,5,5310.0,5092,activities/078_260519170927.csv,1,1,0,0
fit:162886c74e2a38ebf52f4e60d81a0aaf9b171190f3cc7622b56770f1f98c9b48,2026-05-19T16:37:59+00:00,324,0,108,0,7.566,25.600000000000023,22,fit:162886c74e2a38ebf52f4e60d81a0aaf9b171190f3cc7622b56770f1f98c9b48:segment:005,5,5311.0,5093,activities/078_260519170927.csv,1,1,0,0
fit:162886c74e2a38ebf52f4e60d81a0aaf9b171190f3cc7622b56770f1f98c9b48,2026-05-19T16:38:00+00:00,325,0,105,0,7.538,25.399999999999977,22,fit:162886c74e2a38ebf52f4e60d81a0aaf9b171190f3cc7622b56770f1f98c9b48:segment:005,5,5312.0,5094,activities/078_260519170927.csv,1,1,0,0
fit:162886c74e2a38ebf52f4e60d81a0aaf9b171190f3cc7622b56770f1f98c9b48,2026-05-19T16:38:01+00:00,326,0,105,0,7.506,25.399999999999977,22,fit:162886c74e2a38ebf52f4e60d81a0aaf9b171190f3cc7622b56770f1f98c9b48:segment:005,5,5313.0,5095,activities/078_260519170927.csv,1,1,0,0
fit:162886c74e2a38ebf52f4e60d81a0aaf9b171190f3cc7622b56770f1f98c9b48,2026-05-19T16:38:02+00:00,327,0,104,0,7.455,25.399999999999977,22,fit:162886c74e2a38ebf52f4e60d81a0aaf9b171190f3cc7622b56770f1f98c9b48:segment:005,5,5314.0,5096,activities/078_260519170927.csv,1,1,0,0
fit:162886c74e2a38ebf52f4e60d81a0aaf9b171190f3cc7622b56770f1f98c9b48,2026-05-19T16:38:03+00:00,328,0,103,0,6.933,25.600000000000023,22,fit:162886c74e2a38ebf52f4e60d81a0aaf9b171190f3cc7622b56770f1f98c9b48:segment:005,5,5315.0,5097,activities/078_260519170927.csv,1,1,0,0
fit:162886c74e2a38ebf52f4e60d81a0aaf9b171190f3cc7622b56770f1f98c9b48,2026-05-19T16:38:04+00:00,329,0,102,0,6.192,26.399999999999977,22,fit:162886c74e2a38ebf52f4e60d81a0aaf9b171190f3cc7622b56770f1f98c9b48:segment:005,5,5316.0,5098,activities/078_260519170927.csv,1,1,0,0
fit:162886c74e2a38ebf52f4e60d81a0aaf9b171190f3cc7622b56770f1f98c9b48,2026-05-19T16:38:05+00:00,330,0,101,0,5.468,26.399999999999977,22,fit:162886c74e2a38ebf52f4e60d81a0aaf9b171190f3cc7622b56770f1f98c9b48:segment:005,5,5317.0,5099,activities/078_260519170927.csv,1,1,0,0
fit:162886c74e2a38ebf52f4e60d81a0aaf9b171190f3cc7622b56770f1f98c9b48,2026-05-19T16:38:06+00:00,331,0,101,38,4.11,26.399999999999977,22,fit:162886c74e2a38ebf52f4e60d81a0aaf9b171190f3cc7622b56770f1f98c9b48:segment:005,5,5318.0,5100,activities/078_260519170927.csv,1,1,0,0
fit:162886c74e2a38ebf52f4e60d81a0aaf9b171190f3cc7622b56770f1f98c9b48,2026-05-19T16:38:07+00:00,332,0,100,38,2.98,26.399999999999977,22,fit:162886c74e2a38ebf52f4e60d81a0aaf9b171190f3cc7622b56770f1f98c9b48:segment:005,5,5319.0,5101,activities/078_260519170927.csv,1,1,0,0
fit:162886c74e2a38ebf52f4e60d81a0aaf9b171190f3cc7622b56770f1f98c9b48,2026-05-19T16:38:08+00:00,333,0,99,21,2.208,26.200000000000045,22,fit:162886c74e2a38ebf52f4e60d81a0aaf9b171190f3cc7622b56770f1f98c9b48:segment:005,5,5320.0,5102,activities/078_260519170927.csv,1,1,0,0
fit:162886c74e2a38ebf52f4e60d81a0aaf9b171190f3cc7622b56770f1f98c9b48,2026-05-19T16:38:09+00:00,334,0,99,21,1.765,26.200000000000045,22,fit:162886c74e2a38ebf52f4e60d81a0aaf9b171190f3cc7622b56770f1f98c9b48:segment:005,5,5321.0,5103,activities/078_260519170927.csv,1,1,0,0
fit:162886c74e2a38ebf52f4e60d81a0aaf9b171190f3cc7622b56770f1f98c9b48,2026-05-19T16:38:10+00:00,335,0,98,21,1.471,26.200000000000045,22,fit:162886c74e2a38ebf52f4e60d81a0aaf9b171190f3cc7622b56770f1f98c9b48:segment:005,5,5322.0,5104,activities/078_260519170927.csv,1,1,0,0
fit:162886c74e2a38ebf52f4e60d81a0aaf9b171190f3cc7622b56770f1f98c9b48,2026-05-19T16:38:11+00:00,336,0,98,20,1.348,26.399999999999977,22,fit:162886c74e2a38ebf52f4e60d81a0aaf9b171190f3cc7622b56770f1f98c9b48:segment:005,5,5323.0,5105,activities/078_260519170927.csv,1,1,0,0
fit:162886c74e2a38ebf52f4e60d81a0aaf9b171190f3cc7622b56770f1f98c9b48,2026-05-19T16:38:12+00:00,337,0,96,0,1.255,26.399999999999977,22,fit:162886c74e2a38ebf52f4e60d81a0aaf9b171190f3cc7622b56770f1f98c9b48:segment:005,5,5324.0,5106,activities/078_260519170927.csv,1,1,0,0
fit:162886c74e2a38ebf52f4e60d81a0aaf9b171190f3cc7622b56770f1f98c9b48,2026-05-19T16:38:13+00:00,338,0,95,0,1.074,26.399999999999977,22,fit:162886c74e2a38ebf52f4e60d81a0aaf9b171190f3cc7622b56770f1f98c9b48:segment:005,5,5325.0,5107,activities/078_260519170927.csv,1,1,0,0
fit:162886c74e2a38ebf52f4e60d81a0aaf9b171190f3cc7622b56770f1f98c9b48,2026-05-19T16:38:14+00:00,339,0,94,0,0.903,26.399999999999977,22,fit:162886c74e2a38ebf52f4e60d81a0aaf9b171190f3cc7622b56770f1f98c9b48:segment:005,5,5326.0,5108,activities/078_260519170927.csv,1,1,0,0
fit:162886c74e2a38ebf52f4e60d81a0aaf9b171190f3cc7622b56770f1f98c9b48,2026-05-19T16:38:15+00:00,340,0,94,0,0.878,26.399999999999977,22,fit:162886c74e2a38ebf52f4e60d81a0aaf9b171190f3cc7622b56770f1f98c9b48:segment:005,5,5327.0,5109,activities/078_260519170927.csv,1,1,0,0
fit:162886c74e2a38ebf52f4e60d81a0aaf9b171190f3cc7622b56770f1f98c9b48,2026-05-19T16:38:16+00:00,341,0,92,0,0.73,26.399999999999977,22,fit:162886c74e2a38ebf52f4e60d81a0aaf9b171190f3cc7622b56770f1f98c9b48:segment:005,5,5328.0,5110,activities/078_260519170927.csv,1,1,0,0
fit:162886c74e2a38ebf52f4e60d81a0aaf9b171190f3cc7622b56770f1f98c9b48,2026-05-19T16:38:17+00:00,342,0,89,0,0.728,26.399999999999977,22,fit:162886c74e2a38ebf52f4e60d81a0aaf9b171190f3cc7622b56770f1f98c9b48:segment:005,5,5329.0,5111,activities/078_260519170927.csv,1,1,0,0
fit:162886c74e2a38ebf52f4e60d81a0aaf9b171190f3cc7622b56770f1f98c9b48,2026-05-19T16:38:18+00:00,343,0,89,0,0.0,26.399999999999977,22,fit:162886c74e2a38ebf52f4e60d81a0aaf9b171190f3cc7622b56770f1f98c9b48:segment:005,5,5330.0,5112,activities/078_260519170927.csv,1,1,0,0
fit:162886c74e2a38ebf52f4e60d81a0aaf9b171190f3cc7622b56770f1f98c9b48,2026-05-19T16:38:19+00:00,344,0,87,0,0.0,26.399999999999977,22,fit:162886c74e2a38ebf52f4e60d81a0aaf9b171190f3cc7622b56770f1f98c9b48:segment:005,5,5331.0,5113,activities/078_260519170927.csv,1,1,0,0
