activity_id,timestamp,elapsed_seconds,power_w,heart_rate_bpm,cadence_rpm,speed_m_s,altitude_m,temperature_c,segment_id,segment_number,source_elapsed_seconds,source_row_index,source_file,activity_split,segment_selected_from_activity,power_missing,hr_missing
fit:8f648c8c3d5f8766c64c8ea0e0d3c3d2b9515b2f6673a1ca02cdc449425076bc,2026-07-16T14:45:29+00:00,0,0,104,0,2.152,29.799999999999955,35,fit:8f648c8c3d5f8766c64c8ea0e0d3c3d2b9515b2f6673a1ca02cdc449425076bc:segment:003,3,4516.0,4466,activities/103_260716153012.csv,1,1,0,0
fit:8f648c8c3d5f8766c64c8ea0e0d3c3d2b9515b2f6673a1ca02cdc449425076bc,2026-07-16T14:45:30+00:00,1,275,105,38,2.853,29.799999999999955,35,fit:8f648c8c3d5f8766c64c8ea0e0d3c3d2b9515b2f6673a1ca02cdc449425076bc:segment:003,3,4517.0,4467,activities/103_260716153012.csv,1,1,0,0
fit:8f648c8c3d5f8766c64c8ea0e0d3c3d2b9515b2f6673a1ca02cdc449425076bc,2026-07-16T14:45:31+00:00,2,367,107,51,3.313,29.399999999999977,35,fit:8f648c8c3d5f8766c64c8ea0e0d3c3d2b9515b2f6673a1ca02cdc449425076bc:segment:003,3,4518.0,4468,activities/103_260716153012.csv,1,1,0,0
fit:8f648c8c3d5f8766c64c8ea0e0d3c3d2b9515b2f6673a1ca02cdc449425076bc,2026-07-16T14:45:32+00:00,3,350,109,60,4.273,29.399999999999977,35,fit:8f648c8c3d5f8766c64c8ea0e0d3c3d2b9515b2f6673a1ca02cdc449425076bc:segment:003,3,4519.0,4469,activities/103_260716153012.csv,1,1,0,0
fit:8f648c8c3d5f8766c64c8ea0e0d3c3d2b9515b2f6673a1ca02cdc449425076bc,2026-07-16T14:45:33+00:00,4,271,109,60,3.437,29.399999999999977,35,fit:8f648c8c3d5f8766c64c8ea0e0d3c3d2b9515b2f6673a1ca02cdc449425076bc:segment:003,3,4520.0,4470,activities/103_260716153012.csv,1,1,0,0
fit:8f648c8c3d5f8766c64c8ea0e0d3c3d2b9515b2f6673a1ca02cdc449425076bc,2026-07-16T14:45:34+00:00,5,248,111,70,4.224,28.399999999999977,35,fit:8f648c8c3d5f8766c64c8ea0e0d3c3d2b9515b2f6673a1ca02cdc449425076bc:segment:003,3,4521.0,4471,activities/103_260716153012.csv,1,1,0,0
fit:8f648c8c3d5f8766c64c8ea0e0d3c3d2b9515b2f6673a1ca02cdc449425076bc,2026-07-16T14:45:35+00:00,6,248,112,73,5.088,28.0,35,fit:8f648c8c3d5f8766c64c8ea0e0d3c3d2b9515b2f6673a1ca02cdc449425076bc:segment:003,3,4522.0,4472,activities/103_260716153012.csv,1,1,0,0
fit:8f648c8c3d5f8766c64c8ea0e0d3c3d2b9515b2f6673a1ca02cdc449425076bc,2026-07-16T14:45:36+00:00,7,261,114,79,6.157,28.0,35,fit:8f648c8c3d5f8766c64c8ea0e0d3c3d2b9515b2f6673a1ca02cdc449425076bc:segment:003,3,4523.0,4473,activities/103_260716153012.csv,1,1,0,0
fit:8f648c8c3d5f8766c64c8ea0e0d3c3d2b9515b2f6673a1ca02cdc449425076bc,2026-07-16T14:45:37+00:00,8,216,114,80,6.86,28.0,35,fit:8f648c8c3d5f8766c64c8ea0e0d3c3d2b9515b2f6673a1ca02cdc449425076bc:segment:003,3,4524.0,4474,activities/103_260716153012.csv,1,1,0,0
fit:8f648c8c3d5f8766c64c8ea0e0d3c3d2b9515b2f6673a1ca02cdc449425076bc,2026-07-16T14:45:38+00:00,9,143,115,80,7.394,28.0,35,fit:8f648c8c3d5f8766c64c8ea0e0d3c3d2b9515b2f6673a1ca02cdc449425076bc:segment:003,3,4525.0,4475,activities/103_260716153012.csv,1,1,0,0
fit:8f648c8c3d5f8766c64c8ea0e0d3c3d2b9515b2f6673a1ca02cdc449425076bc,2026-07-16T14:45:39+00:00,10,189,117,82,7.766,27.600000000000023,35,fit:8f648c8c3d5f8766c64c8ea0e0d3c3d2b9515b2f6673a1ca02cdc449425076bc:segment:003,3,4526.0,4476,activities/103_260716153012.csv,1,1,0,0
fit:8f648c8c3d5f8766c64c8ea0e0d3c3d2b9515b2f6673a1ca02cdc449425076bc,2026-07-16T14:45:40+00:00,11,189,117,82,7.917,27.600000000000023,35,fit:8f648c8c3d5f8766c64c8ea0e0d3c3d2b9515b2f6673a1ca02cdc449425076bc:segment:003,3,4527.0,4477,activities/103_260716153012.csv,1,1,0,0
fit:8f648c8c3d5f8766c64c8ea0e0d3c3d2b9515b2f6673a1ca02cdc449425076bc,2026-07-16T14:45:41+00:00,12,196,119,83,8.007,27.600000000000023,35,fit:8f648c8c3d5f8766c64c8ea0e0d3c3d2b9515b2f6673a1ca02cdc449425076bc:segment:003,3,4528.0,4478,activities/103_260716153012.csv,1,1,0,0
fit:8f648c8c3d5f8766c64c8ea0e0d3c3d2b9515b2f6673a1ca02cdc449425076bc,2026-07-16T14:45:42+00:00,13,185,120,83,8.057,27.600000000000023,35,fit:8f648c8c3d5f8766c64c8ea0e0d3c3d2b9515b2f6673a1ca02cdc449425076bc:segment:003,3,4529.0,4479,activities/103_260716153012.csv,1,1,0,0
fit:8f648c8c3d5f8766c64c8ea0e0d3c3d2b9515b2f6673a1ca02cdc449425076bc,2026-07-16T14:45:43+00:00,14,170,121,83,8.084,27.799999999999955,35,fit:8f648c8c3d5f8766c64c8ea0e0d3c3d2b9515b2f6673a1ca02cdc449425076bc:segment:003,3,4530.0,4480,activities/103_260716153012.csv,1,1,0,0
fit:8f648c8c3d5f8766c64c8ea0e0d3c3d2b9515b2f6673a1ca02cdc449425076bc,2026-07-16T14:45:44+00:00,15,166,121,81,8.003,27.799999999999955,35,fit:8f648c8c3d5f8766c64c8ea0e0d3c3d2b9515b2f6673a1ca02cdc449425076bc:segment:003,3,4531.0,4481,activities/103_260716153012.csv,1,1,0,0
fit:8f648c8c3d5f8766c64c8ea0e0d3c3d2b9515b2f6673a1ca02cdc449425076bc,2026-07-16T14:45:45+00:00,16,162,122,82,7.99,27.799999999999955,35,fit:8f648c8c3d5f8766c64c8ea0e0d3c3d2b9515b2f6673a1ca02cdc449425076bc:segment:003,3,4532.0,4482,activities/103_260716153012.csv,1,1,0,0
fit:8f648c8c3d5f8766c64c8ea0e0d3c3d2b9515b2f6673a1ca02cdc449425076bc,2026-07-16T14:45:46+00:00,17,159,123,82,7.959,27.799999999999955,35,fit:8f648c8c3d5f8766c64c8ea0e0d3c3d2b9515b2f6673a1ca02cdc449425076bc:segment:003,3,4533.0,4483,activities/103_260716153012.csv,1,1,0,0
fit:8f648c8c3d5f8766c64c8ea0e0d3c3d2b9515b2f6673a1ca02cdc449425076bc,2026-07-16T14:45:47+00:00,18,162,124,82,8.063,29.0,35,fit:8f648c8c3d5f8766c64c8ea0e0d3c3d2b9515b2f6673a1ca02cdc449425076bc:segment:003,3,4534.0,4484,activities/103_260716153012.csv,1,1,0,0
fit:8f648c8c3d5f8766c64c8ea0e0d3c3d2b9515b2f6673a1ca02cdc449425076bc,2026-07-16T14:45:48+00:00,19,160,124,83,8.128,29.0,35,fit:8f648c8c3d5f8766c64c8ea0e0d3c3d2b9515b2f6673a1ca02cdc449425076bc:segment:003,3,4535.0,4485,activities/103_260716153012.csv,1,1,0,0
fit:8f648c8c3d5f8766c64c8ea0e0d3c3d2b9515b2f6673a1ca02cdc449425076bc,2026-07-16T14:45:49+00:00,20,150,125,83,8.171,29.0,35,fit:8f648c8c3d5f8766c64c8ea0e0d3c3d2b9515b2f6673a1ca02cdc449425076bc:segment:003,3,4536.0,4486,activities/103_260716153012.csv,1,1,0,0
fit:8f648c8c3d5f8766c64c8ea0e0d3c3d2b9515b2f6673a1ca02cdc449425076bc,2026-07-16T14:45:50+00:00,21,182,126,83,8.149,28.200000000000045,35,fit:8f648c8c3d5f8766c64c8ea0e0d3c3d2b9515b2f6673a1ca02cdc449425076bc:segment:003,3,4537.0,4487,activities/103_260716153012.csv,1,1,0,0
fit:8f648c8c3d5f8766c64c8ea0e0d3c3d2b9515b2f6673a1ca02cdc449425076bc,2026-07-16T14:45:51+00:00,22,161,126,83,8.142,28.0,35,fit:8f648c8c3d5f8766c64c8ea0e0d3c3d2b9515b2f6673a1ca02cdc449425076bc:segment:003,3,4538.0,4488,activities/103_260716153012.csv,1,1,0,0
fit:8f648c8c3d5f8766c64c8ea0e0d3c3d2b9515b2f6673a1ca02cdc449425076bc,2026-07-16T14:45:52+00:00,23,139,128,83,8.169,28.0,35,fit:8f648c8c3d5f8766c64c8ea0e0d3c3d2b9515b2f6673a1ca02cdc449425076bc:segment:003,3,4539.0,4489,activities/103_260716153012.csv,1,1,0,0
fit:8f648c8c3d5f8766c64c8ea0e0d3c3d2b9515b2f6673a1ca02cdc449425076bc,2026-07-16T14:45:53+00:00,24,125,129,83,8.184,28.0,35,fit:8f648c8c3d5f8766c64c8ea0e0d3c3d2b9515b2f6673a1ca02cdc449425076bc:segment:003,3,4540.0,4490,activities/103_260716153012.csv,1,1,0,0
fit:8f648c8c3d5f8766c64c8ea0e0d3c3d2b9515b2f6673a1ca02cdc449425076bc,2026-07-16T14:45:54+00:00,25,126,131,83,8.082,29.0,35,fit:8f648c8c3d5f8766c64c8ea0e0d3c3d2b9515b2f6673a1ca02cdc449425076bc:segment:003,3,4541.0,4491,activities/103_260716153012.csv,1,1,0,0
fit:8f648c8c3d5f8766c64c8ea0e0d3c3d2b9515b2f6673a1ca02cdc449425076bc,2026-07-16T14:45:55+00:00,26,96,131,83,8.062,29.799999999999955,35,fit:8f648c8c3d5f8766c64c8ea0e0d3c3d2b9515b2f6673a1ca02cdc449425076bc:segment:003,3,4542.0,4492,activities/103_260716153012.csv,1,1,0,0
fit:8f648c8c3d5f8766c64c8ea0e0d3c3d2b9515b2f6673a1ca02cdc449425076bc,2026-07-16T14:45:56+00:00,27,102,133,83,8.137,29.799999999999955,35,fit:8f648c8c3d5f8766c64c8ea0e0d3c3d2b9515b2f6673a1ca02cdc449425076bc:segment:003,3,4543.0,4493,activities/103_260716153012.csv,1,1,0,0
fit:8f648c8c3d5f8766c64c8ea0e0d3c3d2b9515b2f6673a1ca02cdc449425076bc,2026-07-16T14:45:57+00:00,28,119,134,81,8.294,29.799999999999955,35,fit:8f648c8c3d5f8766c64c8ea0e0d3c3d2b9515b2f6673a1ca02cdc449425076bc:segment:003,3,4544.0,4494,activities/103_260716153012.csv,1,1,0,0
fit:8f648c8c3d5f8766c64c8ea0e0d3c3d2b9515b2f6673a1ca02cdc449425076bc,2026-07-16T14:45:58+00:00,29,209,136,81,8.195,28.799999999999955,35,fit:8f648c8c3d5f8766c64c8ea0e0d3c3d2b9515b2f6673a1ca02cdc449425076bc:segment:003,3,4545.0,4495,activities/103_260716153012.csv,1,1,0,0
fit:8f648c8c3d5f8766c64c8ea0e0d3c3d2b9515b2f6673a1ca02cdc449425076bc,2026-07-16T14:45:59+00:00,30,224,136,80,7.956,29.399999999999977,35,fit:8f648c8c3d5f8766c64c8ea0e0d3c3d2b9515b2f6673a1ca02cdc449425076bc:segment:003,3,4546.0,4496,activities/103_260716153012.csv,1,1,0,0
fit:8f648c8c3d5f8766c64c8ea0e0d3c3d2b9515b2f6673a1ca02cdc449425076bc,2026-07-16T14:46:00+00:00,31,214,138,80,7.803,29.399999999999977,35,fit:8f648c8c3d5f8766c64c8ea0e0d3c3d2b9515b2f6673a1ca02cdc449425076bc:segment:003,3,4547.0,4497,activities/103_260716153012.csv,1,1,0,0
fit:8f648c8c3d5f8766c64c8ea0e0d3c3d2b9515b2f6673a1ca02cdc449425076bc,2026-07-16T14:46:01+00:00,32,216,139,82,7.795,29.399999999999977,35,fit:8f648c8c3d5f8766c64c8ea0e0d3c3d2b9515b2f6673a1ca02cdc449425076bc:segment:003,3,4548.0,4498,activities/103_260716153012.csv,1,1,0,0
fit:8f648c8c3d5f8766c64c8ea0e0d3c3d2b9515b2f6673a1ca02cdc449425076bc,2026-07-16T14:46:02+00:00,33,136,140,83,7.89,29.399999999999977,35,fit:8f648c8c3d5f8766c64c8ea0e0d3c3d2b9515b2f6673a1ca02cdc449425076bc:segment:003,3,4549.0,4499,activities/103_260716153012.csv,1,1,0,0
fit:8f648c8c3d5f8766c64c8ea0e0d3c3d2b9515b2f6673a1ca02cdc449425076bc,2026-07-16T14:46:03+00:00,34,129,141,83,8.043,30.0,35,fit:8f648c8c3d5f8766c64c8ea0e0d3c3d2b9515b2f6673a1ca02cdc449425076bc:segment:003,3,4550.0,4500,activities/103_260716153012.csv,1,1,0,0
fit:8f648c8c3d5f8766c64c8ea0e0d3c3d2b9515b2f6673a1ca02cdc449425076bc,2026-07-16T14:46:04+00:00,35,116,141,84,8.169,30.0,35,fit:8f648c8c3d5f8766c64c8ea0e0d3c3d2b9515b2f6673a1ca02cdc449425076bc:segment:003,3,4551.0,4501,activities/103_260716153012.csv,1,1,0,0
fit:8f648c8c3d5f8766c64c8ea0e0d3c3d2b9515b2f6673a1ca02cdc449425076bc,2026-07-16T14:46:05+00:00,36,116,141,85,8.331,30.0,35,fit:8f648c8c3d5f8766c64c8ea0e0d3c3d2b9515b2f6673a1ca02cdc449425076bc:segment:003,3,4552.0,4502,activities/103_260716153012.csv,1,1,0,0
fit:8f648c8c3d5f8766c64c8ea0e0d3c3d2b9515b2f6673a1ca02cdc449425076bc,2026-07-16T14:46:06+00:00,37,89,142,87,8.419,30.0,35,fit:8f648c8c3d5f8766c64c8ea0e0d3c3d2b9515b2f6673a1ca02cdc449425076bc:segment:003,3,4553.0,4503,activities/103_260716153012.csv,1,1,0,0
fit:8f648c8c3d5f8766c64c8ea0e0d3c3d2b9515b2f6673a1ca02cdc449425076bc,2026-07-16T14:46:07+00:00,38,77,143,89,8.594,30.399999999999977,35,fit:8f648c8c3d5f8766c64c8ea0e0d3c3d2b9515b2f6673a1ca02cdc449425076bc:segment:003,3,4554.0,4504,activities/103_260716153012.csv,1,1,0,0
fit:8f648c8c3d5f8766c64c8ea0e0d3c3d2b9515b2f6673a1ca02cdc449425076bc,2026-07-16T14:46:08+00:00,39,85,144,90,8.707,30.399999999999977,35,fit:8f648c8c3d5f8766c64c8ea0e0d3c3d2b9515b2f6673a1ca02cdc449425076bc:segment:003,3,4555.0,4505,activities/103_260716153012.csv,1,1,0,0
fit:8f648c8c3d5f8766c64c8ea0e0d3c3d2b9515b2f6673a1ca02cdc449425076bc,2026-07-16T14:46:09+00:00,40,47,144,92,8.882,30.399999999999977,35,fit:8f648c8c3d5f8766c64c8ea0e0d3c3d2b9515b2f6673a1ca02cdc449425076bc:segment:003,3,4556.0,4506,activities/103_260716153012.csv,1,1,0,0
fit:8f648c8c3d5f8766c64c8ea0e0d3c3d2b9515b2f6673a1ca02cdc449425076bc,2026-07-16T14:46:10+00:00,41,79,144,86,9.061,29.399999999999977,35,fit:8f648c8c3d5f8766c64c8ea0e0d3c3d2b9515b2f6673a1ca02cdc449425076bc:segment:003,3,4557.0,4507,activities/103_260716153012.csv,1,1,0,0
fit:8f648c8c3d5f8766c64c8ea0e0d3c3d2b9515b2f6673a1ca02cdc449425076bc,2026-07-16T14:46:11+00:00,42,73,145,84,9.201,28.399999999999977,35,fit:8f648c8c3d5f8766c64c8ea0e0d3c3d2b9515b2f6673a1ca02cdc449425076bc:segment:003,3,4558.0,4508,activities/103_260716153012.csv,1,1,0,0
fit:8f648c8c3d5f8766c64c8ea0e0d3c3d2b9515b2f6673a1ca02cdc449425076bc,2026-07-16T14:46:12+00:00,43,77,145,84,9.276,28.399999999999977,35,fit:8f648c8c3d5f8766c64c8ea0e0d3c3d2b9515b2f6673a1ca02cdc449425076bc:segment:003,3,4559.0,4509,activities/103_260716153012.csv,1,1,0,0
fit:8f648c8c3d5f8766c64c8ea0e0d3c3d2b9515b2f6673a1ca02cdc449425076bc,2026-07-16T14:46:13+00:00,44,82,145,84,9.313,28.399999999999977,35,fit:8f648c8c3d5f8766c64c8ea0e0d3c3d2b9515b2f6673a1ca02cdc449425076bc:segment:003,3,4560.0,4510,activities/103_260716153012.csv,1,1,0,0
fit:8f648c8c3d5f8766c64c8ea0e0d3c3d2b9515b2f6673a1ca02cdc449425076bc,2026-07-16T14:46:14+00:00,45,82,145,84,9.226,28.399999999999977,35,fit:8f648c8c3d5f8766c64c8ea0e0d3c3d2b9515b2f6673a1ca02cdc449425076bc:segment:003,3,4561.0,4511,activities/103_260716153012.csv,1,1,0,0
fit:8f648c8c3d5f8766c64c8ea0e0d3c3d2b9515b2f6673a1ca02cdc449425076bc,2026-07-16T14:46:15+00:00,46,82,145,83,9.222,28.799999999999955,35,fit:8f648c8c3d5f8766c64c8ea0e0d3c3d2b9515b2f6673a1ca02cdc449425076bc:segment:003,3,4562.0,4512,activities/103_260716153012.csv,1,1,0,0
fit:8f648c8c3d5f8766c64c8ea0e0d3c3d2b9515b2f6673a1ca02cdc449425076bc,2026-07-16T14:46:16+00:00,47,84,144,83,9.206,28.799999999999955,35,fit:8f648c8c3d5f8766c64c8ea0e0d3c3d2b9515b2f6673a1ca02cdc449425076bc:segment:003,3,4563.0,4513,activities/103_260716153012.csv,1,1,0,0
fit:8f648c8c3d5f8766c64c8ea0e0d3c3d2b9515b2f6673a1ca02cdc449425076bc,2026-07-16T14:46:17+00:00,48,93,143,83,9.205,28.799999999999955,35,fit:8f648c8c3d5f8766c64c8ea0e0d3c3d2b9515b2f6673a1ca02cdc449425076bc:segment:003,3,4564.0,4514,activities/103_260716153012.csv,1,1,0,0
fit:8f648c8c3d5f8766c64c8ea0e0d3c3d2b9515b2f6673a1ca02cdc449425076bc,2026-07-16T14:46:18+00:00,49,117,142,82,9.109,27.799999999999955,35,fit:8f648c8c3d5f8766c64c8ea0e0d3c3d2b9515b2f6673a1ca02cdc449425076bc:segment:003,3,4565.0,4515,activities/103_260716153012.csv,1,1,0,0
fit:8f648c8c3d5f8766c64c8ea0e0d3c3d2b9515b2f6673a1ca02cdc449425076bc,2026-07-16T14:46:19+00:00,50,117,142,82,9.04,28.200000000000045,35,fit:8f648c8c3d5f8766c64c8ea0e0d3c3d2b9515b2f6673a1ca02cdc449425076bc:segment:003,3,4566.0,4516,activities/103_260716153012.csv,1,1,0,0
fit:8f648c8c3d5f8766c64c8ea0e0d3c3d2b9515b2f6673a1ca02cdc449425076bc,2026-07-16T14:46:20+00:00,51,122,140,82,9.021,28.200000000000045,35,fit:8f648c8c3d5f8766c64c8ea0e0d3c3d2b9515b2f6673a1ca02cdc449425076bc:segment:003,3,4567.0,4517,activities/103_260716153012.csv,1,1,0,0
fit:8f648c8c3d5f8766c64c8ea0e0d3c3d2b9515b2f6673a1ca02cdc449425076bc,2026-07-16T14:46:21+00:00,52,116,138,81,9.008,28.200000000000045,35,fit:8f648c8c3d5f8766c64c8ea0e0d3c3d2b9515b2f6673a1ca02cdc449425076bc:segment:003,3,4568.0,4518,activities/103_260716153012.csv,1,1,0,0
fit:8f648c8c3d5f8766c64c8ea0e0d3c3d2b9515b2f6673a1ca02cdc449425076bc,2026-07-16T14:46:22+00:00,53,123,138,81,8.955,27.799999999999955,35,fit:8f648c8c3d5f8766c64c8ea0e0d3c3d2b9515b2f6673a1ca02cdc449425076bc:segment:003,3,4569.0,4519,activities/103_260716153012.csv,1,1,0,0
fit:8f648c8c3d5f8766c64c8ea0e0d3c3d2b9515b2f6673a1ca02cdc449425076bc,2026-07-16T14:46:23+00:00,54,123,136,81,8.946,29.0,35,fit:8f648c8c3d5f8766c64c8ea0e0d3c3d2b9515b2f6673a1ca02cdc449425076bc:segment:003,3,4570.0,4520,activities/103_260716153012.csv,1,1,0,0
fit:8f648c8c3d5f8766c64c8ea0e0d3c3d2b9515b2f6673a1ca02cdc449425076bc,2026-07-16T14:46:24+00:00,55,126,134,81,8.94,29.0,35,fit:8f648c8c3d5f8766c64c8ea0e0d3c3d2b9515b2f6673a1ca02cdc449425076bc:segment:003,3,4571.0,4521,activities/103_260716153012.csv,1,1,0,0
fit:8f648c8c3d5f8766c64c8ea0e0d3c3d2b9515b2f6673a1ca02cdc449425076bc,2026-07-16T14:46:25+00:00,56,126,134,81,8.927,29.0,35,fit:8f648c8c3d5f8766c64c8ea0e0d3c3d2b9515b2f6673a1ca02cdc449425076bc:segment:003,3,4572.0,4522,activities/103_260716153012.csv,1,1,0,0
fit:8f648c8c3d5f8766c64c8ea0e0d3c3d2b9515b2f6673a1ca02cdc449425076bc,2026-07-16T14:46:26+00:00,57,140,133,81,8.907,28.0,35,fit:8f648c8c3d5f8766c64c8ea0e0d3c3d2b9515b2f6673a1ca02cdc449425076bc:segment:003,3,4573.0,4523,activities/103_260716153012.csv,1,1,0,0
fit:8f648c8c3d5f8766c64c8ea0e0d3c3d2b9515b2f6673a1ca02cdc449425076bc,2026-07-16T14:46:27+00:00,58,141,133,81,8.852,28.399999999999977,35,fit:8f648c8c3d5f8766c64c8ea0e0d3c3d2b9515b2f6673a1ca02cdc449425076bc:segment:003,3,4574.0,4524,activities/103_260716153012.csv,1,1,0,0
fit:8f648c8c3d5f8766c64c8ea0e0d3c3d2b9515b2f6673a1ca02cdc449425076bc,2026-07-16T14:46:28+00:00,59,128,132,81,8.942,28.399999999999977,35,fit:8f648c8c3d5f8766c64c8ea0e0d3c3d2b9515b2f6673a1ca02cdc449425076bc:segment:003,3,4575.0,4525,activities/103_260716153012.csv,1,1,0,0
fit:8f648c8c3d5f8766c64c8ea0e0d3c3d2b9515b2f6673a1ca02cdc449425076bc,2026-07-16T14:46:29+00:00,60,97,131,81,8.936,28.399999999999977,35,fit:8f648c8c3d5f8766c64c8ea0e0d3c3d2b9515b2f6673a1ca02cdc449425076bc:segment:003,3,4576.0,4526,activities/103_260716153012.csv,1,1,0,0
fit:8f648c8c3d5f8766c64c8ea0e0d3c3d2b9515b2f6673a1ca02cdc449425076bc,2026-07-16T14:46:30+00:00,61,97,131,82,8.96,28.600000000000023,35,fit:8f648c8c3d5f8766c64c8ea0e0d3c3d2b9515b2f6673a1ca02cdc449425076bc:segment:003,3,4577.0,4527,activities/103_260716153012.csv,1,1,0,0
fit:8f648c8c3d5f8766c64c8ea0e0d3c3d2b9515b2f6673a1ca02cdc449425076bc,2026-07-16T14:46:31+00:00,62,96,130,82,9.027,28.600000000000023,35,fit:8f648c8c3d5f8766c64c8ea0e0d3c3d2b9515b2f6673a1ca02cdc449425076bc:segment:003,3,4578.0,4528,activities/103_260716153012.csv,1,1,0,0
fit:8f648c8c3d5f8766c64c8ea0e0d3c3d2b9515b2f6673a1ca02cdc449425076bc,2026-07-16T14:46:32+00:00,63,88,128,83,9.059,28.600000000000023,35,fit:8f648c8c3d5f8766c64c8ea0e0d3c3d2b9515b2f6673a1ca02cdc449425076bc:segment:003,3,4579.0,4529,activities/103_260716153012.csv,1,1,0,0
fit:8f648c8c3d5f8766c64c8ea0e0d3c3d2b9515b2f6673a1ca02cdc449425076bc,2026-07-16T14:46:33+00:00,64,87,127,83,9.058,28.600000000000023,35,fit:8f648c8c3d5f8766c64c8ea0e0d3c3d2b9515b2f6673a1ca02cdc449425076bc:segment:003,3,4580.0,4530,activities/103_260716153012.csv,1,1,0,0
fit:8f648c8c3d5f8766c64c8ea0e0d3c3d2b9515b2f6673a1ca02cdc449425076bc,2026-07-16T14:46:34+00:00,65,79,127,83,9.104,28.600000000000023,35,fit:8f648c8c3d5f8766c64c8ea0e0d3c3d2b9515b2f6673a1ca02cdc449425076bc:segment:003,3,4581.0,4531,activities/103_260716153012.csv,1,1,0,0
fit:8f648c8c3d5f8766c64c8ea0e0d3c3d2b9515b2f6673a1ca02cdc449425076bc,2026-07-16T14:46:35+00:00,66,79,125,83,9.135,27.200000000000045,35,fit:8f648c8c3d5f8766c64c8ea0e0d3c3d2b9515b2f6673a1ca02cdc449425076bc:segment:003,3,4582.0,4532,activities/103_260716153012.csv,1,1,0,0
fit:8f648c8c3d5f8766c64c8ea0e0d3c3d2b9515b2f6673a1ca02cdc449425076bc,2026-07-16T14:46:36+00:00,67,79,125,83,9.069,27.200000000000045,35,fit:8f648c8c3d5f8766c64c8ea0e0d3c3d2b9515b2f6673a1ca02cdc449425076bc:segment:003,3,4583.0,4533,activities/103_260716153012.csv,1,1,0,0
fit:8f648c8c3d5f8766c64c8ea0e0d3c3d2b9515b2f6673a1ca02cdc449425076bc,2026-07-16T14:46:37+00:00,68,79,124,83,8.914,27.200000000000045,35,fit:8f648c8c3d5f8766c64c8ea0e0d3c3d2b9515b2f6673a1ca02cdc449425076bc:segment:003,3,4584.0,4534,activities/103_260716153012.csv,1,1,0,0
fit:8f648c8c3d5f8766c64c8ea0e0d3c3d2b9515b2f6673a1ca02cdc449425076bc,2026-07-16T14:46:38+00:00,69,79,124,83,8.774,27.399999999999977,35,fit:8f648c8c3d5f8766c64c8ea0e0d3c3d2b9515b2f6673a1ca02cdc449425076bc:segment:003,3,4585.0,4535,activities/103_260716153012.csv,1,1,0,0
fit:8f648c8c3d5f8766c64c8ea0e0d3c3d2b9515b2f6673a1ca02cdc449425076bc,2026-07-16T14:46:39+00:00,70,115,122,0,8.591,28.200000000000045,35,fit:8f648c8c3d5f8766c64c8ea0e0d3c3d2b9515b2f6673a1ca02cdc449425076bc:segment:003,3,4586.0,4536,activities/103_260716153012.csv,1,1,0,0
fit:8f648c8c3d5f8766c64c8ea0e0d3c3d2b9515b2f6673a1ca02cdc449425076bc,2026-07-16T14:46:40+00:00,71,133,122,77,8.563,28.200000000000045,35,fit:8f648c8c3d5f8766c64c8ea0e0d3c3d2b9515b2f6673a1ca02cdc449425076bc:segment:003,3,4587.0,4537,activities/103_260716153012.csv,1,1,0,0
fit:8f648c8c3d5f8766c64c8ea0e0d3c3d2b9515b2f6673a1ca02cdc449425076bc,2026-07-16T14:46:41+00:00,72,104,121,77,8.564,28.200000000000045,35,fit:8f648c8c3d5f8766c64c8ea0e0d3c3d2b9515b2f6673a1ca02cdc449425076bc:segment:003,3,4588.0,4538,activities/103_260716153012.csv,1,1,0,0
fit:8f648c8c3d5f8766c64c8ea0e0d3c3d2b9515b2f6673a1ca02cdc449425076bc,2026-07-16T14:46:42+00:00,73,114,120,76,8.595,28.200000000000045,35,fit:8f648c8c3d5f8766c64c8ea0e0d3c3d2b9515b2f6673a1ca02cdc449425076bc:segment:003,3,4589.0,4539,activities/103_260716153012.csv,1,1,0,0
fit:8f648c8c3d5f8766c64c8ea0e0d3c3d2b9515b2f6673a1ca02cdc449425076bc,2026-07-16T14:46:43+00:00,74,123,120,76,8.52,28.399999999999977,35,fit:8f648c8c3d5f8766c64c8ea0e0d3c3d2b9515b2f6673a1ca02cdc449425076bc:segment:003,3,4590.0,4540,activities/103_260716153012.csv,1,1,0,0
fit:8f648c8c3d5f8766c64c8ea0e0d3c3d2b9515b2f6673a1ca02cdc449425076bc,2026-07-16T14:46:44+00:00,75,65,118,76,8.472,28.399999999999977,35,fit:8f648c8c3d5f8766c64c8ea0e0d3c3d2b9515b2f6673a1ca02cdc449425076bc:segment:003,3,4591.0,4541,activities/103_260716153012.csv,1,1,0,0
fit:8f648c8c3d5f8766c64c8ea0e0d3c3d2b9515b2f6673a1ca02cdc449425076bc,2026-07-16T14:46:45+00:00,76,65,118,79,8.437,28.399999999999977,35,fit:8f648c8c3d5f8766c64c8ea0e0d3c3d2b9515b2f6673a1ca02cdc449425076bc:segment:003,3,4592.0,4542,activities/103_260716153012.csv,1,1,0,0
fit:8f648c8c3d5f8766c64c8ea0e0d3c3d2b9515b2f6673a1ca02cdc449425076bc,2026-07-16T14:46:46+00:00,77,74,117,82,8.353,28.399999999999977,35,fit:8f648c8c3d5f8766c64c8ea0e0d3c3d2b9515b2f6673a1ca02cdc449425076bc:segment:003,3,4593.0,4543,activities/103_260716153012.csv,1,1,0,0
fit:8f648c8c3d5f8766c64c8ea0e0d3c3d2b9515b2f6673a1ca02cdc449425076bc,2026-07-16T14:46:47+00:00,78,77,116,84,8.689,28.200000000000045,35,fit:8f648c8c3d5f8766c64c8ea0e0d3c3d2b9515b2f6673a1ca02cdc449425076bc:segment:003,3,4594.0,4544,activities/103_260716153012.csv,1,1,0,0
fit:8f648c8c3d5f8766c64c8ea0e0d3c3d2b9515b2f6673a1ca02cdc449425076bc,2026-07-16T14:46:48+00:00,79,69,116,85,9.055,28.200000000000045,35,fit:8f648c8c3d5f8766c64c8ea0e0d3c3d2b9515b2f6673a1ca02cdc449425076bc:segment:003,3,4595.0,4545,activities/103_260716153012.csv,1,1,0,0
fit:8f648c8c3d5f8766c64c8ea0e0d3c3d2b9515b2f6673a1ca02cdc449425076bc,2026-07-16T14:46:49+00:00,80,70,116,85,9.193,28.200000000000045,35,fit:8f648c8c3d5f8766c64c8ea0e0d3c3d2b9515b2f6673a1ca02cdc449425076bc:segment:003,3,4596.0,4546,activities/103_260716153012.csv,1,1,0,0
fit:8f648c8c3d5f8766c64c8ea0e0d3c3d2b9515b2f6673a1ca02cdc449425076bc,2026-07-16T14:46:50+00:00,81,66,116,86,9.267,27.399999999999977,35,fit:8f648c8c3d5f8766c64c8ea0e0d3c3d2b9515b2f6673a1ca02cdc449425076bc:segment:003,3,4597.0,4547,activities/103_260716153012.csv,1,1,0,0
fit:8f648c8c3d5f8766c64c8ea0e0d3c3d2b9515b2f6673a1ca02cdc449425076bc,2026-07-16T14:46:51+00:00,82,91,116,76,9.367,26.600000000000023,35,fit:8f648c8c3d5f8766c64c8ea0e0d3c3d2b9515b2f6673a1ca02cdc449425076bc:segment:003,3,4598.0,4548,activities/103_260716153012.csv,1,1,0,0
fit:8f648c8c3d5f8766c64c8ea0e0d3c3d2b9515b2f6673a1ca02cdc449425076bc,2026-07-16T14:46:52+00:00,83,86,116,76,9.519,26.600000000000023,35,fit:8f648c8c3d5f8766c64c8ea0e0d3c3d2b9515b2f6673a1ca02cdc449425076bc:segment:003,3,4599.0,4549,activities/103_260716153012.csv,1,1,0,0
fit:8f648c8c3d5f8766c64c8ea0e0d3c3d2b9515b2f6673a1ca02cdc449425076bc,2026-07-16T14:46:53+00:00,84,145,115,76,9.536,26.600000000000023,35,fit:8f648c8c3d5f8766c64c8ea0e0d3c3d2b9515b2f6673a1ca02cdc449425076bc:segment:003,3,4600.0,4550,activities/103_260716153012.csv,1,1,0,0
fit:8f648c8c3d5f8766c64c8ea0e0d3c3d2b9515b2f6673a1ca02cdc449425076bc,2026-07-16T14:46:54+00:00,85,118,115,76,9.299,26.600000000000023,35,fit:8f648c8c3d5f8766c64c8ea0e0d3c3d2b9515b2f6673a1ca02cdc449425076bc:segment:003,3,4601.0,4551,activities/103_260716153012.csv,1,1,0,0
fit:8f648c8c3d5f8766c64c8ea0e0d3c3d2b9515b2f6673a1ca02cdc449425076bc,2026-07-16T14:46:55+00:00,86,77,115,86,9.328,27.0,35,fit:8f648c8c3d5f8766c64c8ea0e0d3c3d2b9515b2f6673a1ca02cdc449425076bc:segment:003,3,4602.0,4552,activities/103_260716153012.csv,1,1,0,0
fit:8f648c8c3d5f8766c64c8ea0e0d3c3d2b9515b2f6673a1ca02cdc449425076bc,2026-07-16T14:46:56+00:00,87,76,114,86,9.353,27.0,35,fit:8f648c8c3d5f8766c64c8ea0e0d3c3d2b9515b2f6673a1ca02cdc449425076bc:segment:003,3,4603.0,4553,activities/103_260716153012.csv,1,1,0,0
fit:8f648c8c3d5f8766c64c8ea0e0d3c3d2b9515b2f6673a1ca02cdc449425076bc,2026-07-16T14:46:57+00:00,88,76,114,86,9.396,27.0,35,fit:8f648c8c3d5f8766c64c8ea0e0d3c3d2b9515b2f6673a1ca02cdc449425076bc:segment:003,3,4604.0,4554,activities/103_260716153012.csv,1,1,0,0
fit:8f648c8c3d5f8766c64c8ea0e0d3c3d2b9515b2f6673a1ca02cdc449425076bc,2026-07-16T14:46:58+00:00,89,187,114,21,9.441,26.799999999999955,35,fit:8f648c8c3d5f8766c64c8ea0e0d3c3d2b9515b2f6673a1ca02cdc449425076bc:segment:003,3,4605.0,4555,activities/103_260716153012.csv,1,1,0,0
fit:8f648c8c3d5f8766c64c8ea0e0d3c3d2b9515b2f6673a1ca02cdc449425076bc,2026-07-16T14:46:59+00:00,90,194,114,86,9.441,26.399999999999977,35,fit:8f648c8c3d5f8766c64c8ea0e0d3c3d2b9515b2f6673a1ca02cdc449425076bc:segment:003,3,4606.0,4556,activities/103_260716153012.csv,1,1,0,0
fit:8f648c8c3d5f8766c64c8ea0e0d3c3d2b9515b2f6673a1ca02cdc449425076bc,2026-07-16T14:47:00+00:00,91,173,115,86,9.553,26.399999999999977,35,fit:8f648c8c3d5f8766c64c8ea0e0d3c3d2b9515b2f6673a1ca02cdc449425076bc:segment:003,3,4607.0,4557,activities/103_260716153012.csv,1,1,0,0
fit:8f648c8c3d5f8766c64c8ea0e0d3c3d2b9515b2f6673a1ca02cdc449425076bc,2026-07-16T14:47:01+00:00,92,174,115,86,9.454,26.399999999999977,35,fit:8f648c8c3d5f8766c64c8ea0e0d3c3d2b9515b2f6673a1ca02cdc449425076bc:segment:003,3,4608.0,4558,activities/103_260716153012.csv,1,1,0,0
fit:8f648c8c3d5f8766c64c8ea0e0d3c3d2b9515b2f6673a1ca02cdc449425076bc,2026-07-16T14:47:02+00:00,93,142,117,86,9.441,26.399999999999977,35,fit:8f648c8c3d5f8766c64c8ea0e0d3c3d2b9515b2f6673a1ca02cdc449425076bc:segment:003,3,4609.0,4559,activities/103_260716153012.csv,1,1,0,0
fit:8f648c8c3d5f8766c64c8ea0e0d3c3d2b9515b2f6673a1ca02cdc449425076bc,2026-07-16T14:47:03+00:00,94,142,119,85,9.348,26.200000000000045,35,fit:8f648c8c3d5f8766c64c8ea0e0d3c3d2b9515b2f6673a1ca02cdc449425076bc:segment:003,3,4610.0,4560,activities/103_260716153012.csv,1,1,0,0
fit:8f648c8c3d5f8766c64c8ea0e0d3c3d2b9515b2f6673a1ca02cdc449425076bc,2026-07-16T14:47:04+00:00,95,173,121,85,9.312,26.200000000000045,35,fit:8f648c8c3d5f8766c64c8ea0e0d3c3d2b9515b2f6673a1ca02cdc449425076bc:segment:003,3,4611.0,4561,activities/103_260716153012.csv,1,1,0,0
fit:8f648c8c3d5f8766c64c8ea0e0d3c3d2b9515b2f6673a1ca02cdc449425076bc,2026-07-16T14:47:05+00:00,96,181,121,86,9.37,26.200000000000045,35,fit:8f648c8c3d5f8766c64c8ea0e0d3c3d2b9515b2f6673a1ca02cdc449425076bc:segment:003,3,4612.0,4562,activities/103_260716153012.csv,1,1,0,0
fit:8f648c8c3d5f8766c64c8ea0e0d3c3d2b9515b2f6673a1ca02cdc449425076bc,2026-07-16T14:47:06+00:00,97,156,124,86,9.474,26.200000000000045,35,fit:8f648c8c3d5f8766c64c8ea0e0d3c3d2b9515b2f6673a1ca02cdc449425076bc:segment:003,3,4613.0,4563,activities/103_260716153012.csv,1,1,0,0
fit:8f648c8c3d5f8766c64c8ea0e0d3c3d2b9515b2f6673a1ca02cdc449425076bc,2026-07-16T14:47:07+00:00,98,139,127,87,9.507,25.799999999999955,35,fit:8f648c8c3d5f8766c64c8ea0e0d3c3d2b9515b2f6673a1ca02cdc449425076bc:segment:003,3,4614.0,4564,activities/103_260716153012.csv,1,1,0,0
fit:8f648c8c3d5f8766c64c8ea0e0d3c3d2b9515b2f6673a1ca02cdc449425076bc,2026-07-16T14:47:08+00:00,99,123,129,87,9.529,25.799999999999955,35,fit:8f648c8c3d5f8766c64c8ea0e0d3c3d2b9515b2f6673a1ca02cdc449425076bc:segment:003,3,4615.0,4565,activities/103_260716153012.csv,1,1,0,0
fit:8f648c8c3d5f8766c64c8ea0e0d3c3d2b9515b2f6673a1ca02cdc449425076bc,2026-07-16T14:47:09+00:00,100,113,129,87,9.609,25.799999999999955,35,fit:8f648c8c3d5f8766c64c8ea0e0d3c3d2b9515b2f6673a1ca02cdc449425076bc:segment:003,3,4616.0,4566,activities/103_260716153012.csv,1,1,0,0
fit:8f648c8c3d5f8766c64c8ea0e0d3c3d2b9515b2f6673a1ca02cdc449425076bc,2026-07-16T14:47:10+00:00,101,113,130,88,9.636,26.0,35,fit:8f648c8c3d5f8766c64c8ea0e0d3c3d2b9515b2f6673a1ca02cdc449425076bc:segment:003,3,4617.0,4567,activities/103_260716153012.csv,1,1,0,0
fit:8f648c8c3d5f8766c64c8ea0e0d3c3d2b9515b2f6673a1ca02cdc449425076bc,2026-07-16T14:47:11+00:00,102,104,130,88,9.577,26.0,35,fit:8f648c8c3d5f8766c64c8ea0e0d3c3d2b9515b2f6673a1ca02cdc449425076bc:segment:003,3,4618.0,4568,activities/103_260716153012.csv,1,1,0,0
fit:8f648c8c3d5f8766c64c8ea0e0d3c3d2b9515b2f6673a1ca02cdc449425076bc,2026-07-16T14:47:12+00:00,103,103,130,87,9.566,26.0,35,fit:8f648c8c3d5f8766c64c8ea0e0d3c3d2b9515b2f6673a1ca02cdc449425076bc:segment:003,3,4619.0,4569,activities/103_260716153012.csv,1,1,0,0
fit:8f648c8c3d5f8766c64c8ea0e0d3c3d2b9515b2f6673a1ca02cdc449425076bc,2026-07-16T14:47:13+00:00,104,107,130,88,9.448,26.0,35,fit:8f648c8c3d5f8766c64c8ea0e0d3c3d2b9515b2f6673a1ca02cdc449425076bc:segment:003,3,4620.0,4570,activities/103_260716153012.csv,1,1,0,0
fit:8f648c8c3d5f8766c64c8ea0e0d3c3d2b9515b2f6673a1ca02cdc449425076bc,2026-07-16T14:47:14+00:00,105,115,130,88,9.522,26.0,35,fit:8f648c8c3d5f8766c64c8ea0e0d3c3d2b9515b2f6673a1ca02cdc449425076bc:segment:003,3,4621.0,4571,activities/103_260716153012.csv,1,1,0,0
fit:8f648c8c3d5f8766c64c8ea0e0d3c3d2b9515b2f6673a1ca02cdc449425076bc,2026-07-16T14:47:15+00:00,106,115,130,89,9.596,26.200000000000045,35,fit:8f648c8c3d5f8766c64c8ea0e0d3c3d2b9515b2f6673a1ca02cdc449425076bc:segment:003,3,4622.0,4572,activities/103_260716153012.csv,1,1,0,0
fit:8f648c8c3d5f8766c64c8ea0e0d3c3d2b9515b2f6673a1ca02cdc449425076bc,2026-07-16T14:47:16+00:00,107,114,130,89,9.563,26.200000000000045,35,fit:8f648c8c3d5f8766c64c8ea0e0d3c3d2b9515b2f6673a1ca02cdc449425076bc:segment:003,3,4623.0,4573,activities/103_260716153012.csv,1,1,0,0
fit:8f648c8c3d5f8766c64c8ea0e0d3c3d2b9515b2f6673a1ca02cdc449425076bc,2026-07-16T14:47:17+00:00,108,109,130,89,9.619,26.200000000000045,35,fit:8f648c8c3d5f8766c64c8ea0e0d3c3d2b9515b2f6673a1ca02cdc449425076bc:segment:003,3,4624.0,4574,activities/103_260716153012.csv,1,1,0,0
fit:8f648c8c3d5f8766c64c8ea0e0d3c3d2b9515b2f6673a1ca02cdc449425076bc,2026-07-16T14:47:18+00:00,109,117,130,89,9.659,25.399999999999977,35,fit:8f648c8c3d5f8766c64c8ea0e0d3c3d2b9515b2f6673a1ca02cdc449425076bc:segment:003,3,4625.0,4575,activities/103_260716153012.csv,1,1,0,0
fit:8f648c8c3d5f8766c64c8ea0e0d3c3d2b9515b2f6673a1ca02cdc449425076bc,2026-07-16T14:47:19+00:00,110,121,130,88,9.693,25.399999999999977,35,fit:8f648c8c3d5f8766c64c8ea0e0d3c3d2b9515b2f6673a1ca02cdc449425076bc:segment:003,3,4626.0,4576,activities/103_260716153012.csv,1,1,0,0
fit:8f648c8c3d5f8766c64c8ea0e0d3c3d2b9515b2f6673a1ca02cdc449425076bc,2026-07-16T14:47:20+00:00,111,123,129,88,9.701,25.399999999999977,35,fit:8f648c8c3d5f8766c64c8ea0e0d3c3d2b9515b2f6673a1ca02cdc449425076bc:segment:003,3,4627.0,4577,activities/103_260716153012.csv,1,1,0,0
fit:8f648c8c3d5f8766c64c8ea0e0d3c3d2b9515b2f6673a1ca02cdc449425076bc,2026-07-16T14:47:21+00:00,112,127,129,86,9.652,25.399999999999977,35,fit:8f648c8c3d5f8766c64c8ea0e0d3c3d2b9515b2f6673a1ca02cdc449425076bc:segment:003,3,4628.0,4578,activities/103_260716153012.csv,1,1,0,0
fit:8f648c8c3d5f8766c64c8ea0e0d3c3d2b9515b2f6673a1ca02cdc449425076bc,2026-07-16T14:47:22+00:00,113,118,129,85,9.58,24.600000000000023,35,fit:8f648c8c3d5f8766c64c8ea0e0d3c3d2b9515b2f6673a1ca02cdc449425076bc:segment:003,3,4629.0,4579,activities/103_260716153012.csv,1,1,0,0
fit:8f648c8c3d5f8766c64c8ea0e0d3c3d2b9515b2f6673a1ca02cdc449425076bc,2026-07-16T14:47:23+00:00,114,120,127,84,9.538,25.600000000000023,35,fit:8f648c8c3d5f8766c64c8ea0e0d3c3d2b9515b2f6673a1ca02cdc449425076bc:segment:003,3,4630.0,4580,activities/103_260716153012.csv,1,1,0,0
fit:8f648c8c3d5f8766c64c8ea0e0d3c3d2b9515b2f6673a1ca02cdc449425076bc,2026-07-16T14:47:24+00:00,115,131,126,84,9.422,25.600000000000023,35,fit:8f648c8c3d5f8766c64c8ea0e0d3c3d2b9515b2f6673a1ca02cdc449425076bc:segment:003,3,4631.0,4581,activities/103_260716153012.csv,1,1,0,0
fit:8f648c8c3d5f8766c64c8ea0e0d3c3d2b9515b2f6673a1ca02cdc449425076bc,2026-07-16T14:47:25+00:00,116,111,126,82,9.321,25.600000000000023,35,fit:8f648c8c3d5f8766c64c8ea0e0d3c3d2b9515b2f6673a1ca02cdc449425076bc:segment:003,3,4632.0,4582,activities/103_260716153012.csv,1,1,0,0
fit:8f648c8c3d5f8766c64c8ea0e0d3c3d2b9515b2f6673a1ca02cdc449425076bc,2026-07-16T14:47:26+00:00,117,100,126,80,9.142,25.600000000000023,35,fit:8f648c8c3d5f8766c64c8ea0e0d3c3d2b9515b2f6673a1ca02cdc449425076bc:segment:003,3,4633.0,4583,activities/103_260716153012.csv,1,1,0,0
fit:8f648c8c3d5f8766c64c8ea0e0d3c3d2b9515b2f6673a1ca02cdc449425076bc,2026-07-16T14:47:27+00:00,118,81,126,78,8.898,24.799999999999955,35,fit:8f648c8c3d5f8766c64c8ea0e0d3c3d2b9515b2f6673a1ca02cdc449425076bc:segment:003,3,4634.0,4584,activities/103_260716153012.csv,1,1,0,0
fit:8f648c8c3d5f8766c64c8ea0e0d3c3d2b9515b2f6673a1ca02cdc449425076bc,2026-07-16T14:47:28+00:00,119,82,125,55,8.617,24.799999999999955,35,fit:8f648c8c3d5f8766c64c8ea0e0d3c3d2b9515b2f6673a1ca02cdc449425076bc:segment:003,3,4635.0,4585,activities/103_260716153012.csv,1,1,0,0
fit:8f648c8c3d5f8766c64c8ea0e0d3c3d2b9515b2f6673a1ca02cdc449425076bc,2026-07-16T14:47:29+00:00,120,55,124,55,8.226,24.799999999999955,35,fit:8f648c8c3d5f8766c64c8ea0e0d3c3d2b9515b2f6673a1ca02cdc449425076bc:segment:003,3,4636.0,4586,activities/103_260716153012.csv,1,1,0,0
fit:8f648c8c3d5f8766c64c8ea0e0d3c3d2b9515b2f6673a1ca02cdc449425076bc,2026-07-16T14:47:30+00:00,121,171,124,75,7.903,24.799999999999955,35,fit:8f648c8c3d5f8766c64c8ea0e0d3c3d2b9515b2f6673a1ca02cdc449425076bc:segment:003,3,4637.0,4587,activities/103_260716153012.csv,1,1,0,0
fit:8f648c8c3d5f8766c64c8ea0e0d3c3d2b9515b2f6673a1ca02cdc449425076bc,2026-07-16T14:47:31+00:00,122,156,123,78,8.031,26.600000000000023,35,fit:8f648c8c3d5f8766c64c8ea0e0d3c3d2b9515b2f6673a1ca02cdc449425076bc:segment:003,3,4638.0,4588,activities/103_260716153012.csv,1,1,0,0
fit:8f648c8c3d5f8766c64c8ea0e0d3c3d2b9515b2f6673a1ca02cdc449425076bc,2026-07-16T14:47:32+00:00,123,106,122,83,8.35,26.600000000000023,35,fit:8f648c8c3d5f8766c64c8ea0e0d3c3d2b9515b2f6673a1ca02cdc449425076bc:segment:003,3,4639.0,4589,activities/103_260716153012.csv,1,1,0,0
fit:8f648c8c3d5f8766c64c8ea0e0d3c3d2b9515b2f6673a1ca02cdc449425076bc,2026-07-16T14:47:33+00:00,124,108,121,85,8.772,26.600000000000023,35,fit:8f648c8c3d5f8766c64c8ea0e0d3c3d2b9515b2f6673a1ca02cdc449425076bc:segment:003,3,4640.0,4590,activities/103_260716153012.csv,1,1,0,0
fit:8f648c8c3d5f8766c64c8ea0e0d3c3d2b9515b2f6673a1ca02cdc449425076bc,2026-07-16T14:47:34+00:00,125,89,120,86,9.129,25.600000000000023,35,fit:8f648c8c3d5f8766c64c8ea0e0d3c3d2b9515b2f6673a1ca02cdc449425076bc:segment:003,3,4641.0,4591,activities/103_260716153012.csv,1,1,0,0
fit:8f648c8c3d5f8766c64c8ea0e0d3c3d2b9515b2f6673a1ca02cdc449425076bc,2026-07-16T14:47:35+00:00,126,88,119,86,9.355,24.399999999999977,35,fit:8f648c8c3d5f8766c64c8ea0e0d3c3d2b9515b2f6673a1ca02cdc449425076bc:segment:003,3,4642.0,4592,activities/103_260716153012.csv,1,1,0,0
fit:8f648c8c3d5f8766c64c8ea0e0d3c3d2b9515b2f6673a1ca02cdc449425076bc,2026-07-16T14:47:36+00:00,127,88,119,86,9.434,24.399999999999977,35,fit:8f648c8c3d5f8766c64c8ea0e0d3c3d2b9515b2f6673a1ca02cdc449425076bc:segment:003,3,4643.0,4593,activities/103_260716153012.csv,1,1,0,0
fit:8f648c8c3d5f8766c64c8ea0e0d3c3d2b9515b2f6673a1ca02cdc449425076bc,2026-07-16T14:47:37+00:00,128,88,118,86,9.467,24.399999999999977,35,fit:8f648c8c3d5f8766c64c8ea0e0d3c3d2b9515b2f6673a1ca02cdc449425076bc:segment:003,3,4644.0,4594,activities/103_260716153012.csv,1,1,0,0
fit:8f648c8c3d5f8766c64c8ea0e0d3c3d2b9515b2f6673a1ca02cdc449425076bc,2026-07-16T14:47:38+00:00,129,88,118,29,9.376,24.399999999999977,35,fit:8f648c8c3d5f8766c64c8ea0e0d3c3d2b9515b2f6673a1ca02cdc449425076bc:segment:003,3,4645.0,4595,activities/103_260716153012.csv,1,1,0,0
fit:8f648c8c3d5f8766c64c8ea0e0d3c3d2b9515b2f6673a1ca02cdc449425076bc,2026-07-16T14:47:39+00:00,130,110,118,85,9.355,24.399999999999977,35,fit:8f648c8c3d5f8766c64c8ea0e0d3c3d2b9515b2f6673a1ca02cdc449425076bc:segment:003,3,4646.0,4596,activities/103_260716153012.csv,1,1,0,0
fit:8f648c8c3d5f8766c64c8ea0e0d3c3d2b9515b2f6673a1ca02cdc449425076bc,2026-07-16T14:47:40+00:00,131,118,117,85,9.334,24.399999999999977,35,fit:8f648c8c3d5f8766c64c8ea0e0d3c3d2b9515b2f6673a1ca02cdc449425076bc:segment:003,3,4647.0,4597,activities/103_260716153012.csv,1,1,0,0
fit:8f648c8c3d5f8766c64c8ea0e0d3c3d2b9515b2f6673a1ca02cdc449425076bc,2026-07-16T14:47:41+00:00,132,133,117,85,9.343,24.399999999999977,35,fit:8f648c8c3d5f8766c64c8ea0e0d3c3d2b9515b2f6673a1ca02cdc449425076bc:segment:003,3,4648.0,4598,activities/103_260716153012.csv,1,1,0,0
fit:8f648c8c3d5f8766c64c8ea0e0d3c3d2b9515b2f6673a1ca02cdc449425076bc,2026-07-16T14:47:42+00:00,133,118,117,85,9.431,24.0,35,fit:8f648c8c3d5f8766c64c8ea0e0d3c3d2b9515b2f6673a1ca02cdc449425076bc:segment:003,3,4649.0,4599,activities/103_260716153012.csv,1,1,0,0
fit:8f648c8c3d5f8766c64c8ea0e0d3c3d2b9515b2f6673a1ca02cdc449425076bc,2026-07-16T14:47:43+00:00,134,118,118,85,9.389,24.200000000000045,35,fit:8f648c8c3d5f8766c64c8ea0e0d3c3d2b9515b2f6673a1ca02cdc449425076bc:segment:003,3,4650.0,4600,activities/103_260716153012.csv,1,1,0,0
fit:8f648c8c3d5f8766c64c8ea0e0d3c3d2b9515b2f6673a1ca02cdc449425076bc,2026-07-16T14:47:44+00:00,135,130,118,84,9.434,24.200000000000045,35,fit:8f648c8c3d5f8766c64c8ea0e0d3c3d2b9515b2f6673a1ca02cdc449425076bc:segment:003,3,4651.0,4601,activities/103_260716153012.csv,1,1,0,0
fit:8f648c8c3d5f8766c64c8ea0e0d3c3d2b9515b2f6673a1ca02cdc449425076bc,2026-07-16T14:47:45+00:00,136,132,118,83,9.36,24.200000000000045,35,fit:8f648c8c3d5f8766c64c8ea0e0d3c3d2b9515b2f6673a1ca02cdc449425076bc:segment:003,3,4652.0,4602,activities/103_260716153012.csv,1,1,0,0
fit:8f648c8c3d5f8766c64c8ea0e0d3c3d2b9515b2f6673a1ca02cdc449425076bc,2026-07-16T14:47:46+00:00,137,132,119,82,9.141,24.0,35,fit:8f648c8c3d5f8766c64c8ea0e0d3c3d2b9515b2f6673a1ca02cdc449425076bc:segment:003,3,4653.0,4603,activities/103_260716153012.csv,1,1,0,0
fit:8f648c8c3d5f8766c64c8ea0e0d3c3d2b9515b2f6673a1ca02cdc449425076bc,2026-07-16T14:47:47+00:00,138,139,121,82,9.059,26.600000000000023,35,fit:8f648c8c3d5f8766c64c8ea0e0d3c3d2b9515b2f6673a1ca02cdc449425076bc:segment:003,3,4654.0,4604,activities/103_260716153012.csv,1,1,0,0
fit:8f648c8c3d5f8766c64c8ea0e0d3c3d2b9515b2f6673a1ca02cdc449425076bc,2026-07-16T14:47:48+00:00,139,148,121,80,8.996,26.600000000000023,35,fit:8f648c8c3d5f8766c64c8ea0e0d3c3d2b9515b2f6673a1ca02cdc449425076bc:segment:003,3,4655.0,4605,activities/103_260716153012.csv,1,1,0,0
fit:8f648c8c3d5f8766c64c8ea0e0d3c3d2b9515b2f6673a1ca02cdc449425076bc,2026-07-16T14:47:49+00:00,140,133,123,80,9.032,26.600000000000023,35,fit:8f648c8c3d5f8766c64c8ea0e0d3c3d2b9515b2f6673a1ca02cdc449425076bc:segment:003,3,4656.0,4606,activities/103_260716153012.csv,1,1,0,0
fit:8f648c8c3d5f8766c64c8ea0e0d3c3d2b9515b2f6673a1ca02cdc449425076bc,2026-07-16T14:47:50+00:00,141,129,124,81,8.887,26.600000000000023,35,fit:8f648c8c3d5f8766c64c8ea0e0d3c3d2b9515b2f6673a1ca02cdc449425076bc:segment:003,3,4657.0,4607,activities/103_260716153012.csv,1,1,0,0
fit:8f648c8c3d5f8766c64c8ea0e0d3c3d2b9515b2f6673a1ca02cdc449425076bc,2026-07-16T14:47:51+00:00,142,133,125,81,8.868,26.200000000000045,35,fit:8f648c8c3d5f8766c64c8ea0e0d3c3d2b9515b2f6673a1ca02cdc449425076bc:segment:003,3,4658.0,4608,activities/103_260716153012.csv,1,1,0,0
fit:8f648c8c3d5f8766c64c8ea0e0d3c3d2b9515b2f6673a1ca02cdc449425076bc,2026-07-16T14:47:52+00:00,143,167,125,81,8.825,26.200000000000045,35,fit:8f648c8c3d5f8766c64c8ea0e0d3c3d2b9515b2f6673a1ca02cdc449425076bc:segment:003,3,4659.0,4609,activities/103_260716153012.csv,1,1,0,0
fit:8f648c8c3d5f8766c64c8ea0e0d3c3d2b9515b2f6673a1ca02cdc449425076bc,2026-07-16T14:47:53+00:00,144,156,125,82,8.839,26.200000000000045,35,fit:8f648c8c3d5f8766c64c8ea0e0d3c3d2b9515b2f6673a1ca02cdc449425076bc:segment:003,3,4660.0,4610,activities/103_260716153012.csv,1,1,0,0
fit:8f648c8c3d5f8766c64c8ea0e0d3c3d2b9515b2f6673a1ca02cdc449425076bc,2026-07-16T14:47:54+00:00,145,122,124,82,8.862,25.600000000000023,35,fit:8f648c8c3d5f8766c64c8ea0e0d3c3d2b9515b2f6673a1ca02cdc449425076bc:segment:003,3,4661.0,4611,activities/103_260716153012.csv,1,1,0,0
fit:8f648c8c3d5f8766c64c8ea0e0d3c3d2b9515b2f6673a1ca02cdc449425076bc,2026-07-16T14:47:55+00:00,146,120,124,83,8.588,25.600000000000023,35,fit:8f648c8c3d5f8766c64c8ea0e0d3c3d2b9515b2f6673a1ca02cdc449425076bc:segment:003,3,4662.0,4612,activities/103_260716153012.csv,1,1,0,0
fit:8f648c8c3d5f8766c64c8ea0e0d3c3d2b9515b2f6673a1ca02cdc449425076bc,2026-07-16T14:47:56+00:00,147,116,124,83,8.807,25.600000000000023,35,fit:8f648c8c3d5f8766c64c8ea0e0d3c3d2b9515b2f6673a1ca02cdc449425076bc:segment:003,3,4663.0,4613,activities/103_260716153012.csv,1,1,0,0
fit:8f648c8c3d5f8766c64c8ea0e0d3c3d2b9515b2f6673a1ca02cdc449425076bc,2026-07-16T14:47:57+00:00,148,121,124,84,9.025,25.600000000000023,36,fit:8f648c8c3d5f8766c64c8ea0e0d3c3d2b9515b2f6673a1ca02cdc449425076bc:segment:003,3,4664.0,4614,activities/103_260716153012.csv,1,1,0,0
fit:8f648c8c3d5f8766c64c8ea0e0d3c3d2b9515b2f6673a1ca02cdc449425076bc,2026-07-16T14:47:58+00:00,149,114,124,84,9.064,24.600000000000023,36,fit:8f648c8c3d5f8766c64c8ea0e0d3c3d2b9515b2f6673a1ca02cdc449425076bc:segment:003,3,4665.0,4615,activities/103_260716153012.csv,1,1,0,0
fit:8f648c8c3d5f8766c64c8ea0e0d3c3d2b9515b2f6673a1ca02cdc449425076bc,2026-07-16T14:47:59+00:00,150,120,124,85,9.235,24.600000000000023,36,fit:8f648c8c3d5f8766c64c8ea0e0d3c3d2b9515b2f6673a1ca02cdc449425076bc:segment:003,3,4666.0,4616,activities/103_260716153012.csv,1,1,0,0
fit:8f648c8c3d5f8766c64c8ea0e0d3c3d2b9515b2f6673a1ca02cdc449425076bc,2026-07-16T14:48:00+00:00,151,121,124,85,9.34,24.600000000000023,36,fit:8f648c8c3d5f8766c64c8ea0e0d3c3d2b9515b2f6673a1ca02cdc449425076bc:segment:003,3,4667.0,4617,activities/103_260716153012.csv,1,1,0,0
fit:8f648c8c3d5f8766c64c8ea0e0d3c3d2b9515b2f6673a1ca02cdc449425076bc,2026-07-16T14:48:01+00:00,152,114,124,84,9.262,24.600000000000023,36,fit:8f648c8c3d5f8766c64c8ea0e0d3c3d2b9515b2f6673a1ca02cdc449425076bc:segment:003,3,4668.0,4618,activities/103_260716153012.csv,1,1,0,0
fit:8f648c8c3d5f8766c64c8ea0e0d3c3d2b9515b2f6673a1ca02cdc449425076bc,2026-07-16T14:48:02+00:00,153,150,124,84,9.245,24.600000000000023,36,fit:8f648c8c3d5f8766c64c8ea0e0d3c3d2b9515b2f6673a1ca02cdc449425076bc:segment:003,3,4669.0,4619,activities/103_260716153012.csv,1,1,0,0
fit:8f648c8c3d5f8766c64c8ea0e0d3c3d2b9515b2f6673a1ca02cdc449425076bc,2026-07-16T14:48:03+00:00,154,138,124,85,9.302,24.399999999999977,36,fit:8f648c8c3d5f8766c64c8ea0e0d3c3d2b9515b2f6673a1ca02cdc449425076bc:segment:003,3,4670.0,4620,activities/103_260716153012.csv,1,1,0,0
fit:8f648c8c3d5f8766c64c8ea0e0d3c3d2b9515b2f6673a1ca02cdc449425076bc,2026-07-16T14:48:04+00:00,155,137,124,85,9.309,24.200000000000045,36,fit:8f648c8c3d5f8766c64c8ea0e0d3c3d2b9515b2f6673a1ca02cdc449425076bc:segment:003,3,4671.0,4621,activities/103_260716153012.csv,1,1,0,0
fit:8f648c8c3d5f8766c64c8ea0e0d3c3d2b9515b2f6673a1ca02cdc449425076bc,2026-07-16T14:48:05+00:00,156,138,124,85,9.347,24.200000000000045,36,fit:8f648c8c3d5f8766c64c8ea0e0d3c3d2b9515b2f6673a1ca02cdc449425076bc:segment:003,3,4672.0,4622,activities/103_260716153012.csv,1,1,0,0
fit:8f648c8c3d5f8766c64c8ea0e0d3c3d2b9515b2f6673a1ca02cdc449425076bc,2026-07-16T14:48:06+00:00,157,138,124,85,9.363,24.200000000000045,36,fit:8f648c8c3d5f8766c64c8ea0e0d3c3d2b9515b2f6673a1ca02cdc449425076bc:segment:003,3,4673.0,4623,activities/103_260716153012.csv,1,1,0,0
fit:8f648c8c3d5f8766c64c8ea0e0d3c3d2b9515b2f6673a1ca02cdc449425076bc,2026-07-16T14:48:07+00:00,158,129,124,85,9.343,24.200000000000045,36,fit:8f648c8c3d5f8766c64c8ea0e0d3c3d2b9515b2f6673a1ca02cdc449425076bc:segment:003,3,4674.0,4624,activities/103_260716153012.csv,1,1,0,0
fit:8f648c8c3d5f8766c64c8ea0e0d3c3d2b9515b2f6673a1ca02cdc449425076bc,2026-07-16T14:48:08+00:00,159,126,124,85,9.324,23.399999999999977,36,fit:8f648c8c3d5f8766c64c8ea0e0d3c3d2b9515b2f6673a1ca02cdc449425076bc:segment:003,3,4675.0,4625,activities/103_260716153012.csv,1,1,0,0
fit:8f648c8c3d5f8766c64c8ea0e0d3c3d2b9515b2f6673a1ca02cdc449425076bc,2026-07-16T14:48:09+00:00,160,123,124,85,9.269,23.399999999999977,36,fit:8f648c8c3d5f8766c64c8ea0e0d3c3d2b9515b2f6673a1ca02cdc449425076bc:segment:003,3,4676.0,4626,activities/103_260716153012.csv,1,1,0,0
fit:8f648c8c3d5f8766c64c8ea0e0d3c3d2b9515b2f6673a1ca02cdc449425076bc,2026-07-16T14:48:10+00:00,161,123,124,85,9.286,23.399999999999977,36,fit:8f648c8c3d5f8766c64c8ea0e0d3c3d2b9515b2f6673a1ca02cdc449425076bc:segment:003,3,4677.0,4627,activities/103_260716153012.csv,1,1,0,0
fit:8f648c8c3d5f8766c64c8ea0e0d3c3d2b9515b2f6673a1ca02cdc449425076bc,2026-07-16T14:48:11+00:00,162,117,125,84,9.344,24.200000000000045,36,fit:8f648c8c3d5f8766c64c8ea0e0d3c3d2b9515b2f6673a1ca02cdc449425076bc:segment:003,3,4678.0,4628,activities/103_260716153012.csv,1,1,0,0
fit:8f648c8c3d5f8766c64c8ea0e0d3c3d2b9515b2f6673a1ca02cdc449425076bc,2026-07-16T14:48:12+00:00,163,153,125,83,9.384,24.0,36,fit:8f648c8c3d5f8766c64c8ea0e0d3c3d2b9515b2f6673a1ca02cdc449425076bc:segment:003,3,4679.0,4629,activities/103_260716153012.csv,1,1,0,0
fit:8f648c8c3d5f8766c64c8ea0e0d3c3d2b9515b2f6673a1ca02cdc449425076bc,2026-07-16T14:48:13+00:00,164,134,125,84,9.299,24.0,36,fit:8f648c8c3d5f8766c64c8ea0e0d3c3d2b9515b2f6673a1ca02cdc449425076bc:segment:003,3,4680.0,4630,activities/103_260716153012.csv,1,1,0,0
fit:8f648c8c3d5f8766c64c8ea0e0d3c3d2b9515b2f6673a1ca02cdc449425076bc,2026-07-16T14:48:14+00:00,165,139,125,84,9.293,24.0,36,fit:8f648c8c3d5f8766c64c8ea0e0d3c3d2b9515b2f6673a1ca02cdc449425076bc:segment:003,3,4681.0,4631,activities/103_260716153012.csv,1,1,0,0
fit:8f648c8c3d5f8766c64c8ea0e0d3c3d2b9515b2f6673a1ca02cdc449425076bc,2026-07-16T14:48:15+00:00,166,139,124,84,9.384,24.0,36,fit:8f648c8c3d5f8766c64c8ea0e0d3c3d2b9515b2f6673a1ca02cdc449425076bc:segment:003,3,4682.0,4632,activities/103_260716153012.csv,1,1,0,0
fit:8f648c8c3d5f8766c64c8ea0e0d3c3d2b9515b2f6673a1ca02cdc449425076bc,2026-07-16T14:48:16+00:00,167,136,124,84,9.288,24.0,36,fit:8f648c8c3d5f8766c64c8ea0e0d3c3d2b9515b2f6673a1ca02cdc449425076bc:segment:003,3,4683.0,4633,activities/103_260716153012.csv,1,1,0,0
fit:8f648c8c3d5f8766c64c8ea0e0d3c3d2b9515b2f6673a1ca02cdc449425076bc,2026-07-16T14:48:17+00:00,168,125,124,84,9.301,24.0,36,fit:8f648c8c3d5f8766c64c8ea0e0d3c3d2b9515b2f6673a1ca02cdc449425076bc:segment:003,3,4684.0,4634,activities/103_260716153012.csv,1,1,0,0
fit:8f648c8c3d5f8766c64c8ea0e0d3c3d2b9515b2f6673a1ca02cdc449425076bc,2026-07-16T14:48:18+00:00,169,126,124,84,9.337,24.0,36,fit:8f648c8c3d5f8766c64c8ea0e0d3c3d2b9515b2f6673a1ca02cdc449425076bc:segment:003,3,4685.0,4635,activities/103_260716153012.csv,1,1,0,0
fit:8f648c8c3d5f8766c64c8ea0e0d3c3d2b9515b2f6673a1ca02cdc449425076bc,2026-07-16T14:48:19+00:00,170,130,124,84,9.281,23.600000000000023,36,fit:8f648c8c3d5f8766c64c8ea0e0d3c3d2b9515b2f6673a1ca02cdc449425076bc:segment:003,3,4686.0,4636,activities/103_260716153012.csv,1,1,0,0
fit:8f648c8c3d5f8766c64c8ea0e0d3c3d2b9515b2f6673a1ca02cdc449425076bc,2026-07-16T14:48:20+00:00,171,131,124,84,9.254,24.200000000000045,36,fit:8f648c8c3d5f8766c64c8ea0e0d3c3d2b9515b2f6673a1ca02cdc449425076bc:segment:003,3,4687.0,4637,activities/103_260716153012.csv,1,1,0,0
fit:8f648c8c3d5f8766c64c8ea0e0d3c3d2b9515b2f6673a1ca02cdc449425076bc,2026-07-16T14:48:21+00:00,172,131,124,84,9.207,24.200000000000045,36,fit:8f648c8c3d5f8766c64c8ea0e0d3c3d2b9515b2f6673a1ca02cdc449425076bc:segment:003,3,4688.0,4638,activities/103_260716153012.csv,1,1,0,0
fit:8f648c8c3d5f8766c64c8ea0e0d3c3d2b9515b2f6673a1ca02cdc449425076bc,2026-07-16T14:48:22+00:00,173,113,124,82,9.191,24.200000000000045,36,fit:8f648c8c3d5f8766c64c8ea0e0d3c3d2b9515b2f6673a1ca02cdc449425076bc:segment:003,3,4689.0,4639,activities/103_260716153012.csv,1,1,0,0
fit:8f648c8c3d5f8766c64c8ea0e0d3c3d2b9515b2f6673a1ca02cdc449425076bc,2026-07-16T14:48:23+00:00,174,113,124,82,9.065,24.200000000000045,36,fit:8f648c8c3d5f8766c64c8ea0e0d3c3d2b9515b2f6673a1ca02cdc449425076bc:segment:003,3,4690.0,4640,activities/103_260716153012.csv,1,1,0,0
fit:8f648c8c3d5f8766c64c8ea0e0d3c3d2b9515b2f6673a1ca02cdc449425076bc,2026-07-16T14:48:24+00:00,175,128,124,82,9.007,23.799999999999955,36,fit:8f648c8c3d5f8766c64c8ea0e0d3c3d2b9515b2f6673a1ca02cdc449425076bc:segment:003,3,4691.0,4641,activities/103_260716153012.csv,1,1,0,0
fit:8f648c8c3d5f8766c64c8ea0e0d3c3d2b9515b2f6673a1ca02cdc449425076bc,2026-07-16T14:48:25+00:00,176,128,124,82,8.863,23.799999999999955,36,fit:8f648c8c3d5f8766c64c8ea0e0d3c3d2b9515b2f6673a1ca02cdc449425076bc:segment:003,3,4692.0,4642,activities/103_260716153012.csv,1,1,0,0
fit:8f648c8c3d5f8766c64c8ea0e0d3c3d2b9515b2f6673a1ca02cdc449425076bc,2026-07-16T14:48:26+00:00,177,110,124,83,8.615,23.799999999999955,36,fit:8f648c8c3d5f8766c64c8ea0e0d3c3d2b9515b2f6673a1ca02cdc449425076bc:segment:003,3,4693.0,4643,activities/103_260716153012.csv,1,1,0,0
fit:8f648c8c3d5f8766c64c8ea0e0d3c3d2b9515b2f6673a1ca02cdc449425076bc,2026-07-16T14:48:27+00:00,178,114,124,83,8.691,24.600000000000023,36,fit:8f648c8c3d5f8766c64c8ea0e0d3c3d2b9515b2f6673a1ca02cdc449425076bc:segment:003,3,4694.0,4644,activities/103_260716153012.csv,1,1,0,0
fit:8f648c8c3d5f8766c64c8ea0e0d3c3d2b9515b2f6673a1ca02cdc449425076bc,2026-07-16T14:48:28+00:00,179,120,124,84,8.886,24.0,36,fit:8f648c8c3d5f8766c64c8ea0e0d3c3d2b9515b2f6673a1ca02cdc449425076bc:segment:003,3,4695.0,4645,activities/103_260716153012.csv,1,1,0,0
fit:8f648c8c3d5f8766c64c8ea0e0d3c3d2b9515b2f6673a1ca02cdc449425076bc,2026-07-16T14:48:29+00:00,180,103,124,85,8.969,24.0,36,fit:8f648c8c3d5f8766c64c8ea0e0d3c3d2b9515b2f6673a1ca02cdc449425076bc:segment:003,3,4696.0,4646,activities/103_260716153012.csv,1,1,0,0
fit:8f648c8c3d5f8766c64c8ea0e0d3c3d2b9515b2f6673a1ca02cdc449425076bc,2026-07-16T14:48:30+00:00,181,99,124,85,9.017,24.0,36,fit:8f648c8c3d5f8766c64c8ea0e0d3c3d2b9515b2f6673a1ca02cdc449425076bc:segment:003,3,4697.0,4647,activities/103_260716153012.csv,1,1,0,0
fit:8f648c8c3d5f8766c64c8ea0e0d3c3d2b9515b2f6673a1ca02cdc449425076bc,2026-07-16T14:48:31+00:00,182,104,124,85,9.054,24.399999999999977,36,fit:8f648c8c3d5f8766c64c8ea0e0d3c3d2b9515b2f6673a1ca02cdc449425076bc:segment:003,3,4698.0,4648,activities/103_260716153012.csv,1,1,0,0
fit:8f648c8c3d5f8766c64c8ea0e0d3c3d2b9515b2f6673a1ca02cdc449425076bc,2026-07-16T14:48:32+00:00,183,96,124,85,9.115,24.200000000000045,36,fit:8f648c8c3d5f8766c64c8ea0e0d3c3d2b9515b2f6673a1ca02cdc449425076bc:segment:003,3,4699.0,4649,activities/103_260716153012.csv,1,1,0,0
fit:8f648c8c3d5f8766c64c8ea0e0d3c3d2b9515b2f6673a1ca02cdc449425076bc,2026-07-16T14:48:33+00:00,184,100,124,85,9.232,24.200000000000045,36,fit:8f648c8c3d5f8766c64c8ea0e0d3c3d2b9515b2f6673a1ca02cdc449425076bc:segment:003,3,4700.0,4650,activities/103_260716153012.csv,1,1,0,0
fit:8f648c8c3d5f8766c64c8ea0e0d3c3d2b9515b2f6673a1ca02cdc449425076bc,2026-07-16T14:48:34+00:00,185,132,124,85,9.33,24.200000000000045,36,fit:8f648c8c3d5f8766c64c8ea0e0d3c3d2b9515b2f6673a1ca02cdc449425076bc:segment:003,3,4701.0,4651,activities/103_260716153012.csv,1,1,0,0
fit:8f648c8c3d5f8766c64c8ea0e0d3c3d2b9515b2f6673a1ca02cdc449425076bc,2026-07-16T14:48:35+00:00,186,132,123,85,9.291,23.600000000000023,36,fit:8f648c8c3d5f8766c64c8ea0e0d3c3d2b9515b2f6673a1ca02cdc449425076bc:segment:003,3,4702.0,4652,activities/103_260716153012.csv,1,1,0,0
fit:8f648c8c3d5f8766c64c8ea0e0d3c3d2b9515b2f6673a1ca02cdc449425076bc,2026-07-16T14:48:36+00:00,187,140,123,84,9.287,23.399999999999977,36,fit:8f648c8c3d5f8766c64c8ea0e0d3c3d2b9515b2f6673a1ca02cdc449425076bc:segment:003,3,4703.0,4653,activities/103_260716153012.csv,1,1,0,0
fit:8f648c8c3d5f8766c64c8ea0e0d3c3d2b9515b2f6673a1ca02cdc449425076bc,2026-07-16T14:48:37+00:00,188,147,123,84,9.243,23.399999999999977,36,fit:8f648c8c3d5f8766c64c8ea0e0d3c3d2b9515b2f6673a1ca02cdc449425076bc:segment:003,3,4704.0,4654,activities/103_260716153012.csv,1,1,0,0
fit:8f648c8c3d5f8766c64c8ea0e0d3c3d2b9515b2f6673a1ca02cdc449425076bc,2026-07-16T14:48:38+00:00,189,147,123,84,9.223,23.399999999999977,36,fit:8f648c8c3d5f8766c64c8ea0e0d3c3d2b9515b2f6673a1ca02cdc449425076bc:segment:003,3,4705.0,4655,activities/103_260716153012.csv,1,1,0,0
fit:8f648c8c3d5f8766c64c8ea0e0d3c3d2b9515b2f6673a1ca02cdc449425076bc,2026-07-16T14:48:39+00:00,190,139,123,84,9.236,23.399999999999977,36,fit:8f648c8c3d5f8766c64c8ea0e0d3c3d2b9515b2f6673a1ca02cdc449425076bc:segment:003,3,4706.0,4656,activities/103_260716153012.csv,1,1,0,0
fit:8f648c8c3d5f8766c64c8ea0e0d3c3d2b9515b2f6673a1ca02cdc449425076bc,2026-07-16T14:48:40+00:00,191,121,123,84,9.25,23.200000000000045,36,fit:8f648c8c3d5f8766c64c8ea0e0d3c3d2b9515b2f6673a1ca02cdc449425076bc:segment:003,3,4707.0,4657,activities/103_260716153012.csv,1,1,0,0
fit:8f648c8c3d5f8766c64c8ea0e0d3c3d2b9515b2f6673a1ca02cdc449425076bc,2026-07-16T14:48:41+00:00,192,144,124,83,9.299,23.200000000000045,36,fit:8f648c8c3d5f8766c64c8ea0e0d3c3d2b9515b2f6673a1ca02cdc449425076bc:segment:003,3,4708.0,4658,activities/103_260716153012.csv,1,1,0,0
fit:8f648c8c3d5f8766c64c8ea0e0d3c3d2b9515b2f6673a1ca02cdc449425076bc,2026-07-16T14:48:42+00:00,193,144,124,82,9.219,23.200000000000045,36,fit:8f648c8c3d5f8766c64c8ea0e0d3c3d2b9515b2f6673a1ca02cdc449425076bc:segment:003,3,4709.0,4659,activities/103_260716153012.csv,1,1,0,0
fit:8f648c8c3d5f8766c64c8ea0e0d3c3d2b9515b2f6673a1ca02cdc449425076bc,2026-07-16T14:48:43+00:00,194,152,124,81,9.211,23.200000000000045,36,fit:8f648c8c3d5f8766c64c8ea0e0d3c3d2b9515b2f6673a1ca02cdc449425076bc:segment:003,3,4710.0,4660,activities/103_260716153012.csv,1,1,0,0
fit:8f648c8c3d5f8766c64c8ea0e0d3c3d2b9515b2f6673a1ca02cdc449425076bc,2026-07-16T14:48:44+00:00,195,163,125,80,9.098,23.799999999999955,36,fit:8f648c8c3d5f8766c64c8ea0e0d3c3d2b9515b2f6673a1ca02cdc449425076bc:segment:003,3,4711.0,4661,activities/103_260716153012.csv,1,1,0,0
fit:8f648c8c3d5f8766c64c8ea0e0d3c3d2b9515b2f6673a1ca02cdc449425076bc,2026-07-16T14:48:45+00:00,196,162,125,79,8.992,23.799999999999955,36,fit:8f648c8c3d5f8766c64c8ea0e0d3c3d2b9515b2f6673a1ca02cdc449425076bc:segment:003,3,4712.0,4662,activities/103_260716153012.csv,1,1,0,0
fit:8f648c8c3d5f8766c64c8ea0e0d3c3d2b9515b2f6673a1ca02cdc449425076bc,2026-07-16T14:48:46+00:00,197,166,125,79,8.771,23.799999999999955,36,fit:8f648c8c3d5f8766c64c8ea0e0d3c3d2b9515b2f6673a1ca02cdc449425076bc:segment:003,3,4713.0,4663,activities/103_260716153012.csv,1,1,0,0
fit:8f648c8c3d5f8766c64c8ea0e0d3c3d2b9515b2f6673a1ca02cdc449425076bc,2026-07-16T14:48:47+00:00,198,169,126,79,8.73,23.799999999999955,36,fit:8f648c8c3d5f8766c64c8ea0e0d3c3d2b9515b2f6673a1ca02cdc449425076bc:segment:003,3,4714.0,4664,activities/103_260716153012.csv,1,1,0,0
fit:8f648c8c3d5f8766c64c8ea0e0d3c3d2b9515b2f6673a1ca02cdc449425076bc,2026-07-16T14:48:48+00:00,199,148,127,79,8.688,24.200000000000045,36,fit:8f648c8c3d5f8766c64c8ea0e0d3c3d2b9515b2f6673a1ca02cdc449425076bc:segment:003,3,4715.0,4665,activities/103_260716153012.csv,1,1,0,0
fit:8f648c8c3d5f8766c64c8ea0e0d3c3d2b9515b2f6673a1ca02cdc449425076bc,2026-07-16T14:48:49+00:00,200,156,129,79,8.661,24.200000000000045,36,fit:8f648c8c3d5f8766c64c8ea0e0d3c3d2b9515b2f6673a1ca02cdc449425076bc:segment:003,3,4716.0,4666,activities/103_260716153012.csv,1,1,0,0
fit:8f648c8c3d5f8766c64c8ea0e0d3c3d2b9515b2f6673a1ca02cdc449425076bc,2026-07-16T14:48:50+00:00,201,145,129,80,8.692,24.200000000000045,36,fit:8f648c8c3d5f8766c64c8ea0e0d3c3d2b9515b2f6673a1ca02cdc449425076bc:segment:003,3,4717.0,4667,activities/103_260716153012.csv,1,1,0,0
fit:8f648c8c3d5f8766c64c8ea0e0d3c3d2b9515b2f6673a1ca02cdc449425076bc,2026-07-16T14:48:51+00:00,202,141,130,81,8.721,24.200000000000045,36,fit:8f648c8c3d5f8766c64c8ea0e0d3c3d2b9515b2f6673a1ca02cdc449425076bc:segment:003,3,4718.0,4668,activities/103_260716153012.csv,1,1,0,0
fit:8f648c8c3d5f8766c64c8ea0e0d3c3d2b9515b2f6673a1ca02cdc449425076bc,2026-07-16T14:48:52+00:00,203,158,131,82,8.768,24.399999999999977,36,fit:8f648c8c3d5f8766c64c8ea0e0d3c3d2b9515b2f6673a1ca02cdc449425076bc:segment:003,3,4719.0,4669,activities/103_260716153012.csv,1,1,0,0
fit:8f648c8c3d5f8766c64c8ea0e0d3c3d2b9515b2f6673a1ca02cdc449425076bc,2026-07-16T14:48:53+00:00,204,153,131,82,8.82,24.399999999999977,36,fit:8f648c8c3d5f8766c64c8ea0e0d3c3d2b9515b2f6673a1ca02cdc449425076bc:segment:003,3,4720.0,4670,activities/103_260716153012.csv,1,1,0,0
fit:8f648c8c3d5f8766c64c8ea0e0d3c3d2b9515b2f6673a1ca02cdc449425076bc,2026-07-16T14:48:54+00:00,205,125,132,83,8.965,24.399999999999977,36,fit:8f648c8c3d5f8766c64c8ea0e0d3c3d2b9515b2f6673a1ca02cdc449425076bc:segment:003,3,4721.0,4671,activities/103_260716153012.csv,1,1,0,0
fit:8f648c8c3d5f8766c64c8ea0e0d3c3d2b9515b2f6673a1ca02cdc449425076bc,2026-07-16T14:48:55+00:00,206,116,132,83,9.018,24.399999999999977,36,fit:8f648c8c3d5f8766c64c8ea0e0d3c3d2b9515b2f6673a1ca02cdc449425076bc:segment:003,3,4722.0,4672,activities/103_260716153012.csv,1,1,0,0
fit:8f648c8c3d5f8766c64c8ea0e0d3c3d2b9515b2f6673a1ca02cdc449425076bc,2026-07-16T14:48:56+00:00,207,106,132,83,9.043,24.399999999999977,36,fit:8f648c8c3d5f8766c64c8ea0e0d3c3d2b9515b2f6673a1ca02cdc449425076bc:segment:003,3,4723.0,4673,activities/103_260716153012.csv,1,1,0,0
fit:8f648c8c3d5f8766c64c8ea0e0d3c3d2b9515b2f6673a1ca02cdc449425076bc,2026-07-16T14:48:57+00:00,208,101,132,84,9.115,24.399999999999977,36,fit:8f648c8c3d5f8766c64c8ea0e0d3c3d2b9515b2f6673a1ca02cdc449425076bc:segment:003,3,4724.0,4674,activities/103_260716153012.csv,1,1,0,0
fit:8f648c8c3d5f8766c64c8ea0e0d3c3d2b9515b2f6673a1ca02cdc449425076bc,2026-07-16T14:48:58+00:00,209,97,131,84,9.203,24.399999999999977,36,fit:8f648c8c3d5f8766c64c8ea0e0d3c3d2b9515b2f6673a1ca02cdc449425076bc:segment:003,3,4725.0,4675,activities/103_260716153012.csv,1,1,0,0
fit:8f648c8c3d5f8766c64c8ea0e0d3c3d2b9515b2f6673a1ca02cdc449425076bc,2026-07-16T14:48:59+00:00,210,96,131,84,9.279,24.399999999999977,36,fit:8f648c8c3d5f8766c64c8ea0e0d3c3d2b9515b2f6673a1ca02cdc449425076bc:segment:003,3,4726.0,4676,activities/103_260716153012.csv,1,1,0,0
fit:8f648c8c3d5f8766c64c8ea0e0d3c3d2b9515b2f6673a1ca02cdc449425076bc,2026-07-16T14:49:00+00:00,211,101,131,84,9.209,24.0,36,fit:8f648c8c3d5f8766c64c8ea0e0d3c3d2b9515b2f6673a1ca02cdc449425076bc:segment:003,3,4727.0,4677,activities/103_260716153012.csv,1,1,0,0
fit:8f648c8c3d5f8766c64c8ea0e0d3c3d2b9515b2f6673a1ca02cdc449425076bc,2026-07-16T14:49:01+00:00,212,87,131,84,9.206,24.0,36,fit:8f648c8c3d5f8766c64c8ea0e0d3c3d2b9515b2f6673a1ca02cdc449425076bc:segment:003,3,4728.0,4678,activities/103_260716153012.csv,1,1,0,0
fit:8f648c8c3d5f8766c64c8ea0e0d3c3d2b9515b2f6673a1ca02cdc449425076bc,2026-07-16T14:49:02+00:00,213,92,131,84,9.251,24.0,36,fit:8f648c8c3d5f8766c64c8ea0e0d3c3d2b9515b2f6673a1ca02cdc449425076bc:segment:003,3,4729.0,4679,activities/103_260716153012.csv,1,1,0,0
fit:8f648c8c3d5f8766c64c8ea0e0d3c3d2b9515b2f6673a1ca02cdc449425076bc,2026-07-16T14:49:03+00:00,214,92,130,84,9.293,24.0,36,fit:8f648c8c3d5f8766c64c8ea0e0d3c3d2b9515b2f6673a1ca02cdc449425076bc:segment:003,3,4730.0,4680,activities/103_260716153012.csv,1,1,0,0
fit:8f648c8c3d5f8766c64c8ea0e0d3c3d2b9515b2f6673a1ca02cdc449425076bc,2026-07-16T14:49:04+00:00,215,97,130,83,9.307,24.0,36,fit:8f648c8c3d5f8766c64c8ea0e0d3c3d2b9515b2f6673a1ca02cdc449425076bc:segment:003,3,4731.0,4681,activities/103_260716153012.csv,1,1,0,0
fit:8f648c8c3d5f8766c64c8ea0e0d3c3d2b9515b2f6673a1ca02cdc449425076bc,2026-07-16T14:49:05+00:00,216,109,129,83,9.267,24.0,36,fit:8f648c8c3d5f8766c64c8ea0e0d3c3d2b9515b2f6673a1ca02cdc449425076bc:segment:003,3,4732.0,4682,activities/103_260716153012.csv,1,1,0,0
fit:8f648c8c3d5f8766c64c8ea0e0d3c3d2b9515b2f6673a1ca02cdc449425076bc,2026-07-16T14:49:06+00:00,217,131,128,83,9.199,24.0,36,fit:8f648c8c3d5f8766c64c8ea0e0d3c3d2b9515b2f6673a1ca02cdc449425076bc:segment:003,3,4733.0,4683,activities/103_260716153012.csv,1,1,0,0
fit:8f648c8c3d5f8766c64c8ea0e0d3c3d2b9515b2f6673a1ca02cdc449425076bc,2026-07-16T14:49:07+00:00,218,131,128,83,9.175,24.0,36,fit:8f648c8c3d5f8766c64c8ea0e0d3c3d2b9515b2f6673a1ca02cdc449425076bc:segment:003,3,4734.0,4684,activities/103_260716153012.csv,1,1,0,0
fit:8f648c8c3d5f8766c64c8ea0e0d3c3d2b9515b2f6673a1ca02cdc449425076bc,2026-07-16T14:49:08+00:00,219,129,126,83,9.152,23.399999999999977,36,fit:8f648c8c3d5f8766c64c8ea0e0d3c3d2b9515b2f6673a1ca02cdc449425076bc:segment:003,3,4735.0,4685,activities/103_260716153012.csv,1,1,0,0
fit:8f648c8c3d5f8766c64c8ea0e0d3c3d2b9515b2f6673a1ca02cdc449425076bc,2026-07-16T14:49:09+00:00,220,119,124,83,9.21,23.399999999999977,36,fit:8f648c8c3d5f8766c64c8ea0e0d3c3d2b9515b2f6673a1ca02cdc449425076bc:segment:003,3,4736.0,4686,activities/103_260716153012.csv,1,1,0,0
fit:8f648c8c3d5f8766c64c8ea0e0d3c3d2b9515b2f6673a1ca02cdc449425076bc,2026-07-16T14:49:10+00:00,221,108,123,83,9.144,23.399999999999977,36,fit:8f648c8c3d5f8766c64c8ea0e0d3c3d2b9515b2f6673a1ca02cdc449425076bc:segment:003,3,4737.0,4687,activities/103_260716153012.csv,1,1,0,0
fit:8f648c8c3d5f8766c64c8ea0e0d3c3d2b9515b2f6673a1ca02cdc449425076bc,2026-07-16T14:49:11+00:00,222,108,123,82,9.079,23.399999999999977,36,fit:8f648c8c3d5f8766c64c8ea0e0d3c3d2b9515b2f6673a1ca02cdc449425076bc:segment:003,3,4738.0,4688,activities/103_260716153012.csv,1,1,0,0
fit:8f648c8c3d5f8766c64c8ea0e0d3c3d2b9515b2f6673a1ca02cdc449425076bc,2026-07-16T14:49:12+00:00,223,136,122,82,9.02,23.600000000000023,36,fit:8f648c8c3d5f8766c64c8ea0e0d3c3d2b9515b2f6673a1ca02cdc449425076bc:segment:003,3,4739.0,4689,activities/103_260716153012.csv,1,1,0,0
fit:8f648c8c3d5f8766c64c8ea0e0d3c3d2b9515b2f6673a1ca02cdc449425076bc,2026-07-16T14:49:13+00:00,224,133,122,83,9.081,23.600000000000023,36,fit:8f648c8c3d5f8766c64c8ea0e0d3c3d2b9515b2f6673a1ca02cdc449425076bc:segment:003,3,4740.0,4690,activities/103_260716153012.csv,1,1,0,0
fit:8f648c8c3d5f8766c64c8ea0e0d3c3d2b9515b2f6673a1ca02cdc449425076bc,2026-07-16T14:49:14+00:00,225,127,122,82,9.097,23.600000000000023,36,fit:8f648c8c3d5f8766c64c8ea0e0d3c3d2b9515b2f6673a1ca02cdc449425076bc:segment:003,3,4741.0,4691,activities/103_260716153012.csv,1,1,0,0
fit:8f648c8c3d5f8766c64c8ea0e0d3c3d2b9515b2f6673a1ca02cdc449425076bc,2026-07-16T14:49:15+00:00,226,127,121,83,9.079,23.600000000000023,36,fit:8f648c8c3d5f8766c64c8ea0e0d3c3d2b9515b2f6673a1ca02cdc449425076bc:segment:003,3,4742.0,4692,activities/103_260716153012.csv,1,1,0,0
fit:8f648c8c3d5f8766c64c8ea0e0d3c3d2b9515b2f6673a1ca02cdc449425076bc,2026-07-16T14:49:16+00:00,227,129,121,83,9.1,24.0,36,fit:8f648c8c3d5f8766c64c8ea0e0d3c3d2b9515b2f6673a1ca02cdc449425076bc:segment:003,3,4743.0,4693,activities/103_260716153012.csv,1,1,0,0
fit:8f648c8c3d5f8766c64c8ea0e0d3c3d2b9515b2f6673a1ca02cdc449425076bc,2026-07-16T14:49:17+00:00,228,130,120,84,9.156,24.0,36,fit:8f648c8c3d5f8766c64c8ea0e0d3c3d2b9515b2f6673a1ca02cdc449425076bc:segment:003,3,4744.0,4694,activities/103_260716153012.csv,1,1,0,0
fit:8f648c8c3d5f8766c64c8ea0e0d3c3d2b9515b2f6673a1ca02cdc449425076bc,2026-07-16T14:49:18+00:00,229,101,120,84,9.268,24.0,36,fit:8f648c8c3d5f8766c64c8ea0e0d3c3d2b9515b2f6673a1ca02cdc449425076bc:segment:003,3,4745.0,4695,activities/103_260716153012.csv,1,1,0,0
fit:8f648c8c3d5f8766c64c8ea0e0d3c3d2b9515b2f6673a1ca02cdc449425076bc,2026-07-16T14:49:19+00:00,230,110,119,84,9.247,23.600000000000023,36,fit:8f648c8c3d5f8766c64c8ea0e0d3c3d2b9515b2f6673a1ca02cdc449425076bc:segment:003,3,4746.0,4696,activities/103_260716153012.csv,1,1,0,0
fit:8f648c8c3d5f8766c64c8ea0e0d3c3d2b9515b2f6673a1ca02cdc449425076bc,2026-07-16T14:49:20+00:00,231,110,119,84,9.222,23.600000000000023,36,fit:8f648c8c3d5f8766c64c8ea0e0d3c3d2b9515b2f6673a1ca02cdc449425076bc:segment:003,3,4747.0,4697,activities/103_260716153012.csv,1,1,0,0
fit:8f648c8c3d5f8766c64c8ea0e0d3c3d2b9515b2f6673a1ca02cdc449425076bc,2026-07-16T14:49:21+00:00,232,110,119,84,9.278,23.600000000000023,36,fit:8f648c8c3d5f8766c64c8ea0e0d3c3d2b9515b2f6673a1ca02cdc449425076bc:segment:003,3,4748.0,4698,activities/103_260716153012.csv,1,1,0,0
fit:8f648c8c3d5f8766c64c8ea0e0d3c3d2b9515b2f6673a1ca02cdc449425076bc,2026-07-16T14:49:22+00:00,233,126,120,84,9.197,23.600000000000023,36,fit:8f648c8c3d5f8766c64c8ea0e0d3c3d2b9515b2f6673a1ca02cdc449425076bc:segment:003,3,4749.0,4699,activities/103_260716153012.csv,1,1,0,0
fit:8f648c8c3d5f8766c64c8ea0e0d3c3d2b9515b2f6673a1ca02cdc449425076bc,2026-07-16T14:49:23+00:00,234,126,120,84,9.197,23.600000000000023,35,fit:8f648c8c3d5f8766c64c8ea0e0d3c3d2b9515b2f6673a1ca02cdc449425076bc:segment:003,3,4750.0,4700,activities/103_260716153012.csv,1,1,0,0
fit:8f648c8c3d5f8766c64c8ea0e0d3c3d2b9515b2f6673a1ca02cdc449425076bc,2026-07-16T14:49:24+00:00,235,125,120,84,9.235,23.799999999999955,35,fit:8f648c8c3d5f8766c64c8ea0e0d3c3d2b9515b2f6673a1ca02cdc449425076bc:segment:003,3,4751.0,4701,activities/103_260716153012.csv,1,1,0,0
fit:8f648c8c3d5f8766c64c8ea0e0d3c3d2b9515b2f6673a1ca02cdc449425076bc,2026-07-16T14:49:25+00:00,236,143,122,84,9.286,23.799999999999955,35,fit:8f648c8c3d5f8766c64c8ea0e0d3c3d2b9515b2f6673a1ca02cdc449425076bc:segment:003,3,4752.0,4702,activities/103_260716153012.csv,1,1,0,0
fit:8f648c8c3d5f8766c64c8ea0e0d3c3d2b9515b2f6673a1ca02cdc449425076bc,2026-07-16T14:49:26+00:00,237,136,123,84,9.281,23.799999999999955,35,fit:8f648c8c3d5f8766c64c8ea0e0d3c3d2b9515b2f6673a1ca02cdc449425076bc:segment:003,3,4753.0,4703,activities/103_260716153012.csv,1,1,0,0
fit:8f648c8c3d5f8766c64c8ea0e0d3c3d2b9515b2f6673a1ca02cdc449425076bc,2026-07-16T14:49:27+00:00,238,126,123,84,9.245,23.200000000000045,35,fit:8f648c8c3d5f8766c64c8ea0e0d3c3d2b9515b2f6673a1ca02cdc449425076bc:segment:003,3,4754.0,4704,activities/103_260716153012.csv,1,1,0,0
fit:8f648c8c3d5f8766c64c8ea0e0d3c3d2b9515b2f6673a1ca02cdc449425076bc,2026-07-16T14:49:28+00:00,239,135,123,83,9.208,22.399999999999977,35,fit:8f648c8c3d5f8766c64c8ea0e0d3c3d2b9515b2f6673a1ca02cdc449425076bc:segment:003,3,4755.0,4705,activities/103_260716153012.csv,1,1,0,0
fit:8f648c8c3d5f8766c64c8ea0e0d3c3d2b9515b2f6673a1ca02cdc449425076bc,2026-07-16T14:49:29+00:00,240,127,124,83,9.268,22.399999999999977,35,fit:8f648c8c3d5f8766c64c8ea0e0d3c3d2b9515b2f6673a1ca02cdc449425076bc:segment:003,3,4756.0,4706,activities/103_260716153012.csv,1,1,0,0
fit:8f648c8c3d5f8766c64c8ea0e0d3c3d2b9515b2f6673a1ca02cdc449425076bc,2026-07-16T14:49:30+00:00,241,111,124,83,9.21,22.399999999999977,35,fit:8f648c8c3d5f8766c64c8ea0e0d3c3d2b9515b2f6673a1ca02cdc449425076bc:segment:003,3,4757.0,4707,activities/103_260716153012.csv,1,1,0,0
fit:8f648c8c3d5f8766c64c8ea0e0d3c3d2b9515b2f6673a1ca02cdc449425076bc,2026-07-16T14:49:31+00:00,242,108,124,82,9.16,23.200000000000045,35,fit:8f648c8c3d5f8766c64c8ea0e0d3c3d2b9515b2f6673a1ca02cdc449425076bc:segment:003,3,4758.0,4708,activities/103_260716153012.csv,1,1,0,0
fit:8f648c8c3d5f8766c64c8ea0e0d3c3d2b9515b2f6673a1ca02cdc449425076bc,2026-07-16T14:49:32+00:00,243,110,124,82,9.133,23.200000000000045,35,fit:8f648c8c3d5f8766c64c8ea0e0d3c3d2b9515b2f6673a1ca02cdc449425076bc:segment:003,3,4759.0,4709,activities/103_260716153012.csv,1,1,0,0
fit:8f648c8c3d5f8766c64c8ea0e0d3c3d2b9515b2f6673a1ca02cdc449425076bc,2026-07-16T14:49:33+00:00,244,124,123,82,9.068,23.200000000000045,35,fit:8f648c8c3d5f8766c64c8ea0e0d3c3d2b9515b2f6673a1ca02cdc449425076bc:segment:003,3,4760.0,4710,activities/103_260716153012.csv,1,1,0,0
fit:8f648c8c3d5f8766c64c8ea0e0d3c3d2b9515b2f6673a1ca02cdc449425076bc,2026-07-16T14:49:34+00:00,245,108,123,82,9.054,23.200000000000045,35,fit:8f648c8c3d5f8766c64c8ea0e0d3c3d2b9515b2f6673a1ca02cdc449425076bc:segment:003,3,4761.0,4711,activities/103_260716153012.csv,1,1,0,0
fit:8f648c8c3d5f8766c64c8ea0e0d3c3d2b9515b2f6673a1ca02cdc449425076bc,2026-07-16T14:49:35+00:00,246,96,123,82,9.019,23.200000000000045,35,fit:8f648c8c3d5f8766c64c8ea0e0d3c3d2b9515b2f6673a1ca02cdc449425076bc:segment:003,3,4762.0,4712,activities/103_260716153012.csv,1,1,0,0
fit:8f648c8c3d5f8766c64c8ea0e0d3c3d2b9515b2f6673a1ca02cdc449425076bc,2026-07-16T14:49:36+00:00,247,96,123,82,9.03,23.600000000000023,35,fit:8f648c8c3d5f8766c64c8ea0e0d3c3d2b9515b2f6673a1ca02cdc449425076bc:segment:003,3,4763.0,4713,activities/103_260716153012.csv,1,1,0,0
fit:8f648c8c3d5f8766c64c8ea0e0d3c3d2b9515b2f6673a1ca02cdc449425076bc,2026-07-16T14:49:37+00:00,248,89,123,82,9.01,23.600000000000023,35,fit:8f648c8c3d5f8766c64c8ea0e0d3c3d2b9515b2f6673a1ca02cdc449425076bc:segment:003,3,4764.0,4714,activities/103_260716153012.csv,1,1,0,0
fit:8f648c8c3d5f8766c64c8ea0e0d3c3d2b9515b2f6673a1ca02cdc449425076bc,2026-07-16T14:49:38+00:00,249,117,122,79,9.137,23.600000000000023,35,fit:8f648c8c3d5f8766c64c8ea0e0d3c3d2b9515b2f6673a1ca02cdc449425076bc:segment:003,3,4765.0,4715,activities/103_260716153012.csv,1,1,0,0
fit:8f648c8c3d5f8766c64c8ea0e0d3c3d2b9515b2f6673a1ca02cdc449425076bc,2026-07-16T14:49:39+00:00,250,117,121,79,9.127,23.600000000000023,35,fit:8f648c8c3d5f8766c64c8ea0e0d3c3d2b9515b2f6673a1ca02cdc449425076bc:segment:003,3,4766.0,4716,activities/103_260716153012.csv,1,1,0,0
fit:8f648c8c3d5f8766c64c8ea0e0d3c3d2b9515b2f6673a1ca02cdc449425076bc,2026-07-16T14:49:40+00:00,251,93,121,82,9.123,23.600000000000023,35,fit:8f648c8c3d5f8766c64c8ea0e0d3c3d2b9515b2f6673a1ca02cdc449425076bc:segment:003,3,4767.0,4717,activities/103_260716153012.csv,1,1,0,0
fit:8f648c8c3d5f8766c64c8ea0e0d3c3d2b9515b2f6673a1ca02cdc449425076bc,2026-07-16T14:49:41+00:00,252,93,120,82,9.171,23.600000000000023,35,fit:8f648c8c3d5f8766c64c8ea0e0d3c3d2b9515b2f6673a1ca02cdc449425076bc:segment:003,3,4768.0,4718,activities/103_260716153012.csv,1,1,0,0
fit:8f648c8c3d5f8766c64c8ea0e0d3c3d2b9515b2f6673a1ca02cdc449425076bc,2026-07-16T14:49:42+00:00,253,93,120,82,9.085,23.600000000000023,35,fit:8f648c8c3d5f8766c64c8ea0e0d3c3d2b9515b2f6673a1ca02cdc449425076bc:segment:003,3,4769.0,4719,activities/103_260716153012.csv,1,1,0,0
fit:8f648c8c3d5f8766c64c8ea0e0d3c3d2b9515b2f6673a1ca02cdc449425076bc,2026-07-16T14:49:43+00:00,254,93,120,82,8.969,23.0,35,fit:8f648c8c3d5f8766c64c8ea0e0d3c3d2b9515b2f6673a1ca02cdc449425076bc:segment:003,3,4770.0,4720,activities/103_260716153012.csv,1,1,0,0
fit:8f648c8c3d5f8766c64c8ea0e0d3c3d2b9515b2f6673a1ca02cdc449425076bc,2026-07-16T14:49:44+00:00,255,28,120,81,8.685,22.399999999999977,35,fit:8f648c8c3d5f8766c64c8ea0e0d3c3d2b9515b2f6673a1ca02cdc449425076bc:segment:003,3,4771.0,4721,activities/103_260716153012.csv,1,1,0,0
fit:8f648c8c3d5f8766c64c8ea0e0d3c3d2b9515b2f6673a1ca02cdc449425076bc,2026-07-16T14:49:45+00:00,256,28,120,77,8.512,22.399999999999977,35,fit:8f648c8c3d5f8766c64c8ea0e0d3c3d2b9515b2f6673a1ca02cdc449425076bc:segment:003,3,4772.0,4722,activities/103_260716153012.csv,1,1,0,0
fit:8f648c8c3d5f8766c64c8ea0e0d3c3d2b9515b2f6673a1ca02cdc449425076bc,2026-07-16T14:49:46+00:00,257,28,120,77,8.497,22.399999999999977,35,fit:8f648c8c3d5f8766c64c8ea0e0d3c3d2b9515b2f6673a1ca02cdc449425076bc:segment:003,3,4773.0,4723,activities/103_260716153012.csv,1,1,0,0
fit:8f648c8c3d5f8766c64c8ea0e0d3c3d2b9515b2f6673a1ca02cdc449425076bc,2026-07-16T14:49:47+00:00,258,164,119,77,8.565,22.399999999999977,35,fit:8f648c8c3d5f8766c64c8ea0e0d3c3d2b9515b2f6673a1ca02cdc449425076bc:segment:003,3,4774.0,4724,activities/103_260716153012.csv,1,1,0,0
fit:8f648c8c3d5f8766c64c8ea0e0d3c3d2b9515b2f6673a1ca02cdc449425076bc,2026-07-16T14:49:48+00:00,259,164,119,77,8.339,24.799999999999955,35,fit:8f648c8c3d5f8766c64c8ea0e0d3c3d2b9515b2f6673a1ca02cdc449425076bc:segment:003,3,4775.0,4725,activities/103_260716153012.csv,1,1,0,0
fit:8f648c8c3d5f8766c64c8ea0e0d3c3d2b9515b2f6673a1ca02cdc449425076bc,2026-07-16T14:49:49+00:00,260,164,118,77,8.141,24.799999999999955,35,fit:8f648c8c3d5f8766c64c8ea0e0d3c3d2b9515b2f6673a1ca02cdc449425076bc:segment:003,3,4776.0,4726,activities/103_260716153012.csv,1,1,0,0
fit:8f648c8c3d5f8766c64c8ea0e0d3c3d2b9515b2f6673a1ca02cdc449425076bc,2026-07-16T14:49:50+00:00,261,164,117,77,8.087,24.799999999999955,35,fit:8f648c8c3d5f8766c64c8ea0e0d3c3d2b9515b2f6673a1ca02cdc449425076bc:segment:003,3,4777.0,4727,activities/103_260716153012.csv,1,1,0,0
fit:8f648c8c3d5f8766c64c8ea0e0d3c3d2b9515b2f6673a1ca02cdc449425076bc,2026-07-16T14:49:51+00:00,262,164,116,77,7.984,23.799999999999955,35,fit:8f648c8c3d5f8766c64c8ea0e0d3c3d2b9515b2f6673a1ca02cdc449425076bc:segment:003,3,4778.0,4728,activities/103_260716153012.csv,1,1,0,0
fit:8f648c8c3d5f8766c64c8ea0e0d3c3d2b9515b2f6673a1ca02cdc449425076bc,2026-07-16T14:49:52+00:00,263,209,115,71,7.882,23.200000000000045,35,fit:8f648c8c3d5f8766c64c8ea0e0d3c3d2b9515b2f6673a1ca02cdc449425076bc:segment:003,3,4779.0,4729,activities/103_260716153012.csv,1,1,0,0
fit:8f648c8c3d5f8766c64c8ea0e0d3c3d2b9515b2f6673a1ca02cdc449425076bc,2026-07-16T14:49:53+00:00,264,196,115,72,7.789,23.200000000000045,35,fit:8f648c8c3d5f8766c64c8ea0e0d3c3d2b9515b2f6673a1ca02cdc449425076bc:segment:003,3,4780.0,4730,activities/103_260716153012.csv,1,1,0,0
fit:8f648c8c3d5f8766c64c8ea0e0d3c3d2b9515b2f6673a1ca02cdc449425076bc,2026-07-16T14:49:54+00:00,265,173,113,73,7.791,23.200000000000045,35,fit:8f648c8c3d5f8766c64c8ea0e0d3c3d2b9515b2f6673a1ca02cdc449425076bc:segment:003,3,4781.0,4731,activities/103_260716153012.csv,1,1,0,0
fit:8f648c8c3d5f8766c64c8ea0e0d3c3d2b9515b2f6673a1ca02cdc449425076bc,2026-07-16T14:49:55+00:00,266,164,113,74,7.857,24.0,35,fit:8f648c8c3d5f8766c64c8ea0e0d3c3d2b9515b2f6673a1ca02cdc449425076bc:segment:003,3,4782.0,4732,activities/103_260716153012.csv,1,1,0,0
fit:8f648c8c3d5f8766c64c8ea0e0d3c3d2b9515b2f6673a1ca02cdc449425076bc,2026-07-16T14:49:56+00:00,267,180,112,75,7.99,23.600000000000023,35,fit:8f648c8c3d5f8766c64c8ea0e0d3c3d2b9515b2f6673a1ca02cdc449425076bc:segment:003,3,4783.0,4733,activities/103_260716153012.csv,1,1,0,0
fit:8f648c8c3d5f8766c64c8ea0e0d3c3d2b9515b2f6673a1ca02cdc449425076bc,2026-07-16T14:49:57+00:00,268,162,112,76,8.17,23.600000000000023,35,fit:8f648c8c3d5f8766c64c8ea0e0d3c3d2b9515b2f6673a1ca02cdc449425076bc:segment:003,3,4784.0,4734,activities/103_260716153012.csv,1,1,0,0
fit:8f648c8c3d5f8766c64c8ea0e0d3c3d2b9515b2f6673a1ca02cdc449425076bc,2026-07-16T14:49:58+00:00,269,122,113,76,8.327,23.600000000000023,35,fit:8f648c8c3d5f8766c64c8ea0e0d3c3d2b9515b2f6673a1ca02cdc449425076bc:segment:003,3,4785.0,4735,activities/103_260716153012.csv,1,1,0,0
fit:8f648c8c3d5f8766c64c8ea0e0d3c3d2b9515b2f6673a1ca02cdc449425076bc,2026-07-16T14:49:59+00:00,270,139,113,77,8.385,23.600000000000023,35,fit:8f648c8c3d5f8766c64c8ea0e0d3c3d2b9515b2f6673a1ca02cdc449425076bc:segment:003,3,4786.0,4736,activities/103_260716153012.csv,1,1,0,0
fit:8f648c8c3d5f8766c64c8ea0e0d3c3d2b9515b2f6673a1ca02cdc449425076bc,2026-07-16T14:50:00+00:00,271,145,113,77,8.475,23.200000000000045,35,fit:8f648c8c3d5f8766c64c8ea0e0d3c3d2b9515b2f6673a1ca02cdc449425076bc:segment:003,3,4787.0,4737,activities/103_260716153012.csv,1,1,0,0
fit:8f648c8c3d5f8766c64c8ea0e0d3c3d2b9515b2f6673a1ca02cdc449425076bc,2026-07-16T14:50:01+00:00,272,148,114,79,8.497,23.200000000000045,35,fit:8f648c8c3d5f8766c64c8ea0e0d3c3d2b9515b2f6673a1ca02cdc449425076bc:segment:003,3,4788.0,4738,activities/103_260716153012.csv,1,1,0,0
fit:8f648c8c3d5f8766c64c8ea0e0d3c3d2b9515b2f6673a1ca02cdc449425076bc,2026-07-16T14:50:02+00:00,273,132,114,79,8.662,23.200000000000045,35,fit:8f648c8c3d5f8766c64c8ea0e0d3c3d2b9515b2f6673a1ca02cdc449425076bc:segment:003,3,4789.0,4739,activities/103_260716153012.csv,1,1,0,0
fit:8f648c8c3d5f8766c64c8ea0e0d3c3d2b9515b2f6673a1ca02cdc449425076bc,2026-07-16T14:50:03+00:00,274,98,114,79,8.784,22.399999999999977,35,fit:8f648c8c3d5f8766c64c8ea0e0d3c3d2b9515b2f6673a1ca02cdc449425076bc:segment:003,3,4790.0,4740,activities/103_260716153012.csv,1,1,0,0
fit:8f648c8c3d5f8766c64c8ea0e0d3c3d2b9515b2f6673a1ca02cdc449425076bc,2026-07-16T14:50:04+00:00,275,101,115,79,8.705,23.200000000000045,35,fit:8f648c8c3d5f8766c64c8ea0e0d3c3d2b9515b2f6673a1ca02cdc449425076bc:segment:003,3,4791.0,4741,activities/103_260716153012.csv,1,1,0,0
fit:8f648c8c3d5f8766c64c8ea0e0d3c3d2b9515b2f6673a1ca02cdc449425076bc,2026-07-16T14:50:05+00:00,276,104,116,79,8.667,23.200000000000045,35,fit:8f648c8c3d5f8766c64c8ea0e0d3c3d2b9515b2f6673a1ca02cdc449425076bc:segment:003,3,4792.0,4742,activities/103_260716153012.csv,1,1,0,0
fit:8f648c8c3d5f8766c64c8ea0e0d3c3d2b9515b2f6673a1ca02cdc449425076bc,2026-07-16T14:50:06+00:00,277,105,116,79,8.688,23.200000000000045,35,fit:8f648c8c3d5f8766c64c8ea0e0d3c3d2b9515b2f6673a1ca02cdc449425076bc:segment:003,3,4793.0,4743,activities/103_260716153012.csv,1,1,0,0
fit:8f648c8c3d5f8766c64c8ea0e0d3c3d2b9515b2f6673a1ca02cdc449425076bc,2026-07-16T14:50:07+00:00,278,167,116,79,8.646,22.200000000000045,35,fit:8f648c8c3d5f8766c64c8ea0e0d3c3d2b9515b2f6673a1ca02cdc449425076bc:segment:003,3,4794.0,4744,activities/103_260716153012.csv,1,1,0,0
fit:8f648c8c3d5f8766c64c8ea0e0d3c3d2b9515b2f6673a1ca02cdc449425076bc,2026-07-16T14:50:08+00:00,279,112,116,78,8.683,23.200000000000045,35,fit:8f648c8c3d5f8766c64c8ea0e0d3c3d2b9515b2f6673a1ca02cdc449425076bc:segment:003,3,4795.0,4745,activities/103_260716153012.csv,1,1,0,0
fit:8f648c8c3d5f8766c64c8ea0e0d3c3d2b9515b2f6673a1ca02cdc449425076bc,2026-07-16T14:50:09+00:00,280,129,116,78,8.686,23.200000000000045,35,fit:8f648c8c3d5f8766c64c8ea0e0d3c3d2b9515b2f6673a1ca02cdc449425076bc:segment:003,3,4796.0,4746,activities/103_260716153012.csv,1,1,0,0
fit:8f648c8c3d5f8766c64c8ea0e0d3c3d2b9515b2f6673a1ca02cdc449425076bc,2026-07-16T14:50:10+00:00,281,130,116,78,8.594,23.200000000000045,35,fit:8f648c8c3d5f8766c64c8ea0e0d3c3d2b9515b2f6673a1ca02cdc449425076bc:segment:003,3,4797.0,4747,activities/103_260716153012.csv,1,1,0,0
fit:8f648c8c3d5f8766c64c8ea0e0d3c3d2b9515b2f6673a1ca02cdc449425076bc,2026-07-16T14:50:11+00:00,282,125,117,79,8.628,22.200000000000045,35,fit:8f648c8c3d5f8766c64c8ea0e0d3c3d2b9515b2f6673a1ca02cdc449425076bc:segment:003,3,4798.0,4748,activities/103_260716153012.csv,1,1,0,0
fit:8f648c8c3d5f8766c64c8ea0e0d3c3d2b9515b2f6673a1ca02cdc449425076bc,2026-07-16T14:50:12+00:00,283,122,117,79,8.523,22.600000000000023,35,fit:8f648c8c3d5f8766c64c8ea0e0d3c3d2b9515b2f6673a1ca02cdc449425076bc:segment:003,3,4799.0,4749,activities/103_260716153012.csv,1,1,0,0
fit:8f648c8c3d5f8766c64c8ea0e0d3c3d2b9515b2f6673a1ca02cdc449425076bc,2026-07-16T14:50:13+00:00,284,104,116,79,8.553,22.600000000000023,35,fit:8f648c8c3d5f8766c64c8ea0e0d3c3d2b9515b2f6673a1ca02cdc449425076bc:segment:003,3,4800.0,4750,activities/103_260716153012.csv,1,1,0,0
fit:8f648c8c3d5f8766c64c8ea0e0d3c3d2b9515b2f6673a1ca02cdc449425076bc,2026-07-16T14:50:14+00:00,285,95,117,78,8.591,22.600000000000023,35,fit:8f648c8c3d5f8766c64c8ea0e0d3c3d2b9515b2f6673a1ca02cdc449425076bc:segment:003,3,4801.0,4751,activities/103_260716153012.csv,1,1,0,0
fit:8f648c8c3d5f8766c64c8ea0e0d3c3d2b9515b2f6673a1ca02cdc449425076bc,2026-07-16T14:50:15+00:00,286,89,116,78,8.59,22.600000000000023,35,fit:8f648c8c3d5f8766c64c8ea0e0d3c3d2b9515b2f6673a1ca02cdc449425076bc:segment:003,3,4802.0,4752,activities/103_260716153012.csv,1,1,0,0
fit:8f648c8c3d5f8766c64c8ea0e0d3c3d2b9515b2f6673a1ca02cdc449425076bc,2026-07-16T14:50:16+00:00,287,90,116,78,8.534,23.0,35,fit:8f648c8c3d5f8766c64c8ea0e0d3c3d2b9515b2f6673a1ca02cdc449425076bc:segment:003,3,4803.0,4753,activities/103_260716153012.csv,1,1,0,0
fit:8f648c8c3d5f8766c64c8ea0e0d3c3d2b9515b2f6673a1ca02cdc449425076bc,2026-07-16T14:50:17+00:00,288,116,116,78,8.562,23.0,35,fit:8f648c8c3d5f8766c64c8ea0e0d3c3d2b9515b2f6673a1ca02cdc449425076bc:segment:003,3,4804.0,4754,activities/103_260716153012.csv,1,1,0,0
fit:8f648c8c3d5f8766c64c8ea0e0d3c3d2b9515b2f6673a1ca02cdc449425076bc,2026-07-16T14:50:18+00:00,289,119,117,78,8.548,23.0,35,fit:8f648c8c3d5f8766c64c8ea0e0d3c3d2b9515b2f6673a1ca02cdc449425076bc:segment:003,3,4805.0,4755,activities/103_260716153012.csv,1,1,0,0
fit:8f648c8c3d5f8766c64c8ea0e0d3c3d2b9515b2f6673a1ca02cdc449425076bc,2026-07-16T14:50:19+00:00,290,137,116,78,8.552,22.600000000000023,35,fit:8f648c8c3d5f8766c64c8ea0e0d3c3d2b9515b2f6673a1ca02cdc449425076bc:segment:003,3,4806.0,4756,activities/103_260716153012.csv,1,1,0,0
fit:8f648c8c3d5f8766c64c8ea0e0d3c3d2b9515b2f6673a1ca02cdc449425076bc,2026-07-16T14:50:20+00:00,291,125,116,78,8.562,22.799999999999955,35,fit:8f648c8c3d5f8766c64c8ea0e0d3c3d2b9515b2f6673a1ca02cdc449425076bc:segment:003,3,4807.0,4757,activities/103_260716153012.csv,1,1,0,0
fit:8f648c8c3d5f8766c64c8ea0e0d3c3d2b9515b2f6673a1ca02cdc449425076bc,2026-07-16T14:50:21+00:00,292,125,116,78,8.583,22.799999999999955,35,fit:8f648c8c3d5f8766c64c8ea0e0d3c3d2b9515b2f6673a1ca02cdc449425076bc:segment:003,3,4808.0,4758,activities/103_260716153012.csv,1,1,0,0
fit:8f648c8c3d5f8766c64c8ea0e0d3c3d2b9515b2f6673a1ca02cdc449425076bc,2026-07-16T14:50:22+00:00,293,119,116,78,8.654,22.799999999999955,35,fit:8f648c8c3d5f8766c64c8ea0e0d3c3d2b9515b2f6673a1ca02cdc449425076bc:segment:003,3,4809.0,4759,activities/103_260716153012.csv,1,1,0,0
fit:8f648c8c3d5f8766c64c8ea0e0d3c3d2b9515b2f6673a1ca02cdc449425076bc,2026-07-16T14:50:23+00:00,294,122,116,78,8.618,22.399999999999977,35,fit:8f648c8c3d5f8766c64c8ea0e0d3c3d2b9515b2f6673a1ca02cdc449425076bc:segment:003,3,4810.0,4760,activities/103_260716153012.csv,1,1,0,0
fit:8f648c8c3d5f8766c64c8ea0e0d3c3d2b9515b2f6673a1ca02cdc449425076bc,2026-07-16T14:50:24+00:00,295,122,116,78,8.609,22.200000000000045,35,fit:8f648c8c3d5f8766c64c8ea0e0d3c3d2b9515b2f6673a1ca02cdc449425076bc:segment:003,3,4811.0,4761,activities/103_260716153012.csv,1,1,0,0
fit:8f648c8c3d5f8766c64c8ea0e0d3c3d2b9515b2f6673a1ca02cdc449425076bc,2026-07-16T14:50:25+00:00,296,126,116,79,8.689,22.200000000000045,35,fit:8f648c8c3d5f8766c64c8ea0e0d3c3d2b9515b2f6673a1ca02cdc449425076bc:segment:003,3,4812.0,4762,activities/103_260716153012.csv,1,1,0,0
fit:8f648c8c3d5f8766c64c8ea0e0d3c3d2b9515b2f6673a1ca02cdc449425076bc,2026-07-16T14:50:26+00:00,297,127,116,79,8.568,22.200000000000045,35,fit:8f648c8c3d5f8766c64c8ea0e0d3c3d2b9515b2f6673a1ca02cdc449425076bc:segment:003,3,4813.0,4763,activities/103_260716153012.csv,1,1,0,0
fit:8f648c8c3d5f8766c64c8ea0e0d3c3d2b9515b2f6673a1ca02cdc449425076bc,2026-07-16T14:50:27+00:00,298,70,116,80,8.598,22.200000000000045,35,fit:8f648c8c3d5f8766c64c8ea0e0d3c3d2b9515b2f6673a1ca02cdc449425076bc:segment:003,3,4814.0,4764,activities/103_260716153012.csv,1,1,0,0
fit:8f648c8c3d5f8766c64c8ea0e0d3c3d2b9515b2f6673a1ca02cdc449425076bc,2026-07-16T14:50:28+00:00,299,74,115,80,8.713,22.200000000000045,35,fit:8f648c8c3d5f8766c64c8ea0e0d3c3d2b9515b2f6673a1ca02cdc449425076bc:segment:003,3,4815.0,4765,activities/103_260716153012.csv,1,1,0,0
fit:8f648c8c3d5f8766c64c8ea0e0d3c3d2b9515b2f6673a1ca02cdc449425076bc,2026-07-16T14:50:29+00:00,300,80,115,80,8.765,22.200000000000045,35,fit:8f648c8c3d5f8766c64c8ea0e0d3c3d2b9515b2f6673a1ca02cdc449425076bc:segment:003,3,4816.0,4766,activities/103_260716153012.csv,1,1,0,0
fit:8f648c8c3d5f8766c64c8ea0e0d3c3d2b9515b2f6673a1ca02cdc449425076bc,2026-07-16T14:50:30+00:00,301,91,115,81,8.795,22.200000000000045,35,fit:8f648c8c3d5f8766c64c8ea0e0d3c3d2b9515b2f6673a1ca02cdc449425076bc:segment:003,3,4817.0,4767,activities/103_260716153012.csv,1,1,0,0
fit:8f648c8c3d5f8766c64c8ea0e0d3c3d2b9515b2f6673a1ca02cdc449425076bc,2026-07-16T14:50:31+00:00,302,91,115,80,8.822,22.200000000000045,35,fit:8f648c8c3d5f8766c64c8ea0e0d3c3d2b9515b2f6673a1ca02cdc449425076bc:segment:003,3,4818.0,4768,activities/103_260716153012.csv,1,1,0,0
fit:8f648c8c3d5f8766c64c8ea0e0d3c3d2b9515b2f6673a1ca02cdc449425076bc,2026-07-16T14:50:32+00:00,303,124,115,81,8.88,22.399999999999977,35,fit:8f648c8c3d5f8766c64c8ea0e0d3c3d2b9515b2f6673a1ca02cdc449425076bc:segment:003,3,4819.0,4769,activities/103_260716153012.csv,1,1,0,0
fit:8f648c8c3d5f8766c64c8ea0e0d3c3d2b9515b2f6673a1ca02cdc449425076bc,2026-07-16T14:50:33+00:00,304,122,115,81,8.879,22.399999999999977,35,fit:8f648c8c3d5f8766c64c8ea0e0d3c3d2b9515b2f6673a1ca02cdc449425076bc:segment:003,3,4820.0,4770,activities/103_260716153012.csv,1,1,0,0
fit:8f648c8c3d5f8766c64c8ea0e0d3c3d2b9515b2f6673a1ca02cdc449425076bc,2026-07-16T14:50:34+00:00,305,90,116,81,8.917,22.399999999999977,35,fit:8f648c8c3d5f8766c64c8ea0e0d3c3d2b9515b2f6673a1ca02cdc449425076bc:segment:003,3,4821.0,4771,activities/103_260716153012.csv,1,1,0,0
fit:8f648c8c3d5f8766c64c8ea0e0d3c3d2b9515b2f6673a1ca02cdc449425076bc,2026-07-16T14:50:35+00:00,306,95,116,81,8.995,22.399999999999977,35,fit:8f648c8c3d5f8766c64c8ea0e0d3c3d2b9515b2f6673a1ca02cdc449425076bc:segment:003,3,4822.0,4772,activities/103_260716153012.csv,1,1,0,0
fit:8f648c8c3d5f8766c64c8ea0e0d3c3d2b9515b2f6673a1ca02cdc449425076bc,2026-07-16T14:50:36+00:00,307,139,116,81,9.045,21.200000000000045,35,fit:8f648c8c3d5f8766c64c8ea0e0d3c3d2b9515b2f6673a1ca02cdc449425076bc:segment:003,3,4823.0,4773,activities/103_260716153012.csv,1,1,0,0
fit:8f648c8c3d5f8766c64c8ea0e0d3c3d2b9515b2f6673a1ca02cdc449425076bc,2026-07-16T14:50:37+00:00,308,128,117,81,8.992,21.200000000000045,35,fit:8f648c8c3d5f8766c64c8ea0e0d3c3d2b9515b2f6673a1ca02cdc449425076bc:segment:003,3,4824.0,4774,activities/103_260716153012.csv,1,1,0,0
fit:8f648c8c3d5f8766c64c8ea0e0d3c3d2b9515b2f6673a1ca02cdc449425076bc,2026-07-16T14:50:38+00:00,309,113,117,81,8.998,21.200000000000045,35,fit:8f648c8c3d5f8766c64c8ea0e0d3c3d2b9515b2f6673a1ca02cdc449425076bc:segment:003,3,4825.0,4775,activities/103_260716153012.csv,1,1,0,0
fit:8f648c8c3d5f8766c64c8ea0e0d3c3d2b9515b2f6673a1ca02cdc449425076bc,2026-07-16T14:50:39+00:00,310,93,117,81,8.919,21.200000000000045,35,fit:8f648c8c3d5f8766c64c8ea0e0d3c3d2b9515b2f6673a1ca02cdc449425076bc:segment:003,3,4826.0,4776,activities/103_260716153012.csv,1,1,0,0
fit:8f648c8c3d5f8766c64c8ea0e0d3c3d2b9515b2f6673a1ca02cdc449425076bc,2026-07-16T14:50:40+00:00,311,130,117,80,8.825,20.799999999999955,35,fit:8f648c8c3d5f8766c64c8ea0e0d3c3d2b9515b2f6673a1ca02cdc449425076bc:segment:003,3,4827.0,4777,activities/103_260716153012.csv,1,1,0,0
fit:8f648c8c3d5f8766c64c8ea0e0d3c3d2b9515b2f6673a1ca02cdc449425076bc,2026-07-16T14:50:41+00:00,312,130,117,80,8.852,20.799999999999955,35,fit:8f648c8c3d5f8766c64c8ea0e0d3c3d2b9515b2f6673a1ca02cdc449425076bc:segment:003,3,4828.0,4778,activities/103_260716153012.csv,1,1,0,0
fit:8f648c8c3d5f8766c64c8ea0e0d3c3d2b9515b2f6673a1ca02cdc449425076bc,2026-07-16T14:50:42+00:00,313,98,117,80,8.906,20.799999999999955,35,fit:8f648c8c3d5f8766c64c8ea0e0d3c3d2b9515b2f6673a1ca02cdc449425076bc:segment:003,3,4829.0,4779,activities/103_260716153012.csv,1,1,0,0
fit:8f648c8c3d5f8766c64c8ea0e0d3c3d2b9515b2f6673a1ca02cdc449425076bc,2026-07-16T14:50:43+00:00,314,78,117,80,8.871,21.200000000000045,35,fit:8f648c8c3d5f8766c64c8ea0e0d3c3d2b9515b2f6673a1ca02cdc449425076bc:segment:003,3,4830.0,4780,activities/103_260716153012.csv,1,1,0,0
fit:8f648c8c3d5f8766c64c8ea0e0d3c3d2b9515b2f6673a1ca02cdc449425076bc,2026-07-16T14:50:44+00:00,315,85,117,80,8.824,20.200000000000045,35,fit:8f648c8c3d5f8766c64c8ea0e0d3c3d2b9515b2f6673a1ca02cdc449425076bc:segment:003,3,4831.0,4781,activities/103_260716153012.csv,1,1,0,0
fit:8f648c8c3d5f8766c64c8ea0e0d3c3d2b9515b2f6673a1ca02cdc449425076bc,2026-07-16T14:50:45+00:00,316,80,117,80,8.872,20.200000000000045,35,fit:8f648c8c3d5f8766c64c8ea0e0d3c3d2b9515b2f6673a1ca02cdc449425076bc:segment:003,3,4832.0,4782,activities/103_260716153012.csv,1,1,0,0
fit:8f648c8c3d5f8766c64c8ea0e0d3c3d2b9515b2f6673a1ca02cdc449425076bc,2026-07-16T14:50:46+00:00,317,75,116,80,8.777,20.200000000000045,35,fit:8f648c8c3d5f8766c64c8ea0e0d3c3d2b9515b2f6673a1ca02cdc449425076bc:segment:003,3,4833.0,4783,activities/103_260716153012.csv,1,1,0,0
fit:8f648c8c3d5f8766c64c8ea0e0d3c3d2b9515b2f6673a1ca02cdc449425076bc,2026-07-16T14:50:47+00:00,318,67,116,80,8.777,21.200000000000045,35,fit:8f648c8c3d5f8766c64c8ea0e0d3c3d2b9515b2f6673a1ca02cdc449425076bc:segment:003,3,4834.0,4784,activities/103_260716153012.csv,1,1,0,0
fit:8f648c8c3d5f8766c64c8ea0e0d3c3d2b9515b2f6673a1ca02cdc449425076bc,2026-07-16T14:50:48+00:00,319,67,115,79,8.659,21.200000000000045,35,fit:8f648c8c3d5f8766c64c8ea0e0d3c3d2b9515b2f6673a1ca02cdc449425076bc:segment:003,3,4835.0,4785,activities/103_260716153012.csv,1,1,0,0
fit:8f648c8c3d5f8766c64c8ea0e0d3c3d2b9515b2f6673a1ca02cdc449425076bc,2026-07-16T14:50:49+00:00,320,61,115,79,8.582,21.200000000000045,35,fit:8f648c8c3d5f8766c64c8ea0e0d3c3d2b9515b2f6673a1ca02cdc449425076bc:segment:003,3,4836.0,4786,activities/103_260716153012.csv,1,1,0,0
fit:8f648c8c3d5f8766c64c8ea0e0d3c3d2b9515b2f6673a1ca02cdc449425076bc,2026-07-16T14:50:50+00:00,321,61,114,79,8.711,21.200000000000045,35,fit:8f648c8c3d5f8766c64c8ea0e0d3c3d2b9515b2f6673a1ca02cdc449425076bc:segment:003,3,4837.0,4787,activities/103_260716153012.csv,1,1,0,0
fit:8f648c8c3d5f8766c64c8ea0e0d3c3d2b9515b2f6673a1ca02cdc449425076bc,2026-07-16T14:50:51+00:00,322,61,113,79,8.579,21.200000000000045,35,fit:8f648c8c3d5f8766c64c8ea0e0d3c3d2b9515b2f6673a1ca02cdc449425076bc:segment:003,3,4838.0,4788,activities/103_260716153012.csv,1,1,0,0
fit:8f648c8c3d5f8766c64c8ea0e0d3c3d2b9515b2f6673a1ca02cdc449425076bc,2026-07-16T14:50:52+00:00,323,61,113,79,8.574,21.200000000000045,35,fit:8f648c8c3d5f8766c64c8ea0e0d3c3d2b9515b2f6673a1ca02cdc449425076bc:segment:003,3,4839.0,4789,activities/103_260716153012.csv,1,1,0,0
fit:8f648c8c3d5f8766c64c8ea0e0d3c3d2b9515b2f6673a1ca02cdc449425076bc,2026-07-16T14:50:53+00:00,324,57,113,76,8.422,21.200000000000045,35,fit:8f648c8c3d5f8766c64c8ea0e0d3c3d2b9515b2f6673a1ca02cdc449425076bc:segment:003,3,4840.0,4790,activities/103_260716153012.csv,1,1,0,0
fit:8f648c8c3d5f8766c64c8ea0e0d3c3d2b9515b2f6673a1ca02cdc449425076bc,2026-07-16T14:50:54+00:00,325,51,112,72,8.157,21.200000000000045,35,fit:8f648c8c3d5f8766c64c8ea0e0d3c3d2b9515b2f6673a1ca02cdc449425076bc:segment:003,3,4841.0,4791,activities/103_260716153012.csv,1,1,0,0
