activity_id,timestamp,elapsed_seconds,power_w,heart_rate_bpm,cadence_rpm,speed_m_s,altitude_m,temperature_c,segment_id,segment_number,source_elapsed_seconds,source_row_index,source_file,activity_split,segment_selected_from_activity,power_missing,hr_missing
fit:a6b774a1f2999b796579114246cee0b4e1e606f476d6b3c15ce00e176bdfd56d,2025-08-15T07:36:03+00:00,0,59,126,0,2.338,25.0,30,fit:a6b774a1f2999b796579114246cee0b4e1e606f476d6b3c15ce00e176bdfd56d:segment:006,6,7174.0,6941,activities/035_250815073628.csv,1,1,0,0
fit:a6b774a1f2999b796579114246cee0b4e1e606f476d6b3c15ce00e176bdfd56d,2025-08-15T07:36:04+00:00,1,59,125,0,2.552,25.0,30,fit:a6b774a1f2999b796579114246cee0b4e1e606f476d6b3c15ce00e176bdfd56d:segment:006,6,7175.0,6942,activities/035_250815073628.csv,1,1,0,0
fit:a6b774a1f2999b796579114246cee0b4e1e606f476d6b3c15ce00e176bdfd56d,2025-08-15T07:36:05+00:00,2,56,124,0,2.433,25.0,30,fit:a6b774a1f2999b796579114246cee0b4e1e606f476d6b3c15ce00e176bdfd56d:segment:006,6,7176.0,6943,activities/035_250815073628.csv,1,1,0,0
fit:a6b774a1f2999b796579114246cee0b4e1e606f476d6b3c15ce00e176bdfd56d,2025-08-15T07:36:06+00:00,3,51,123,0,2.429,25.0,30,fit:a6b774a1f2999b796579114246cee0b4e1e606f476d6b3c15ce00e176bdfd56d:segment:006,6,7177.0,6944,activities/035_250815073628.csv,1,1,0,0
fit:a6b774a1f2999b796579114246cee0b4e1e606f476d6b3c15ce00e176bdfd56d,2025-08-15T07:36:07+00:00,4,46,121,0,2.456,25.0,30,fit:a6b774a1f2999b796579114246cee0b4e1e606f476d6b3c15ce00e176bdfd56d:segment:006,6,7178.0,6945,activities/035_250815073628.csv,1,1,0,0
fit:a6b774a1f2999b796579114246cee0b4e1e606f476d6b3c15ce00e176bdfd56d,2025-08-15T07:36:08+00:00,5,247,120,41,2.191,25.0,31,fit:a6b774a1f2999b796579114246cee0b4e1e606f476d6b3c15ce00e176bdfd56d:segment:006,6,7179.0,6946,activities/035_250815073628.csv,1,1,0,0
fit:a6b774a1f2999b796579114246cee0b4e1e606f476d6b3c15ce00e176bdfd56d,2025-08-15T07:36:09+00:00,6,247,119,41,2.594,25.0,31,fit:a6b774a1f2999b796579114246cee0b4e1e606f476d6b3c15ce00e176bdfd56d:segment:006,6,7180.0,6947,activities/035_250815073628.csv,1,1,0,0
fit:a6b774a1f2999b796579114246cee0b4e1e606f476d6b3c15ce00e176bdfd56d,2025-08-15T07:36:10+00:00,7,468,119,64,3.432,25.0,31,fit:a6b774a1f2999b796579114246cee0b4e1e606f476d6b3c15ce00e176bdfd56d:segment:006,6,7181.0,6948,activities/035_250815073628.csv,1,1,0,0
fit:a6b774a1f2999b796579114246cee0b4e1e606f476d6b3c15ce00e176bdfd56d,2025-08-15T07:36:11+00:00,8,524,119,64,4.202,25.0,31,fit:a6b774a1f2999b796579114246cee0b4e1e606f476d6b3c15ce00e176bdfd56d:segment:006,6,7182.0,6949,activities/035_250815073628.csv,1,1,0,0
fit:a6b774a1f2999b796579114246cee0b4e1e606f476d6b3c15ce00e176bdfd56d,2025-08-15T07:36:12+00:00,9,461,119,79,3.595,25.0,31,fit:a6b774a1f2999b796579114246cee0b4e1e606f476d6b3c15ce00e176bdfd56d:segment:006,6,7183.0,6950,activities/035_250815073628.csv,1,1,0,0
fit:a6b774a1f2999b796579114246cee0b4e1e606f476d6b3c15ce00e176bdfd56d,2025-08-15T07:36:13+00:00,10,413,119,87,4.978,24.200000000000045,31,fit:a6b774a1f2999b796579114246cee0b4e1e606f476d6b3c15ce00e176bdfd56d:segment:006,6,7184.0,6951,activities/035_250815073628.csv,1,1,0,0
fit:a6b774a1f2999b796579114246cee0b4e1e606f476d6b3c15ce00e176bdfd56d,2025-08-15T07:36:14+00:00,11,456,121,90,6.552,25.0,31,fit:a6b774a1f2999b796579114246cee0b4e1e606f476d6b3c15ce00e176bdfd56d:segment:006,6,7185.0,6952,activities/035_250815073628.csv,1,1,0,0
fit:a6b774a1f2999b796579114246cee0b4e1e606f476d6b3c15ce00e176bdfd56d,2025-08-15T07:36:15+00:00,12,72,122,44,7.766,25.0,31,fit:a6b774a1f2999b796579114246cee0b4e1e606f476d6b3c15ce00e176bdfd56d:segment:006,6,7186.0,6953,activities/035_250815073628.csv,1,1,0,0
fit:a6b774a1f2999b796579114246cee0b4e1e606f476d6b3c15ce00e176bdfd56d,2025-08-15T07:36:16+00:00,13,72,124,44,8.376,25.0,31,fit:a6b774a1f2999b796579114246cee0b4e1e606f476d6b3c15ce00e176bdfd56d:segment:006,6,7187.0,6954,activities/035_250815073628.csv,1,1,0,0
fit:a6b774a1f2999b796579114246cee0b4e1e606f476d6b3c15ce00e176bdfd56d,2025-08-15T07:36:17+00:00,14,264,124,92,8.587,24.0,31,fit:a6b774a1f2999b796579114246cee0b4e1e606f476d6b3c15ce00e176bdfd56d:segment:006,6,7188.0,6955,activities/035_250815073628.csv,1,1,0,0
fit:a6b774a1f2999b796579114246cee0b4e1e606f476d6b3c15ce00e176bdfd56d,2025-08-15T07:36:18+00:00,15,135,126,93,8.803,23.0,31,fit:a6b774a1f2999b796579114246cee0b4e1e606f476d6b3c15ce00e176bdfd56d:segment:006,6,7189.0,6956,activities/035_250815073628.csv,1,1,0,0
fit:a6b774a1f2999b796579114246cee0b4e1e606f476d6b3c15ce00e176bdfd56d,2025-08-15T07:36:19+00:00,16,118,128,92,8.933,23.0,31,fit:a6b774a1f2999b796579114246cee0b4e1e606f476d6b3c15ce00e176bdfd56d:segment:006,6,7190.0,6957,activities/035_250815073628.csv,1,1,0,0
fit:a6b774a1f2999b796579114246cee0b4e1e606f476d6b3c15ce00e176bdfd56d,2025-08-15T07:36:20+00:00,17,148,129,91,8.925,23.0,31,fit:a6b774a1f2999b796579114246cee0b4e1e606f476d6b3c15ce00e176bdfd56d:segment:006,6,7191.0,6958,activities/035_250815073628.csv,1,1,0,0
fit:a6b774a1f2999b796579114246cee0b4e1e606f476d6b3c15ce00e176bdfd56d,2025-08-15T07:36:21+00:00,18,148,129,91,8.966,23.200000000000045,31,fit:a6b774a1f2999b796579114246cee0b4e1e606f476d6b3c15ce00e176bdfd56d:segment:006,6,7192.0,6959,activities/035_250815073628.csv,1,1,0,0
fit:a6b774a1f2999b796579114246cee0b4e1e606f476d6b3c15ce00e176bdfd56d,2025-08-15T07:36:22+00:00,19,140,129,92,8.958,23.600000000000023,31,fit:a6b774a1f2999b796579114246cee0b4e1e606f476d6b3c15ce00e176bdfd56d:segment:006,6,7193.0,6960,activities/035_250815073628.csv,1,1,0,0
fit:a6b774a1f2999b796579114246cee0b4e1e606f476d6b3c15ce00e176bdfd56d,2025-08-15T07:36:23+00:00,20,240,130,91,8.966,23.600000000000023,31,fit:a6b774a1f2999b796579114246cee0b4e1e606f476d6b3c15ce00e176bdfd56d:segment:006,6,7194.0,6961,activities/035_250815073628.csv,1,1,0,0
fit:a6b774a1f2999b796579114246cee0b4e1e606f476d6b3c15ce00e176bdfd56d,2025-08-15T07:36:24+00:00,21,131,130,92,8.988,23.600000000000023,31,fit:a6b774a1f2999b796579114246cee0b4e1e606f476d6b3c15ce00e176bdfd56d:segment:006,6,7195.0,6962,activities/035_250815073628.csv,1,1,0,0
fit:a6b774a1f2999b796579114246cee0b4e1e606f476d6b3c15ce00e176bdfd56d,2025-08-15T07:36:25+00:00,22,123,130,91,8.961,23.600000000000023,31,fit:a6b774a1f2999b796579114246cee0b4e1e606f476d6b3c15ce00e176bdfd56d:segment:006,6,7196.0,6963,activities/035_250815073628.csv,1,1,0,0
fit:a6b774a1f2999b796579114246cee0b4e1e606f476d6b3c15ce00e176bdfd56d,2025-08-15T07:36:26+00:00,23,123,130,91,8.997,23.200000000000045,31,fit:a6b774a1f2999b796579114246cee0b4e1e606f476d6b3c15ce00e176bdfd56d:segment:006,6,7197.0,6964,activities/035_250815073628.csv,1,1,0,0
fit:a6b774a1f2999b796579114246cee0b4e1e606f476d6b3c15ce00e176bdfd56d,2025-08-15T07:36:27+00:00,24,109,130,90,8.952,23.200000000000045,31,fit:a6b774a1f2999b796579114246cee0b4e1e606f476d6b3c15ce00e176bdfd56d:segment:006,6,7198.0,6965,activities/035_250815073628.csv,1,1,0,0
fit:a6b774a1f2999b796579114246cee0b4e1e606f476d6b3c15ce00e176bdfd56d,2025-08-15T07:36:28+00:00,25,130,130,90,8.917,23.200000000000045,31,fit:a6b774a1f2999b796579114246cee0b4e1e606f476d6b3c15ce00e176bdfd56d:segment:006,6,7199.0,6966,activities/035_250815073628.csv,1,1,0,0
fit:a6b774a1f2999b796579114246cee0b4e1e606f476d6b3c15ce00e176bdfd56d,2025-08-15T07:36:29+00:00,26,136,131,90,8.866,23.799999999999955,31,fit:a6b774a1f2999b796579114246cee0b4e1e606f476d6b3c15ce00e176bdfd56d:segment:006,6,7200.0,6967,activities/035_250815073628.csv,1,1,0,0
fit:a6b774a1f2999b796579114246cee0b4e1e606f476d6b3c15ce00e176bdfd56d,2025-08-15T07:36:30+00:00,27,101,133,90,8.845,23.600000000000023,31,fit:a6b774a1f2999b796579114246cee0b4e1e606f476d6b3c15ce00e176bdfd56d:segment:006,6,7201.0,6968,activities/035_250815073628.csv,1,1,0,0
fit:a6b774a1f2999b796579114246cee0b4e1e606f476d6b3c15ce00e176bdfd56d,2025-08-15T07:36:31+00:00,28,85,134,89,8.872,23.600000000000023,31,fit:a6b774a1f2999b796579114246cee0b4e1e606f476d6b3c15ce00e176bdfd56d:segment:006,6,7202.0,6969,activities/035_250815073628.csv,1,1,0,0
fit:a6b774a1f2999b796579114246cee0b4e1e606f476d6b3c15ce00e176bdfd56d,2025-08-15T07:36:32+00:00,29,135,134,89,8.778,23.600000000000023,31,fit:a6b774a1f2999b796579114246cee0b4e1e606f476d6b3c15ce00e176bdfd56d:segment:006,6,7203.0,6970,activities/035_250815073628.csv,1,1,0,0
fit:a6b774a1f2999b796579114246cee0b4e1e606f476d6b3c15ce00e176bdfd56d,2025-08-15T07:36:33+00:00,30,131,136,88,8.769,23.600000000000023,31,fit:a6b774a1f2999b796579114246cee0b4e1e606f476d6b3c15ce00e176bdfd56d:segment:006,6,7204.0,6971,activities/035_250815073628.csv,1,1,0,0
fit:a6b774a1f2999b796579114246cee0b4e1e606f476d6b3c15ce00e176bdfd56d,2025-08-15T07:36:34+00:00,31,114,138,86,8.64,24.799999999999955,31,fit:a6b774a1f2999b796579114246cee0b4e1e606f476d6b3c15ce00e176bdfd56d:segment:006,6,7205.0,6972,activities/035_250815073628.csv,1,1,0,0
fit:a6b774a1f2999b796579114246cee0b4e1e606f476d6b3c15ce00e176bdfd56d,2025-08-15T07:36:35+00:00,32,167,140,84,8.603,24.799999999999955,31,fit:a6b774a1f2999b796579114246cee0b4e1e606f476d6b3c15ce00e176bdfd56d:segment:006,6,7206.0,6973,activities/035_250815073628.csv,1,1,0,0
fit:a6b774a1f2999b796579114246cee0b4e1e606f476d6b3c15ce00e176bdfd56d,2025-08-15T07:36:36+00:00,33,168,142,84,8.505,24.799999999999955,31,fit:a6b774a1f2999b796579114246cee0b4e1e606f476d6b3c15ce00e176bdfd56d:segment:006,6,7207.0,6974,activities/035_250815073628.csv,1,1,0,0
fit:a6b774a1f2999b796579114246cee0b4e1e606f476d6b3c15ce00e176bdfd56d,2025-08-15T07:36:37+00:00,34,236,144,85,8.609,24.600000000000023,31,fit:a6b774a1f2999b796579114246cee0b4e1e606f476d6b3c15ce00e176bdfd56d:segment:006,6,7208.0,6975,activities/035_250815073628.csv,1,1,0,0
fit:a6b774a1f2999b796579114246cee0b4e1e606f476d6b3c15ce00e176bdfd56d,2025-08-15T07:36:38+00:00,35,174,144,86,8.632,24.799999999999955,31,fit:a6b774a1f2999b796579114246cee0b4e1e606f476d6b3c15ce00e176bdfd56d:segment:006,6,7209.0,6976,activities/035_250815073628.csv,1,1,0,0
fit:a6b774a1f2999b796579114246cee0b4e1e606f476d6b3c15ce00e176bdfd56d,2025-08-15T07:36:39+00:00,36,171,145,86,8.57,24.799999999999955,31,fit:a6b774a1f2999b796579114246cee0b4e1e606f476d6b3c15ce00e176bdfd56d:segment:006,6,7210.0,6977,activities/035_250815073628.csv,1,1,0,0
fit:a6b774a1f2999b796579114246cee0b4e1e606f476d6b3c15ce00e176bdfd56d,2025-08-15T07:36:40+00:00,37,151,146,88,8.581,24.799999999999955,31,fit:a6b774a1f2999b796579114246cee0b4e1e606f476d6b3c15ce00e176bdfd56d:segment:006,6,7211.0,6978,activities/035_250815073628.csv,1,1,0,0
fit:a6b774a1f2999b796579114246cee0b4e1e606f476d6b3c15ce00e176bdfd56d,2025-08-15T07:36:41+00:00,38,151,148,88,8.542,24.399999999999977,31,fit:a6b774a1f2999b796579114246cee0b4e1e606f476d6b3c15ce00e176bdfd56d:segment:006,6,7212.0,6979,activities/035_250815073628.csv,1,1,0,0
fit:a6b774a1f2999b796579114246cee0b4e1e606f476d6b3c15ce00e176bdfd56d,2025-08-15T07:36:42+00:00,39,163,149,89,8.649,24.799999999999955,31,fit:a6b774a1f2999b796579114246cee0b4e1e606f476d6b3c15ce00e176bdfd56d:segment:006,6,7213.0,6980,activities/035_250815073628.csv,1,1,0,0
fit:a6b774a1f2999b796579114246cee0b4e1e606f476d6b3c15ce00e176bdfd56d,2025-08-15T07:36:43+00:00,40,138,149,92,8.761,24.799999999999955,31,fit:a6b774a1f2999b796579114246cee0b4e1e606f476d6b3c15ce00e176bdfd56d:segment:006,6,7214.0,6981,activities/035_250815073628.csv,1,1,0,0
fit:a6b774a1f2999b796579114246cee0b4e1e606f476d6b3c15ce00e176bdfd56d,2025-08-15T07:36:44+00:00,41,107,150,94,8.881,24.799999999999955,31,fit:a6b774a1f2999b796579114246cee0b4e1e606f476d6b3c15ce00e176bdfd56d:segment:006,6,7215.0,6982,activities/035_250815073628.csv,1,1,0,0
fit:a6b774a1f2999b796579114246cee0b4e1e606f476d6b3c15ce00e176bdfd56d,2025-08-15T07:36:45+00:00,42,106,151,94,9.051,23.799999999999955,31,fit:a6b774a1f2999b796579114246cee0b4e1e606f476d6b3c15ce00e176bdfd56d:segment:006,6,7216.0,6983,activities/035_250815073628.csv,1,1,0,0
fit:a6b774a1f2999b796579114246cee0b4e1e606f476d6b3c15ce00e176bdfd56d,2025-08-15T07:36:46+00:00,43,102,151,95,9.092,23.399999999999977,31,fit:a6b774a1f2999b796579114246cee0b4e1e606f476d6b3c15ce00e176bdfd56d:segment:006,6,7217.0,6984,activities/035_250815073628.csv,1,1,0,0
fit:a6b774a1f2999b796579114246cee0b4e1e606f476d6b3c15ce00e176bdfd56d,2025-08-15T07:36:47+00:00,44,121,153,96,9.182,23.399999999999977,31,fit:a6b774a1f2999b796579114246cee0b4e1e606f476d6b3c15ce00e176bdfd56d:segment:006,6,7218.0,6985,activities/035_250815073628.csv,1,1,0,0
fit:a6b774a1f2999b796579114246cee0b4e1e606f476d6b3c15ce00e176bdfd56d,2025-08-15T07:36:48+00:00,45,115,153,96,9.337,23.399999999999977,31,fit:a6b774a1f2999b796579114246cee0b4e1e606f476d6b3c15ce00e176bdfd56d:segment:006,6,7219.0,6986,activities/035_250815073628.csv,1,1,0,0
fit:a6b774a1f2999b796579114246cee0b4e1e606f476d6b3c15ce00e176bdfd56d,2025-08-15T07:36:49+00:00,46,139,153,96,9.493,23.600000000000023,31,fit:a6b774a1f2999b796579114246cee0b4e1e606f476d6b3c15ce00e176bdfd56d:segment:006,6,7220.0,6987,activities/035_250815073628.csv,1,1,0,0
fit:a6b774a1f2999b796579114246cee0b4e1e606f476d6b3c15ce00e176bdfd56d,2025-08-15T07:36:50+00:00,47,124,153,96,9.473,23.200000000000045,31,fit:a6b774a1f2999b796579114246cee0b4e1e606f476d6b3c15ce00e176bdfd56d:segment:006,6,7221.0,6988,activities/035_250815073628.csv,1,1,0,0
fit:a6b774a1f2999b796579114246cee0b4e1e606f476d6b3c15ce00e176bdfd56d,2025-08-15T07:36:51+00:00,48,118,153,95,9.384,23.200000000000045,31,fit:a6b774a1f2999b796579114246cee0b4e1e606f476d6b3c15ce00e176bdfd56d:segment:006,6,7222.0,6989,activities/035_250815073628.csv,1,1,0,0
fit:a6b774a1f2999b796579114246cee0b4e1e606f476d6b3c15ce00e176bdfd56d,2025-08-15T07:36:52+00:00,49,201,153,95,9.294,23.200000000000045,31,fit:a6b774a1f2999b796579114246cee0b4e1e606f476d6b3c15ce00e176bdfd56d:segment:006,6,7223.0,6990,activities/035_250815073628.csv,1,1,0,0
fit:a6b774a1f2999b796579114246cee0b4e1e606f476d6b3c15ce00e176bdfd56d,2025-08-15T07:36:53+00:00,50,111,152,95,9.298,23.399999999999977,31,fit:a6b774a1f2999b796579114246cee0b4e1e606f476d6b3c15ce00e176bdfd56d:segment:006,6,7224.0,6991,activities/035_250815073628.csv,1,1,0,0
fit:a6b774a1f2999b796579114246cee0b4e1e606f476d6b3c15ce00e176bdfd56d,2025-08-15T07:36:54+00:00,51,113,152,94,9.331,23.600000000000023,31,fit:a6b774a1f2999b796579114246cee0b4e1e606f476d6b3c15ce00e176bdfd56d:segment:006,6,7225.0,6992,activities/035_250815073628.csv,1,1,0,0
fit:a6b774a1f2999b796579114246cee0b4e1e606f476d6b3c15ce00e176bdfd56d,2025-08-15T07:36:55+00:00,52,115,151,94,9.271,23.600000000000023,31,fit:a6b774a1f2999b796579114246cee0b4e1e606f476d6b3c15ce00e176bdfd56d:segment:006,6,7226.0,6993,activities/035_250815073628.csv,1,1,0,0
fit:a6b774a1f2999b796579114246cee0b4e1e606f476d6b3c15ce00e176bdfd56d,2025-08-15T07:36:56+00:00,53,125,151,94,9.226,23.600000000000023,31,fit:a6b774a1f2999b796579114246cee0b4e1e606f476d6b3c15ce00e176bdfd56d:segment:006,6,7227.0,6994,activities/035_250815073628.csv,1,1,0,0
fit:a6b774a1f2999b796579114246cee0b4e1e606f476d6b3c15ce00e176bdfd56d,2025-08-15T07:36:57+00:00,54,154,151,93,9.18,23.600000000000023,31,fit:a6b774a1f2999b796579114246cee0b4e1e606f476d6b3c15ce00e176bdfd56d:segment:006,6,7228.0,6995,activities/035_250815073628.csv,1,1,0,0
fit:a6b774a1f2999b796579114246cee0b4e1e606f476d6b3c15ce00e176bdfd56d,2025-08-15T07:36:58+00:00,55,170,150,93,9.209,23.0,31,fit:a6b774a1f2999b796579114246cee0b4e1e606f476d6b3c15ce00e176bdfd56d:segment:006,6,7229.0,6996,activities/035_250815073628.csv,1,1,0,0
fit:a6b774a1f2999b796579114246cee0b4e1e606f476d6b3c15ce00e176bdfd56d,2025-08-15T07:36:59+00:00,56,141,150,93,9.247,23.0,31,fit:a6b774a1f2999b796579114246cee0b4e1e606f476d6b3c15ce00e176bdfd56d:segment:006,6,7230.0,6997,activities/035_250815073628.csv,1,1,0,0
fit:a6b774a1f2999b796579114246cee0b4e1e606f476d6b3c15ce00e176bdfd56d,2025-08-15T07:37:00+00:00,57,138,149,94,9.211,23.0,31,fit:a6b774a1f2999b796579114246cee0b4e1e606f476d6b3c15ce00e176bdfd56d:segment:006,6,7231.0,6998,activities/035_250815073628.csv,1,1,0,0
fit:a6b774a1f2999b796579114246cee0b4e1e606f476d6b3c15ce00e176bdfd56d,2025-08-15T07:37:01+00:00,58,186,149,94,9.237,23.399999999999977,31,fit:a6b774a1f2999b796579114246cee0b4e1e606f476d6b3c15ce00e176bdfd56d:segment:006,6,7232.0,6999,activities/035_250815073628.csv,1,1,0,0
fit:a6b774a1f2999b796579114246cee0b4e1e606f476d6b3c15ce00e176bdfd56d,2025-08-15T07:37:02+00:00,59,186,149,94,9.24,23.399999999999977,31,fit:a6b774a1f2999b796579114246cee0b4e1e606f476d6b3c15ce00e176bdfd56d:segment:006,6,7233.0,7000,activities/035_250815073628.csv,1,1,0,0
fit:a6b774a1f2999b796579114246cee0b4e1e606f476d6b3c15ce00e176bdfd56d,2025-08-15T07:37:03+00:00,60,114,148,94,9.186,23.399999999999977,31,fit:a6b774a1f2999b796579114246cee0b4e1e606f476d6b3c15ce00e176bdfd56d:segment:006,6,7234.0,7001,activities/035_250815073628.csv,1,1,0,0
fit:a6b774a1f2999b796579114246cee0b4e1e606f476d6b3c15ce00e176bdfd56d,2025-08-15T07:37:04+00:00,61,111,148,94,9.159,23.399999999999977,31,fit:a6b774a1f2999b796579114246cee0b4e1e606f476d6b3c15ce00e176bdfd56d:segment:006,6,7235.0,7002,activities/035_250815073628.csv,1,1,0,0
fit:a6b774a1f2999b796579114246cee0b4e1e606f476d6b3c15ce00e176bdfd56d,2025-08-15T07:37:05+00:00,62,117,147,94,9.237,23.0,31,fit:a6b774a1f2999b796579114246cee0b4e1e606f476d6b3c15ce00e176bdfd56d:segment:006,6,7236.0,7003,activities/035_250815073628.csv,1,1,0,0
fit:a6b774a1f2999b796579114246cee0b4e1e606f476d6b3c15ce00e176bdfd56d,2025-08-15T07:37:06+00:00,63,110,147,94,9.269,23.0,31,fit:a6b774a1f2999b796579114246cee0b4e1e606f476d6b3c15ce00e176bdfd56d:segment:006,6,7237.0,7004,activities/035_250815073628.csv,1,1,0,0
fit:a6b774a1f2999b796579114246cee0b4e1e606f476d6b3c15ce00e176bdfd56d,2025-08-15T07:37:07+00:00,64,110,146,94,9.229,23.0,31,fit:a6b774a1f2999b796579114246cee0b4e1e606f476d6b3c15ce00e176bdfd56d:segment:006,6,7238.0,7005,activities/035_250815073628.csv,1,1,0,0
fit:a6b774a1f2999b796579114246cee0b4e1e606f476d6b3c15ce00e176bdfd56d,2025-08-15T07:37:08+00:00,65,105,145,94,9.257,23.0,31,fit:a6b774a1f2999b796579114246cee0b4e1e606f476d6b3c15ce00e176bdfd56d:segment:006,6,7239.0,7006,activities/035_250815073628.csv,1,1,0,0
fit:a6b774a1f2999b796579114246cee0b4e1e606f476d6b3c15ce00e176bdfd56d,2025-08-15T07:37:09+00:00,66,105,144,94,9.162,24.0,31,fit:a6b774a1f2999b796579114246cee0b4e1e606f476d6b3c15ce00e176bdfd56d:segment:006,6,7240.0,7007,activities/035_250815073628.csv,1,1,0,0
fit:a6b774a1f2999b796579114246cee0b4e1e606f476d6b3c15ce00e176bdfd56d,2025-08-15T07:37:10+00:00,67,105,144,94,9.043,24.799999999999955,31,fit:a6b774a1f2999b796579114246cee0b4e1e606f476d6b3c15ce00e176bdfd56d:segment:006,6,7241.0,7008,activities/035_250815073628.csv,1,1,0,0
fit:a6b774a1f2999b796579114246cee0b4e1e606f476d6b3c15ce00e176bdfd56d,2025-08-15T07:37:11+00:00,68,102,144,94,8.985,24.799999999999955,31,fit:a6b774a1f2999b796579114246cee0b4e1e606f476d6b3c15ce00e176bdfd56d:segment:006,6,7242.0,7009,activities/035_250815073628.csv,1,1,0,0
fit:a6b774a1f2999b796579114246cee0b4e1e606f476d6b3c15ce00e176bdfd56d,2025-08-15T07:37:12+00:00,69,93,143,89,8.859,24.799999999999955,31,fit:a6b774a1f2999b796579114246cee0b4e1e606f476d6b3c15ce00e176bdfd56d:segment:006,6,7243.0,7010,activities/035_250815073628.csv,1,1,0,0
fit:a6b774a1f2999b796579114246cee0b4e1e606f476d6b3c15ce00e176bdfd56d,2025-08-15T07:37:13+00:00,70,84,142,85,8.672,23.799999999999955,31,fit:a6b774a1f2999b796579114246cee0b4e1e606f476d6b3c15ce00e176bdfd56d:segment:006,6,7244.0,7011,activities/035_250815073628.csv,1,1,0,0
fit:a6b774a1f2999b796579114246cee0b4e1e606f476d6b3c15ce00e176bdfd56d,2025-08-15T07:37:14+00:00,71,0,141,0,8.514,23.799999999999955,31,fit:a6b774a1f2999b796579114246cee0b4e1e606f476d6b3c15ce00e176bdfd56d:segment:006,6,7245.0,7012,activities/035_250815073628.csv,1,1,0,0
fit:a6b774a1f2999b796579114246cee0b4e1e606f476d6b3c15ce00e176bdfd56d,2025-08-15T07:37:15+00:00,72,0,141,0,8.293,23.799999999999955,31,fit:a6b774a1f2999b796579114246cee0b4e1e606f476d6b3c15ce00e176bdfd56d:segment:006,6,7246.0,7013,activities/035_250815073628.csv,1,1,0,0
fit:a6b774a1f2999b796579114246cee0b4e1e606f476d6b3c15ce00e176bdfd56d,2025-08-15T07:37:16+00:00,73,0,140,0,8.106,23.799999999999955,31,fit:a6b774a1f2999b796579114246cee0b4e1e606f476d6b3c15ce00e176bdfd56d:segment:006,6,7247.0,7014,activities/035_250815073628.csv,1,1,0,0
fit:a6b774a1f2999b796579114246cee0b4e1e606f476d6b3c15ce00e176bdfd56d,2025-08-15T07:37:17+00:00,74,243,138,82,8.086,23.799999999999955,31,fit:a6b774a1f2999b796579114246cee0b4e1e606f476d6b3c15ce00e176bdfd56d:segment:006,6,7248.0,7015,activities/035_250815073628.csv,1,1,0,0
fit:a6b774a1f2999b796579114246cee0b4e1e606f476d6b3c15ce00e176bdfd56d,2025-08-15T07:37:18+00:00,75,192,137,81,8.125,24.0,31,fit:a6b774a1f2999b796579114246cee0b4e1e606f476d6b3c15ce00e176bdfd56d:segment:006,6,7249.0,7016,activities/035_250815073628.csv,1,1,0,0
fit:a6b774a1f2999b796579114246cee0b4e1e606f476d6b3c15ce00e176bdfd56d,2025-08-15T07:37:19+00:00,76,165,137,81,8.093,24.0,31,fit:a6b774a1f2999b796579114246cee0b4e1e606f476d6b3c15ce00e176bdfd56d:segment:006,6,7250.0,7017,activities/035_250815073628.csv,1,1,0,0
fit:a6b774a1f2999b796579114246cee0b4e1e606f476d6b3c15ce00e176bdfd56d,2025-08-15T07:37:20+00:00,77,140,136,84,8.142,24.0,31,fit:a6b774a1f2999b796579114246cee0b4e1e606f476d6b3c15ce00e176bdfd56d:segment:006,6,7251.0,7018,activities/035_250815073628.csv,1,1,0,0
fit:a6b774a1f2999b796579114246cee0b4e1e606f476d6b3c15ce00e176bdfd56d,2025-08-15T07:37:21+00:00,78,164,135,88,8.357,23.0,31,fit:a6b774a1f2999b796579114246cee0b4e1e606f476d6b3c15ce00e176bdfd56d:segment:006,6,7252.0,7019,activities/035_250815073628.csv,1,1,0,0
fit:a6b774a1f2999b796579114246cee0b4e1e606f476d6b3c15ce00e176bdfd56d,2025-08-15T07:37:22+00:00,79,132,135,92,8.635,22.0,31,fit:a6b774a1f2999b796579114246cee0b4e1e606f476d6b3c15ce00e176bdfd56d:segment:006,6,7253.0,7020,activities/035_250815073628.csv,1,1,0,0
fit:a6b774a1f2999b796579114246cee0b4e1e606f476d6b3c15ce00e176bdfd56d,2025-08-15T07:37:23+00:00,80,139,135,93,8.843,22.0,31,fit:a6b774a1f2999b796579114246cee0b4e1e606f476d6b3c15ce00e176bdfd56d:segment:006,6,7254.0,7021,activities/035_250815073628.csv,1,1,0,0
fit:a6b774a1f2999b796579114246cee0b4e1e606f476d6b3c15ce00e176bdfd56d,2025-08-15T07:37:24+00:00,81,134,135,95,9.011,22.0,31,fit:a6b774a1f2999b796579114246cee0b4e1e606f476d6b3c15ce00e176bdfd56d:segment:006,6,7255.0,7022,activities/035_250815073628.csv,1,1,0,0
fit:a6b774a1f2999b796579114246cee0b4e1e606f476d6b3c15ce00e176bdfd56d,2025-08-15T07:37:25+00:00,82,121,135,96,9.162,22.0,31,fit:a6b774a1f2999b796579114246cee0b4e1e606f476d6b3c15ce00e176bdfd56d:segment:006,6,7256.0,7023,activities/035_250815073628.csv,1,1,0,0
fit:a6b774a1f2999b796579114246cee0b4e1e606f476d6b3c15ce00e176bdfd56d,2025-08-15T07:37:26+00:00,83,125,134,96,9.336,21.0,31,fit:a6b774a1f2999b796579114246cee0b4e1e606f476d6b3c15ce00e176bdfd56d:segment:006,6,7257.0,7024,activities/035_250815073628.csv,1,1,0,0
fit:a6b774a1f2999b796579114246cee0b4e1e606f476d6b3c15ce00e176bdfd56d,2025-08-15T07:37:27+00:00,84,126,134,97,9.466,21.0,31,fit:a6b774a1f2999b796579114246cee0b4e1e606f476d6b3c15ce00e176bdfd56d:segment:006,6,7258.0,7025,activities/035_250815073628.csv,1,1,0,0
fit:a6b774a1f2999b796579114246cee0b4e1e606f476d6b3c15ce00e176bdfd56d,2025-08-15T07:37:28+00:00,85,127,134,97,9.486,21.0,31,fit:a6b774a1f2999b796579114246cee0b4e1e606f476d6b3c15ce00e176bdfd56d:segment:006,6,7259.0,7026,activities/035_250815073628.csv,1,1,0,0
fit:a6b774a1f2999b796579114246cee0b4e1e606f476d6b3c15ce00e176bdfd56d,2025-08-15T07:37:29+00:00,86,132,133,97,9.5,21.600000000000023,31,fit:a6b774a1f2999b796579114246cee0b4e1e606f476d6b3c15ce00e176bdfd56d:segment:006,6,7260.0,7027,activities/035_250815073628.csv,1,1,0,0
fit:a6b774a1f2999b796579114246cee0b4e1e606f476d6b3c15ce00e176bdfd56d,2025-08-15T07:37:30+00:00,87,124,133,97,9.536,22.200000000000045,31,fit:a6b774a1f2999b796579114246cee0b4e1e606f476d6b3c15ce00e176bdfd56d:segment:006,6,7261.0,7028,activities/035_250815073628.csv,1,1,0,0
fit:a6b774a1f2999b796579114246cee0b4e1e606f476d6b3c15ce00e176bdfd56d,2025-08-15T07:37:31+00:00,88,138,133,97,9.585,22.200000000000045,31,fit:a6b774a1f2999b796579114246cee0b4e1e606f476d6b3c15ce00e176bdfd56d:segment:006,6,7262.0,7029,activities/035_250815073628.csv,1,1,0,0
fit:a6b774a1f2999b796579114246cee0b4e1e606f476d6b3c15ce00e176bdfd56d,2025-08-15T07:37:32+00:00,89,132,133,97,9.469,22.200000000000045,31,fit:a6b774a1f2999b796579114246cee0b4e1e606f476d6b3c15ce00e176bdfd56d:segment:006,6,7263.0,7030,activities/035_250815073628.csv,1,1,0,0
fit:a6b774a1f2999b796579114246cee0b4e1e606f476d6b3c15ce00e176bdfd56d,2025-08-15T07:37:33+00:00,90,138,134,97,9.462,21.600000000000023,31,fit:a6b774a1f2999b796579114246cee0b4e1e606f476d6b3c15ce00e176bdfd56d:segment:006,6,7264.0,7031,activities/035_250815073628.csv,1,1,0,0
fit:a6b774a1f2999b796579114246cee0b4e1e606f476d6b3c15ce00e176bdfd56d,2025-08-15T07:37:34+00:00,91,124,134,97,9.548,22.399999999999977,31,fit:a6b774a1f2999b796579114246cee0b4e1e606f476d6b3c15ce00e176bdfd56d:segment:006,6,7265.0,7032,activities/035_250815073628.csv,1,1,0,0
fit:a6b774a1f2999b796579114246cee0b4e1e606f476d6b3c15ce00e176bdfd56d,2025-08-15T07:37:35+00:00,92,124,134,97,9.545,22.399999999999977,31,fit:a6b774a1f2999b796579114246cee0b4e1e606f476d6b3c15ce00e176bdfd56d:segment:006,6,7266.0,7033,activities/035_250815073628.csv,1,1,0,0
fit:a6b774a1f2999b796579114246cee0b4e1e606f476d6b3c15ce00e176bdfd56d,2025-08-15T07:37:36+00:00,93,146,135,96,9.444,22.399999999999977,31,fit:a6b774a1f2999b796579114246cee0b4e1e606f476d6b3c15ce00e176bdfd56d:segment:006,6,7267.0,7034,activities/035_250815073628.csv,1,1,0,0
fit:a6b774a1f2999b796579114246cee0b4e1e606f476d6b3c15ce00e176bdfd56d,2025-08-15T07:37:37+00:00,94,147,135,95,9.367,21.600000000000023,31,fit:a6b774a1f2999b796579114246cee0b4e1e606f476d6b3c15ce00e176bdfd56d:segment:006,6,7268.0,7035,activities/035_250815073628.csv,1,1,0,0
fit:a6b774a1f2999b796579114246cee0b4e1e606f476d6b3c15ce00e176bdfd56d,2025-08-15T07:37:38+00:00,95,138,135,94,9.26,21.0,31,fit:a6b774a1f2999b796579114246cee0b4e1e606f476d6b3c15ce00e176bdfd56d:segment:006,6,7269.0,7036,activities/035_250815073628.csv,1,1,0,0
fit:a6b774a1f2999b796579114246cee0b4e1e606f476d6b3c15ce00e176bdfd56d,2025-08-15T07:37:39+00:00,96,146,135,93,9.23,21.0,31,fit:a6b774a1f2999b796579114246cee0b4e1e606f476d6b3c15ce00e176bdfd56d:segment:006,6,7270.0,7037,activities/035_250815073628.csv,1,1,0,0
fit:a6b774a1f2999b796579114246cee0b4e1e606f476d6b3c15ce00e176bdfd56d,2025-08-15T07:37:40+00:00,97,146,134,93,9.131,21.0,31,fit:a6b774a1f2999b796579114246cee0b4e1e606f476d6b3c15ce00e176bdfd56d:segment:006,6,7271.0,7038,activities/035_250815073628.csv,1,1,0,0
fit:a6b774a1f2999b796579114246cee0b4e1e606f476d6b3c15ce00e176bdfd56d,2025-08-15T07:37:41+00:00,98,147,134,93,9.181,21.399999999999977,31,fit:a6b774a1f2999b796579114246cee0b4e1e606f476d6b3c15ce00e176bdfd56d:segment:006,6,7272.0,7039,activities/035_250815073628.csv,1,1,0,0
fit:a6b774a1f2999b796579114246cee0b4e1e606f476d6b3c15ce00e176bdfd56d,2025-08-15T07:37:42+00:00,99,135,134,93,9.089,20.799999999999955,31,fit:a6b774a1f2999b796579114246cee0b4e1e606f476d6b3c15ce00e176bdfd56d:segment:006,6,7273.0,7040,activities/035_250815073628.csv,1,1,0,0
fit:a6b774a1f2999b796579114246cee0b4e1e606f476d6b3c15ce00e176bdfd56d,2025-08-15T07:37:43+00:00,100,126,135,93,9.0,20.799999999999955,31,fit:a6b774a1f2999b796579114246cee0b4e1e606f476d6b3c15ce00e176bdfd56d:segment:006,6,7274.0,7041,activities/035_250815073628.csv,1,1,0,0
fit:a6b774a1f2999b796579114246cee0b4e1e606f476d6b3c15ce00e176bdfd56d,2025-08-15T07:37:44+00:00,101,129,134,94,9.028,20.799999999999955,31,fit:a6b774a1f2999b796579114246cee0b4e1e606f476d6b3c15ce00e176bdfd56d:segment:006,6,7275.0,7042,activities/035_250815073628.csv,1,1,0,0
fit:a6b774a1f2999b796579114246cee0b4e1e606f476d6b3c15ce00e176bdfd56d,2025-08-15T07:37:45+00:00,102,130,134,94,9.021,21.0,31,fit:a6b774a1f2999b796579114246cee0b4e1e606f476d6b3c15ce00e176bdfd56d:segment:006,6,7276.0,7043,activities/035_250815073628.csv,1,1,0,0
fit:a6b774a1f2999b796579114246cee0b4e1e606f476d6b3c15ce00e176bdfd56d,2025-08-15T07:37:46+00:00,103,112,134,95,9.097,21.399999999999977,31,fit:a6b774a1f2999b796579114246cee0b4e1e606f476d6b3c15ce00e176bdfd56d:segment:006,6,7277.0,7044,activities/035_250815073628.csv,1,1,0,0
fit:a6b774a1f2999b796579114246cee0b4e1e606f476d6b3c15ce00e176bdfd56d,2025-08-15T07:37:47+00:00,104,158,134,96,9.001,21.399999999999977,31,fit:a6b774a1f2999b796579114246cee0b4e1e606f476d6b3c15ce00e176bdfd56d:segment:006,6,7278.0,7045,activities/035_250815073628.csv,1,1,0,0
fit:a6b774a1f2999b796579114246cee0b4e1e606f476d6b3c15ce00e176bdfd56d,2025-08-15T07:37:48+00:00,105,158,134,96,9.112,21.399999999999977,31,fit:a6b774a1f2999b796579114246cee0b4e1e606f476d6b3c15ce00e176bdfd56d:segment:006,6,7279.0,7046,activities/035_250815073628.csv,1,1,0,0
fit:a6b774a1f2999b796579114246cee0b4e1e606f476d6b3c15ce00e176bdfd56d,2025-08-15T07:37:49+00:00,106,138,134,97,9.241,20.600000000000023,31,fit:a6b774a1f2999b796579114246cee0b4e1e606f476d6b3c15ce00e176bdfd56d:segment:006,6,7280.0,7047,activities/035_250815073628.csv,1,1,0,0
fit:a6b774a1f2999b796579114246cee0b4e1e606f476d6b3c15ce00e176bdfd56d,2025-08-15T07:37:50+00:00,107,109,134,97,9.384,21.200000000000045,31,fit:a6b774a1f2999b796579114246cee0b4e1e606f476d6b3c15ce00e176bdfd56d:segment:006,6,7281.0,7048,activities/035_250815073628.csv,1,1,0,0
fit:a6b774a1f2999b796579114246cee0b4e1e606f476d6b3c15ce00e176bdfd56d,2025-08-15T07:37:51+00:00,108,105,134,98,9.565,21.200000000000045,31,fit:a6b774a1f2999b796579114246cee0b4e1e606f476d6b3c15ce00e176bdfd56d:segment:006,6,7282.0,7049,activities/035_250815073628.csv,1,1,0,0
fit:a6b774a1f2999b796579114246cee0b4e1e606f476d6b3c15ce00e176bdfd56d,2025-08-15T07:37:52+00:00,109,104,134,96,9.624,21.200000000000045,31,fit:a6b774a1f2999b796579114246cee0b4e1e606f476d6b3c15ce00e176bdfd56d:segment:006,6,7283.0,7050,activities/035_250815073628.csv,1,1,0,0
fit:a6b774a1f2999b796579114246cee0b4e1e606f476d6b3c15ce00e176bdfd56d,2025-08-15T07:37:53+00:00,110,104,134,96,9.598,20.200000000000045,31,fit:a6b774a1f2999b796579114246cee0b4e1e606f476d6b3c15ce00e176bdfd56d:segment:006,6,7284.0,7051,activities/035_250815073628.csv,1,1,0,0
fit:a6b774a1f2999b796579114246cee0b4e1e606f476d6b3c15ce00e176bdfd56d,2025-08-15T07:37:54+00:00,111,104,134,96,9.543,20.0,31,fit:a6b774a1f2999b796579114246cee0b4e1e606f476d6b3c15ce00e176bdfd56d:segment:006,6,7285.0,7052,activities/035_250815073628.csv,1,1,0,0
fit:a6b774a1f2999b796579114246cee0b4e1e606f476d6b3c15ce00e176bdfd56d,2025-08-15T07:37:55+00:00,112,0,134,95,9.331,20.0,31,fit:a6b774a1f2999b796579114246cee0b4e1e606f476d6b3c15ce00e176bdfd56d:segment:006,6,7286.0,7053,activities/035_250815073628.csv,1,1,0,0
fit:a6b774a1f2999b796579114246cee0b4e1e606f476d6b3c15ce00e176bdfd56d,2025-08-15T07:37:56+00:00,113,0,134,0,8.658,20.0,31,fit:a6b774a1f2999b796579114246cee0b4e1e606f476d6b3c15ce00e176bdfd56d:segment:006,6,7287.0,7054,activities/035_250815073628.csv,1,1,0,0
fit:a6b774a1f2999b796579114246cee0b4e1e606f476d6b3c15ce00e176bdfd56d,2025-08-15T07:37:57+00:00,114,0,134,0,7.542,21.0,31,fit:a6b774a1f2999b796579114246cee0b4e1e606f476d6b3c15ce00e176bdfd56d:segment:006,6,7288.0,7055,activities/035_250815073628.csv,1,1,0,0
fit:a6b774a1f2999b796579114246cee0b4e1e606f476d6b3c15ce00e176bdfd56d,2025-08-15T07:37:58+00:00,115,0,133,0,6.296,21.799999999999955,31,fit:a6b774a1f2999b796579114246cee0b4e1e606f476d6b3c15ce00e176bdfd56d:segment:006,6,7289.0,7056,activities/035_250815073628.csv,1,1,0,0
fit:a6b774a1f2999b796579114246cee0b4e1e606f476d6b3c15ce00e176bdfd56d,2025-08-15T07:37:59+00:00,116,0,133,0,4.933,21.799999999999955,31,fit:a6b774a1f2999b796579114246cee0b4e1e606f476d6b3c15ce00e176bdfd56d:segment:006,6,7290.0,7057,activities/035_250815073628.csv,1,1,0,0
fit:a6b774a1f2999b796579114246cee0b4e1e606f476d6b3c15ce00e176bdfd56d,2025-08-15T07:38:00+00:00,117,0,132,0,4.028,21.799999999999955,31,fit:a6b774a1f2999b796579114246cee0b4e1e606f476d6b3c15ce00e176bdfd56d:segment:006,6,7291.0,7058,activities/035_250815073628.csv,1,1,0,0
fit:a6b774a1f2999b796579114246cee0b4e1e606f476d6b3c15ce00e176bdfd56d,2025-08-15T07:38:01+00:00,118,0,130,0,3.24,21.799999999999955,31,fit:a6b774a1f2999b796579114246cee0b4e1e606f476d6b3c15ce00e176bdfd56d:segment:006,6,7292.0,7059,activities/035_250815073628.csv,1,1,0,0
fit:a6b774a1f2999b796579114246cee0b4e1e606f476d6b3c15ce00e176bdfd56d,2025-08-15T07:38:02+00:00,119,0,130,0,2.729,21.600000000000023,31,fit:a6b774a1f2999b796579114246cee0b4e1e606f476d6b3c15ce00e176bdfd56d:segment:006,6,7293.0,7060,activities/035_250815073628.csv,1,1,0,0
fit:a6b774a1f2999b796579114246cee0b4e1e606f476d6b3c15ce00e176bdfd56d,2025-08-15T07:38:03+00:00,120,0,128,0,2.289,21.600000000000023,31,fit:a6b774a1f2999b796579114246cee0b4e1e606f476d6b3c15ce00e176bdfd56d:segment:006,6,7294.0,7061,activities/035_250815073628.csv,1,1,0,0
fit:a6b774a1f2999b796579114246cee0b4e1e606f476d6b3c15ce00e176bdfd56d,2025-08-15T07:38:04+00:00,121,0,126,0,2.22,21.600000000000023,31,fit:a6b774a1f2999b796579114246cee0b4e1e606f476d6b3c15ce00e176bdfd56d:segment:006,6,7295.0,7062,activities/035_250815073628.csv,1,1,0,0
fit:a6b774a1f2999b796579114246cee0b4e1e606f476d6b3c15ce00e176bdfd56d,2025-08-15T07:38:05+00:00,122,0,125,0,2.449,21.600000000000023,31,fit:a6b774a1f2999b796579114246cee0b4e1e606f476d6b3c15ce00e176bdfd56d:segment:006,6,7296.0,7063,activities/035_250815073628.csv,1,1,0,0
fit:a6b774a1f2999b796579114246cee0b4e1e606f476d6b3c15ce00e176bdfd56d,2025-08-15T07:38:06+00:00,123,0,125,0,2.795,22.0,31,fit:a6b774a1f2999b796579114246cee0b4e1e606f476d6b3c15ce00e176bdfd56d:segment:006,6,7297.0,7064,activities/035_250815073628.csv,1,1,0,0
fit:a6b774a1f2999b796579114246cee0b4e1e606f476d6b3c15ce00e176bdfd56d,2025-08-15T07:38:07+00:00,124,0,124,0,3.189,22.0,31,fit:a6b774a1f2999b796579114246cee0b4e1e606f476d6b3c15ce00e176bdfd56d:segment:006,6,7298.0,7065,activities/035_250815073628.csv,1,1,0,0
fit:a6b774a1f2999b796579114246cee0b4e1e606f476d6b3c15ce00e176bdfd56d,2025-08-15T07:38:08+00:00,125,0,124,0,2.869,22.0,31,fit:a6b774a1f2999b796579114246cee0b4e1e606f476d6b3c15ce00e176bdfd56d:segment:006,6,7299.0,7066,activities/035_250815073628.csv,1,1,0,0
fit:a6b774a1f2999b796579114246cee0b4e1e606f476d6b3c15ce00e176bdfd56d,2025-08-15T07:38:09+00:00,126,0,124,0,2.368,21.600000000000023,31,fit:a6b774a1f2999b796579114246cee0b4e1e606f476d6b3c15ce00e176bdfd56d:segment:006,6,7300.0,7067,activities/035_250815073628.csv,1,1,0,0
fit:a6b774a1f2999b796579114246cee0b4e1e606f476d6b3c15ce00e176bdfd56d,2025-08-15T07:38:10+00:00,127,0,123,0,2.09,22.0,31,fit:a6b774a1f2999b796579114246cee0b4e1e606f476d6b3c15ce00e176bdfd56d:segment:006,6,7301.0,7068,activities/035_250815073628.csv,1,1,0,0
fit:a6b774a1f2999b796579114246cee0b4e1e606f476d6b3c15ce00e176bdfd56d,2025-08-15T07:38:11+00:00,128,0,123,0,2.009,22.0,31,fit:a6b774a1f2999b796579114246cee0b4e1e606f476d6b3c15ce00e176bdfd56d:segment:006,6,7302.0,7069,activities/035_250815073628.csv,1,1,0,0
fit:a6b774a1f2999b796579114246cee0b4e1e606f476d6b3c15ce00e176bdfd56d,2025-08-15T07:38:12+00:00,129,0,120,0,2.101,22.0,31,fit:a6b774a1f2999b796579114246cee0b4e1e606f476d6b3c15ce00e176bdfd56d:segment:006,6,7303.0,7070,activities/035_250815073628.csv,1,1,0,0
fit:a6b774a1f2999b796579114246cee0b4e1e606f476d6b3c15ce00e176bdfd56d,2025-08-15T07:38:13+00:00,130,98,120,0,2.453,22.0,31,fit:a6b774a1f2999b796579114246cee0b4e1e606f476d6b3c15ce00e176bdfd56d:segment:006,6,7304.0,7071,activities/035_250815073628.csv,1,1,0,0
fit:a6b774a1f2999b796579114246cee0b4e1e606f476d6b3c15ce00e176bdfd56d,2025-08-15T07:38:14+00:00,131,98,119,24,2.684,21.0,31,fit:a6b774a1f2999b796579114246cee0b4e1e606f476d6b3c15ce00e176bdfd56d:segment:006,6,7305.0,7072,activities/035_250815073628.csv,1,1,0,0
fit:a6b774a1f2999b796579114246cee0b4e1e606f476d6b3c15ce00e176bdfd56d,2025-08-15T07:38:15+00:00,132,144,119,29,2.836,21.0,31,fit:a6b774a1f2999b796579114246cee0b4e1e606f476d6b3c15ce00e176bdfd56d:segment:006,6,7306.0,7073,activities/035_250815073628.csv,1,1,0,0
fit:a6b774a1f2999b796579114246cee0b4e1e606f476d6b3c15ce00e176bdfd56d,2025-08-15T07:38:16+00:00,133,275,119,29,3.238,21.0,31,fit:a6b774a1f2999b796579114246cee0b4e1e606f476d6b3c15ce00e176bdfd56d:segment:006,6,7307.0,7074,activities/035_250815073628.csv,1,1,0,0
fit:a6b774a1f2999b796579114246cee0b4e1e606f476d6b3c15ce00e176bdfd56d,2025-08-15T07:38:17+00:00,134,275,118,37,3.481,22.0,31,fit:a6b774a1f2999b796579114246cee0b4e1e606f476d6b3c15ce00e176bdfd56d:segment:006,6,7308.0,7075,activities/035_250815073628.csv,1,1,0,0
fit:a6b774a1f2999b796579114246cee0b4e1e606f476d6b3c15ce00e176bdfd56d,2025-08-15T07:38:18+00:00,135,299,118,44,3.984,22.0,31,fit:a6b774a1f2999b796579114246cee0b4e1e606f476d6b3c15ce00e176bdfd56d:segment:006,6,7309.0,7076,activities/035_250815073628.csv,1,1,0,0
fit:a6b774a1f2999b796579114246cee0b4e1e606f476d6b3c15ce00e176bdfd56d,2025-08-15T07:38:19+00:00,136,299,118,47,4.207,22.0,31,fit:a6b774a1f2999b796579114246cee0b4e1e606f476d6b3c15ce00e176bdfd56d:segment:006,6,7310.0,7077,activities/035_250815073628.csv,1,1,0,0
fit:a6b774a1f2999b796579114246cee0b4e1e606f476d6b3c15ce00e176bdfd56d,2025-08-15T07:38:20+00:00,137,299,118,47,4.643,22.0,31,fit:a6b774a1f2999b796579114246cee0b4e1e606f476d6b3c15ce00e176bdfd56d:segment:006,6,7311.0,7078,activities/035_250815073628.csv,1,1,0,0
fit:a6b774a1f2999b796579114246cee0b4e1e606f476d6b3c15ce00e176bdfd56d,2025-08-15T07:38:21+00:00,138,289,118,50,4.86,23.0,31,fit:a6b774a1f2999b796579114246cee0b4e1e606f476d6b3c15ce00e176bdfd56d:segment:006,6,7312.0,7079,activities/035_250815073628.csv,1,1,0,0
fit:a6b774a1f2999b796579114246cee0b4e1e606f476d6b3c15ce00e176bdfd56d,2025-08-15T07:38:22+00:00,139,210,118,53,5.193,22.200000000000045,31,fit:a6b774a1f2999b796579114246cee0b4e1e606f476d6b3c15ce00e176bdfd56d:segment:006,6,7313.0,7080,activities/035_250815073628.csv,1,1,0,0
fit:a6b774a1f2999b796579114246cee0b4e1e606f476d6b3c15ce00e176bdfd56d,2025-08-15T07:38:23+00:00,140,167,119,60,5.649,22.200000000000045,31,fit:a6b774a1f2999b796579114246cee0b4e1e606f476d6b3c15ce00e176bdfd56d:segment:006,6,7314.0,7081,activities/035_250815073628.csv,1,1,0,0
fit:a6b774a1f2999b796579114246cee0b4e1e606f476d6b3c15ce00e176bdfd56d,2025-08-15T07:38:24+00:00,141,144,121,71,6.224,22.200000000000045,31,fit:a6b774a1f2999b796579114246cee0b4e1e606f476d6b3c15ce00e176bdfd56d:segment:006,6,7315.0,7082,activities/035_250815073628.csv,1,1,0,0
fit:a6b774a1f2999b796579114246cee0b4e1e606f476d6b3c15ce00e176bdfd56d,2025-08-15T07:38:25+00:00,142,135,121,76,6.676,21.200000000000045,31,fit:a6b774a1f2999b796579114246cee0b4e1e606f476d6b3c15ce00e176bdfd56d:segment:006,6,7316.0,7083,activities/035_250815073628.csv,1,1,0,0
fit:a6b774a1f2999b796579114246cee0b4e1e606f476d6b3c15ce00e176bdfd56d,2025-08-15T07:38:26+00:00,143,132,123,79,7.213,20.799999999999955,31,fit:a6b774a1f2999b796579114246cee0b4e1e606f476d6b3c15ce00e176bdfd56d:segment:006,6,7317.0,7084,activities/035_250815073628.csv,1,1,0,0
fit:a6b774a1f2999b796579114246cee0b4e1e606f476d6b3c15ce00e176bdfd56d,2025-08-15T07:38:27+00:00,144,148,125,84,7.649,20.799999999999955,31,fit:a6b774a1f2999b796579114246cee0b4e1e606f476d6b3c15ce00e176bdfd56d:segment:006,6,7318.0,7085,activities/035_250815073628.csv,1,1,0,0
fit:a6b774a1f2999b796579114246cee0b4e1e606f476d6b3c15ce00e176bdfd56d,2025-08-15T07:38:28+00:00,145,172,125,86,7.948,20.799999999999955,31,fit:a6b774a1f2999b796579114246cee0b4e1e606f476d6b3c15ce00e176bdfd56d:segment:006,6,7319.0,7086,activities/035_250815073628.csv,1,1,0,0
fit:a6b774a1f2999b796579114246cee0b4e1e606f476d6b3c15ce00e176bdfd56d,2025-08-15T07:38:29+00:00,146,94,126,87,8.213,20.399999999999977,31,fit:a6b774a1f2999b796579114246cee0b4e1e606f476d6b3c15ce00e176bdfd56d:segment:006,6,7320.0,7087,activities/035_250815073628.csv,1,1,0,0
fit:a6b774a1f2999b796579114246cee0b4e1e606f476d6b3c15ce00e176bdfd56d,2025-08-15T07:38:30+00:00,147,97,127,88,8.334,20.200000000000045,31,fit:a6b774a1f2999b796579114246cee0b4e1e606f476d6b3c15ce00e176bdfd56d:segment:006,6,7321.0,7088,activities/035_250815073628.csv,1,1,0,0
fit:a6b774a1f2999b796579114246cee0b4e1e606f476d6b3c15ce00e176bdfd56d,2025-08-15T07:38:31+00:00,148,106,128,88,8.535,20.200000000000045,31,fit:a6b774a1f2999b796579114246cee0b4e1e606f476d6b3c15ce00e176bdfd56d:segment:006,6,7322.0,7089,activities/035_250815073628.csv,1,1,0,0
fit:a6b774a1f2999b796579114246cee0b4e1e606f476d6b3c15ce00e176bdfd56d,2025-08-15T07:38:32+00:00,149,111,128,89,8.583,20.200000000000045,31,fit:a6b774a1f2999b796579114246cee0b4e1e606f476d6b3c15ce00e176bdfd56d:segment:006,6,7323.0,7090,activities/035_250815073628.csv,1,1,0,0
fit:a6b774a1f2999b796579114246cee0b4e1e606f476d6b3c15ce00e176bdfd56d,2025-08-15T07:38:33+00:00,150,108,130,89,8.705,20.200000000000045,31,fit:a6b774a1f2999b796579114246cee0b4e1e606f476d6b3c15ce00e176bdfd56d:segment:006,6,7324.0,7091,activities/035_250815073628.csv,1,1,0,0
fit:a6b774a1f2999b796579114246cee0b4e1e606f476d6b3c15ce00e176bdfd56d,2025-08-15T07:38:34+00:00,151,104,130,91,8.728,20.0,31,fit:a6b774a1f2999b796579114246cee0b4e1e606f476d6b3c15ce00e176bdfd56d:segment:006,6,7325.0,7092,activities/035_250815073628.csv,1,1,0,0
fit:a6b774a1f2999b796579114246cee0b4e1e606f476d6b3c15ce00e176bdfd56d,2025-08-15T07:38:35+00:00,152,116,130,91,8.789,20.0,31,fit:a6b774a1f2999b796579114246cee0b4e1e606f476d6b3c15ce00e176bdfd56d:segment:006,6,7326.0,7093,activities/035_250815073628.csv,1,1,0,0
fit:a6b774a1f2999b796579114246cee0b4e1e606f476d6b3c15ce00e176bdfd56d,2025-08-15T07:38:36+00:00,153,114,130,92,8.852,20.0,31,fit:a6b774a1f2999b796579114246cee0b4e1e606f476d6b3c15ce00e176bdfd56d:segment:006,6,7327.0,7094,activities/035_250815073628.csv,1,1,0,0
fit:a6b774a1f2999b796579114246cee0b4e1e606f476d6b3c15ce00e176bdfd56d,2025-08-15T07:38:37+00:00,154,112,131,92,8.902,20.0,31,fit:a6b774a1f2999b796579114246cee0b4e1e606f476d6b3c15ce00e176bdfd56d:segment:006,6,7328.0,7095,activities/035_250815073628.csv,1,1,0,0
fit:a6b774a1f2999b796579114246cee0b4e1e606f476d6b3c15ce00e176bdfd56d,2025-08-15T07:38:38+00:00,155,108,131,92,8.873,20.600000000000023,31,fit:a6b774a1f2999b796579114246cee0b4e1e606f476d6b3c15ce00e176bdfd56d:segment:006,6,7329.0,7096,activities/035_250815073628.csv,1,1,0,0
fit:a6b774a1f2999b796579114246cee0b4e1e606f476d6b3c15ce00e176bdfd56d,2025-08-15T07:38:39+00:00,156,111,131,91,8.861,20.600000000000023,31,fit:a6b774a1f2999b796579114246cee0b4e1e606f476d6b3c15ce00e176bdfd56d:segment:006,6,7330.0,7097,activities/035_250815073628.csv,1,1,0,0
fit:a6b774a1f2999b796579114246cee0b4e1e606f476d6b3c15ce00e176bdfd56d,2025-08-15T07:38:40+00:00,157,142,131,90,8.808,20.600000000000023,31,fit:a6b774a1f2999b796579114246cee0b4e1e606f476d6b3c15ce00e176bdfd56d:segment:006,6,7331.0,7098,activities/035_250815073628.csv,1,1,0,0
fit:a6b774a1f2999b796579114246cee0b4e1e606f476d6b3c15ce00e176bdfd56d,2025-08-15T07:38:41+00:00,158,142,132,90,8.786,19.600000000000023,31,fit:a6b774a1f2999b796579114246cee0b4e1e606f476d6b3c15ce00e176bdfd56d:segment:006,6,7332.0,7099,activities/035_250815073628.csv,1,1,0,0
fit:a6b774a1f2999b796579114246cee0b4e1e606f476d6b3c15ce00e176bdfd56d,2025-08-15T07:38:42+00:00,159,161,132,90,8.738,20.0,31,fit:a6b774a1f2999b796579114246cee0b4e1e606f476d6b3c15ce00e176bdfd56d:segment:006,6,7333.0,7100,activities/035_250815073628.csv,1,1,0,0
fit:a6b774a1f2999b796579114246cee0b4e1e606f476d6b3c15ce00e176bdfd56d,2025-08-15T07:38:43+00:00,160,158,132,90,8.706,20.0,31,fit:a6b774a1f2999b796579114246cee0b4e1e606f476d6b3c15ce00e176bdfd56d:segment:006,6,7334.0,7101,activities/035_250815073628.csv,1,1,0,0
fit:a6b774a1f2999b796579114246cee0b4e1e606f476d6b3c15ce00e176bdfd56d,2025-08-15T07:38:44+00:00,161,169,132,91,8.76,20.0,31,fit:a6b774a1f2999b796579114246cee0b4e1e606f476d6b3c15ce00e176bdfd56d:segment:006,6,7335.0,7102,activities/035_250815073628.csv,1,1,0,0
fit:a6b774a1f2999b796579114246cee0b4e1e606f476d6b3c15ce00e176bdfd56d,2025-08-15T07:38:45+00:00,162,155,132,91,8.747,20.0,31,fit:a6b774a1f2999b796579114246cee0b4e1e606f476d6b3c15ce00e176bdfd56d:segment:006,6,7336.0,7103,activities/035_250815073628.csv,1,1,0,0
fit:a6b774a1f2999b796579114246cee0b4e1e606f476d6b3c15ce00e176bdfd56d,2025-08-15T07:38:46+00:00,163,150,133,91,8.707,19.399999999999977,31,fit:a6b774a1f2999b796579114246cee0b4e1e606f476d6b3c15ce00e176bdfd56d:segment:006,6,7337.0,7104,activities/035_250815073628.csv,1,1,0,0
fit:a6b774a1f2999b796579114246cee0b4e1e606f476d6b3c15ce00e176bdfd56d,2025-08-15T07:38:47+00:00,164,151,133,90,8.765,19.399999999999977,31,fit:a6b774a1f2999b796579114246cee0b4e1e606f476d6b3c15ce00e176bdfd56d:segment:006,6,7338.0,7105,activities/035_250815073628.csv,1,1,0,0
fit:a6b774a1f2999b796579114246cee0b4e1e606f476d6b3c15ce00e176bdfd56d,2025-08-15T07:38:48+00:00,165,144,134,91,8.539,19.399999999999977,31,fit:a6b774a1f2999b796579114246cee0b4e1e606f476d6b3c15ce00e176bdfd56d:segment:006,6,7339.0,7106,activities/035_250815073628.csv,1,1,0,0
fit:a6b774a1f2999b796579114246cee0b4e1e606f476d6b3c15ce00e176bdfd56d,2025-08-15T07:38:49+00:00,166,148,134,92,8.162,19.399999999999977,31,fit:a6b774a1f2999b796579114246cee0b4e1e606f476d6b3c15ce00e176bdfd56d:segment:006,6,7340.0,7107,activities/035_250815073628.csv,1,1,0,0
fit:a6b774a1f2999b796579114246cee0b4e1e606f476d6b3c15ce00e176bdfd56d,2025-08-15T07:38:50+00:00,167,133,134,93,8.285,20.0,31,fit:a6b774a1f2999b796579114246cee0b4e1e606f476d6b3c15ce00e176bdfd56d:segment:006,6,7341.0,7108,activities/035_250815073628.csv,1,1,0,0
fit:a6b774a1f2999b796579114246cee0b4e1e606f476d6b3c15ce00e176bdfd56d,2025-08-15T07:38:51+00:00,168,136,135,93,9.132,20.0,31,fit:a6b774a1f2999b796579114246cee0b4e1e606f476d6b3c15ce00e176bdfd56d:segment:006,6,7342.0,7109,activities/035_250815073628.csv,1,1,0,0
fit:a6b774a1f2999b796579114246cee0b4e1e606f476d6b3c15ce00e176bdfd56d,2025-08-15T07:38:52+00:00,169,147,136,94,9.221,20.0,31,fit:a6b774a1f2999b796579114246cee0b4e1e606f476d6b3c15ce00e176bdfd56d:segment:006,6,7343.0,7110,activities/035_250815073628.csv,1,1,0,0
fit:a6b774a1f2999b796579114246cee0b4e1e606f476d6b3c15ce00e176bdfd56d,2025-08-15T07:38:53+00:00,170,153,136,96,9.293,19.399999999999977,31,fit:a6b774a1f2999b796579114246cee0b4e1e606f476d6b3c15ce00e176bdfd56d:segment:006,6,7344.0,7111,activities/035_250815073628.csv,1,1,0,0
fit:a6b774a1f2999b796579114246cee0b4e1e606f476d6b3c15ce00e176bdfd56d,2025-08-15T07:38:54+00:00,171,159,136,96,9.425,20.0,31,fit:a6b774a1f2999b796579114246cee0b4e1e606f476d6b3c15ce00e176bdfd56d:segment:006,6,7345.0,7112,activities/035_250815073628.csv,1,1,0,0
fit:a6b774a1f2999b796579114246cee0b4e1e606f476d6b3c15ce00e176bdfd56d,2025-08-15T07:38:55+00:00,172,159,137,96,9.567,20.0,31,fit:a6b774a1f2999b796579114246cee0b4e1e606f476d6b3c15ce00e176bdfd56d:segment:006,6,7346.0,7113,activities/035_250815073628.csv,1,1,0,0
fit:a6b774a1f2999b796579114246cee0b4e1e606f476d6b3c15ce00e176bdfd56d,2025-08-15T07:38:56+00:00,173,161,137,96,9.587,20.0,31,fit:a6b774a1f2999b796579114246cee0b4e1e606f476d6b3c15ce00e176bdfd56d:segment:006,6,7347.0,7114,activities/035_250815073628.csv,1,1,0,0
fit:a6b774a1f2999b796579114246cee0b4e1e606f476d6b3c15ce00e176bdfd56d,2025-08-15T07:38:57+00:00,174,148,137,96,9.468,19.0,31,fit:a6b774a1f2999b796579114246cee0b4e1e606f476d6b3c15ce00e176bdfd56d:segment:006,6,7348.0,7115,activities/035_250815073628.csv,1,1,0,0
fit:a6b774a1f2999b796579114246cee0b4e1e606f476d6b3c15ce00e176bdfd56d,2025-08-15T07:38:58+00:00,175,153,138,96,9.394,19.200000000000045,31,fit:a6b774a1f2999b796579114246cee0b4e1e606f476d6b3c15ce00e176bdfd56d:segment:006,6,7349.0,7116,activities/035_250815073628.csv,1,1,0,0
fit:a6b774a1f2999b796579114246cee0b4e1e606f476d6b3c15ce00e176bdfd56d,2025-08-15T07:38:59+00:00,176,151,139,95,9.349,19.200000000000045,31,fit:a6b774a1f2999b796579114246cee0b4e1e606f476d6b3c15ce00e176bdfd56d:segment:006,6,7350.0,7117,activities/035_250815073628.csv,1,1,0,0
fit:a6b774a1f2999b796579114246cee0b4e1e606f476d6b3c15ce00e176bdfd56d,2025-08-15T07:39:00+00:00,177,138,139,96,9.415,19.200000000000045,31,fit:a6b774a1f2999b796579114246cee0b4e1e606f476d6b3c15ce00e176bdfd56d:segment:006,6,7351.0,7118,activities/035_250815073628.csv,1,1,0,0
fit:a6b774a1f2999b796579114246cee0b4e1e606f476d6b3c15ce00e176bdfd56d,2025-08-15T07:39:01+00:00,178,160,139,95,9.341,19.200000000000045,31,fit:a6b774a1f2999b796579114246cee0b4e1e606f476d6b3c15ce00e176bdfd56d:segment:006,6,7352.0,7119,activities/035_250815073628.csv,1,1,0,0
fit:a6b774a1f2999b796579114246cee0b4e1e606f476d6b3c15ce00e176bdfd56d,2025-08-15T07:39:02+00:00,179,161,140,95,9.343,18.600000000000023,31,fit:a6b774a1f2999b796579114246cee0b4e1e606f476d6b3c15ce00e176bdfd56d:segment:006,6,7353.0,7120,activities/035_250815073628.csv,1,1,0,0
fit:a6b774a1f2999b796579114246cee0b4e1e606f476d6b3c15ce00e176bdfd56d,2025-08-15T07:39:03+00:00,180,138,140,95,9.331,18.600000000000023,31,fit:a6b774a1f2999b796579114246cee0b4e1e606f476d6b3c15ce00e176bdfd56d:segment:006,6,7354.0,7121,activities/035_250815073628.csv,1,1,0,0
fit:a6b774a1f2999b796579114246cee0b4e1e606f476d6b3c15ce00e176bdfd56d,2025-08-15T07:39:04+00:00,181,162,141,94,9.404,18.600000000000023,31,fit:a6b774a1f2999b796579114246cee0b4e1e606f476d6b3c15ce00e176bdfd56d:segment:006,6,7355.0,7122,activities/035_250815073628.csv,1,1,0,0
fit:a6b774a1f2999b796579114246cee0b4e1e606f476d6b3c15ce00e176bdfd56d,2025-08-15T07:39:05+00:00,182,136,141,95,9.387,19.600000000000023,31,fit:a6b774a1f2999b796579114246cee0b4e1e606f476d6b3c15ce00e176bdfd56d:segment:006,6,7356.0,7123,activities/035_250815073628.csv,1,1,0,0
fit:a6b774a1f2999b796579114246cee0b4e1e606f476d6b3c15ce00e176bdfd56d,2025-08-15T07:39:06+00:00,183,146,141,94,9.347,19.200000000000045,31,fit:a6b774a1f2999b796579114246cee0b4e1e606f476d6b3c15ce00e176bdfd56d:segment:006,6,7357.0,7124,activities/035_250815073628.csv,1,1,0,0
fit:a6b774a1f2999b796579114246cee0b4e1e606f476d6b3c15ce00e176bdfd56d,2025-08-15T07:39:07+00:00,184,146,141,95,9.344,19.200000000000045,31,fit:a6b774a1f2999b796579114246cee0b4e1e606f476d6b3c15ce00e176bdfd56d:segment:006,6,7358.0,7125,activities/035_250815073628.csv,1,1,0,0
fit:a6b774a1f2999b796579114246cee0b4e1e606f476d6b3c15ce00e176bdfd56d,2025-08-15T07:39:08+00:00,185,149,141,95,9.214,19.200000000000045,31,fit:a6b774a1f2999b796579114246cee0b4e1e606f476d6b3c15ce00e176bdfd56d:segment:006,6,7359.0,7126,activities/035_250815073628.csv,1,1,0,0
fit:a6b774a1f2999b796579114246cee0b4e1e606f476d6b3c15ce00e176bdfd56d,2025-08-15T07:39:09+00:00,186,160,142,96,9.324,19.200000000000045,31,fit:a6b774a1f2999b796579114246cee0b4e1e606f476d6b3c15ce00e176bdfd56d:segment:006,6,7360.0,7127,activities/035_250815073628.csv,1,1,0,0
fit:a6b774a1f2999b796579114246cee0b4e1e606f476d6b3c15ce00e176bdfd56d,2025-08-15T07:39:10+00:00,187,140,142,97,9.392,19.399999999999977,31,fit:a6b774a1f2999b796579114246cee0b4e1e606f476d6b3c15ce00e176bdfd56d:segment:006,6,7361.0,7128,activities/035_250815073628.csv,1,1,0,0
fit:a6b774a1f2999b796579114246cee0b4e1e606f476d6b3c15ce00e176bdfd56d,2025-08-15T07:39:11+00:00,188,122,142,97,9.458,19.399999999999977,31,fit:a6b774a1f2999b796579114246cee0b4e1e606f476d6b3c15ce00e176bdfd56d:segment:006,6,7362.0,7129,activities/035_250815073628.csv,1,1,0,0
fit:a6b774a1f2999b796579114246cee0b4e1e606f476d6b3c15ce00e176bdfd56d,2025-08-15T07:39:12+00:00,189,116,142,97,9.373,19.399999999999977,31,fit:a6b774a1f2999b796579114246cee0b4e1e606f476d6b3c15ce00e176bdfd56d:segment:006,6,7363.0,7130,activities/035_250815073628.csv,1,1,0,0
fit:a6b774a1f2999b796579114246cee0b4e1e606f476d6b3c15ce00e176bdfd56d,2025-08-15T07:39:13+00:00,190,128,142,96,9.341,19.399999999999977,31,fit:a6b774a1f2999b796579114246cee0b4e1e606f476d6b3c15ce00e176bdfd56d:segment:006,6,7364.0,7131,activities/035_250815073628.csv,1,1,0,0
fit:a6b774a1f2999b796579114246cee0b4e1e606f476d6b3c15ce00e176bdfd56d,2025-08-15T07:39:14+00:00,191,137,142,96,9.369,19.600000000000023,31,fit:a6b774a1f2999b796579114246cee0b4e1e606f476d6b3c15ce00e176bdfd56d:segment:006,6,7365.0,7132,activities/035_250815073628.csv,1,1,0,0
fit:a6b774a1f2999b796579114246cee0b4e1e606f476d6b3c15ce00e176bdfd56d,2025-08-15T07:39:15+00:00,192,151,141,96,9.449,19.600000000000023,31,fit:a6b774a1f2999b796579114246cee0b4e1e606f476d6b3c15ce00e176bdfd56d:segment:006,6,7366.0,7133,activities/035_250815073628.csv,1,1,0,0
fit:a6b774a1f2999b796579114246cee0b4e1e606f476d6b3c15ce00e176bdfd56d,2025-08-15T07:39:16+00:00,193,143,141,96,9.397,19.600000000000023,31,fit:a6b774a1f2999b796579114246cee0b4e1e606f476d6b3c15ce00e176bdfd56d:segment:006,6,7367.0,7134,activities/035_250815073628.csv,1,1,0,0
fit:a6b774a1f2999b796579114246cee0b4e1e606f476d6b3c15ce00e176bdfd56d,2025-08-15T07:39:17+00:00,194,192,141,95,9.424,19.0,31,fit:a6b774a1f2999b796579114246cee0b4e1e606f476d6b3c15ce00e176bdfd56d:segment:006,6,7368.0,7135,activities/035_250815073628.csv,1,1,0,0
fit:a6b774a1f2999b796579114246cee0b4e1e606f476d6b3c15ce00e176bdfd56d,2025-08-15T07:39:18+00:00,195,192,141,95,9.043,20.200000000000045,31,fit:a6b774a1f2999b796579114246cee0b4e1e606f476d6b3c15ce00e176bdfd56d:segment:006,6,7369.0,7136,activities/035_250815073628.csv,1,1,0,0
fit:a6b774a1f2999b796579114246cee0b4e1e606f476d6b3c15ce00e176bdfd56d,2025-08-15T07:39:19+00:00,196,235,141,95,8.938,20.200000000000045,31,fit:a6b774a1f2999b796579114246cee0b4e1e606f476d6b3c15ce00e176bdfd56d:segment:006,6,7370.0,7137,activities/035_250815073628.csv,1,1,0,0
fit:a6b774a1f2999b796579114246cee0b4e1e606f476d6b3c15ce00e176bdfd56d,2025-08-15T07:39:20+00:00,197,144,141,96,9.218,20.200000000000045,31,fit:a6b774a1f2999b796579114246cee0b4e1e606f476d6b3c15ce00e176bdfd56d:segment:006,6,7371.0,7138,activities/035_250815073628.csv,1,1,0,0
fit:a6b774a1f2999b796579114246cee0b4e1e606f476d6b3c15ce00e176bdfd56d,2025-08-15T07:39:21+00:00,198,182,141,96,9.173,19.399999999999977,31,fit:a6b774a1f2999b796579114246cee0b4e1e606f476d6b3c15ce00e176bdfd56d:segment:006,6,7372.0,7139,activities/035_250815073628.csv,1,1,0,0
fit:a6b774a1f2999b796579114246cee0b4e1e606f476d6b3c15ce00e176bdfd56d,2025-08-15T07:39:22+00:00,199,183,140,97,9.28,19.600000000000023,31,fit:a6b774a1f2999b796579114246cee0b4e1e606f476d6b3c15ce00e176bdfd56d:segment:006,6,7373.0,7140,activities/035_250815073628.csv,1,1,0,0
fit:a6b774a1f2999b796579114246cee0b4e1e606f476d6b3c15ce00e176bdfd56d,2025-08-15T07:39:23+00:00,200,140,140,97,9.252,19.600000000000023,31,fit:a6b774a1f2999b796579114246cee0b4e1e606f476d6b3c15ce00e176bdfd56d:segment:006,6,7374.0,7141,activities/035_250815073628.csv,1,1,0,0
fit:a6b774a1f2999b796579114246cee0b4e1e606f476d6b3c15ce00e176bdfd56d,2025-08-15T07:39:24+00:00,201,136,140,97,9.355,19.600000000000023,31,fit:a6b774a1f2999b796579114246cee0b4e1e606f476d6b3c15ce00e176bdfd56d:segment:006,6,7375.0,7142,activities/035_250815073628.csv,1,1,0,0
fit:a6b774a1f2999b796579114246cee0b4e1e606f476d6b3c15ce00e176bdfd56d,2025-08-15T07:39:25+00:00,202,121,140,97,9.365,18.600000000000023,31,fit:a6b774a1f2999b796579114246cee0b4e1e606f476d6b3c15ce00e176bdfd56d:segment:006,6,7376.0,7143,activities/035_250815073628.csv,1,1,0,0
fit:a6b774a1f2999b796579114246cee0b4e1e606f476d6b3c15ce00e176bdfd56d,2025-08-15T07:39:26+00:00,203,129,140,97,9.239,18.600000000000023,31,fit:a6b774a1f2999b796579114246cee0b4e1e606f476d6b3c15ce00e176bdfd56d:segment:006,6,7377.0,7144,activities/035_250815073628.csv,1,1,0,0
fit:a6b774a1f2999b796579114246cee0b4e1e606f476d6b3c15ce00e176bdfd56d,2025-08-15T07:39:27+00:00,204,135,141,96,9.283,18.600000000000023,31,fit:a6b774a1f2999b796579114246cee0b4e1e606f476d6b3c15ce00e176bdfd56d:segment:006,6,7378.0,7145,activities/035_250815073628.csv,1,1,0,0
fit:a6b774a1f2999b796579114246cee0b4e1e606f476d6b3c15ce00e176bdfd56d,2025-08-15T07:39:28+00:00,205,136,141,96,9.387,18.600000000000023,31,fit:a6b774a1f2999b796579114246cee0b4e1e606f476d6b3c15ce00e176bdfd56d:segment:006,6,7379.0,7146,activities/035_250815073628.csv,1,1,0,0
fit:a6b774a1f2999b796579114246cee0b4e1e606f476d6b3c15ce00e176bdfd56d,2025-08-15T07:39:29+00:00,206,168,142,96,9.389,18.600000000000023,31,fit:a6b774a1f2999b796579114246cee0b4e1e606f476d6b3c15ce00e176bdfd56d:segment:006,6,7380.0,7147,activities/035_250815073628.csv,1,1,0,0
fit:a6b774a1f2999b796579114246cee0b4e1e606f476d6b3c15ce00e176bdfd56d,2025-08-15T07:39:30+00:00,207,148,143,96,9.312,19.0,31,fit:a6b774a1f2999b796579114246cee0b4e1e606f476d6b3c15ce00e176bdfd56d:segment:006,6,7381.0,7148,activities/035_250815073628.csv,1,1,0,0
fit:a6b774a1f2999b796579114246cee0b4e1e606f476d6b3c15ce00e176bdfd56d,2025-08-15T07:39:31+00:00,208,131,143,96,9.316,19.0,31,fit:a6b774a1f2999b796579114246cee0b4e1e606f476d6b3c15ce00e176bdfd56d:segment:006,6,7382.0,7149,activities/035_250815073628.csv,1,1,0,0
fit:a6b774a1f2999b796579114246cee0b4e1e606f476d6b3c15ce00e176bdfd56d,2025-08-15T07:39:32+00:00,209,132,144,95,9.324,19.0,31,fit:a6b774a1f2999b796579114246cee0b4e1e606f476d6b3c15ce00e176bdfd56d:segment:006,6,7383.0,7150,activities/035_250815073628.csv,1,1,0,0
fit:a6b774a1f2999b796579114246cee0b4e1e606f476d6b3c15ce00e176bdfd56d,2025-08-15T07:39:33+00:00,210,132,144,95,9.321,19.0,31,fit:a6b774a1f2999b796579114246cee0b4e1e606f476d6b3c15ce00e176bdfd56d:segment:006,6,7384.0,7151,activities/035_250815073628.csv,1,1,0,0
fit:a6b774a1f2999b796579114246cee0b4e1e606f476d6b3c15ce00e176bdfd56d,2025-08-15T07:39:34+00:00,211,155,145,95,9.209,19.0,31,fit:a6b774a1f2999b796579114246cee0b4e1e606f476d6b3c15ce00e176bdfd56d:segment:006,6,7385.0,7152,activities/035_250815073628.csv,1,1,0,0
fit:a6b774a1f2999b796579114246cee0b4e1e606f476d6b3c15ce00e176bdfd56d,2025-08-15T07:39:35+00:00,212,170,146,95,9.184,19.0,31,fit:a6b774a1f2999b796579114246cee0b4e1e606f476d6b3c15ce00e176bdfd56d:segment:006,6,7386.0,7153,activities/035_250815073628.csv,1,1,0,0
fit:a6b774a1f2999b796579114246cee0b4e1e606f476d6b3c15ce00e176bdfd56d,2025-08-15T07:39:36+00:00,213,194,147,95,9.18,19.0,31,fit:a6b774a1f2999b796579114246cee0b4e1e606f476d6b3c15ce00e176bdfd56d:segment:006,6,7387.0,7154,activities/035_250815073628.csv,1,1,0,0
fit:a6b774a1f2999b796579114246cee0b4e1e606f476d6b3c15ce00e176bdfd56d,2025-08-15T07:39:37+00:00,214,175,147,95,9.278,18.399999999999977,31,fit:a6b774a1f2999b796579114246cee0b4e1e606f476d6b3c15ce00e176bdfd56d:segment:006,6,7388.0,7155,activities/035_250815073628.csv,1,1,0,0
fit:a6b774a1f2999b796579114246cee0b4e1e606f476d6b3c15ce00e176bdfd56d,2025-08-15T07:39:38+00:00,215,177,147,93,9.302,19.0,31,fit:a6b774a1f2999b796579114246cee0b4e1e606f476d6b3c15ce00e176bdfd56d:segment:006,6,7389.0,7156,activities/035_250815073628.csv,1,1,0,0
fit:a6b774a1f2999b796579114246cee0b4e1e606f476d6b3c15ce00e176bdfd56d,2025-08-15T07:39:39+00:00,216,172,147,92,9.139,19.0,31,fit:a6b774a1f2999b796579114246cee0b4e1e606f476d6b3c15ce00e176bdfd56d:segment:006,6,7390.0,7157,activities/035_250815073628.csv,1,1,0,0
fit:a6b774a1f2999b796579114246cee0b4e1e606f476d6b3c15ce00e176bdfd56d,2025-08-15T07:39:40+00:00,217,172,147,91,9.038,19.0,31,fit:a6b774a1f2999b796579114246cee0b4e1e606f476d6b3c15ce00e176bdfd56d:segment:006,6,7391.0,7158,activities/035_250815073628.csv,1,1,0,0
fit:a6b774a1f2999b796579114246cee0b4e1e606f476d6b3c15ce00e176bdfd56d,2025-08-15T07:39:41+00:00,218,173,147,91,8.905,19.0,31,fit:a6b774a1f2999b796579114246cee0b4e1e606f476d6b3c15ce00e176bdfd56d:segment:006,6,7392.0,7159,activities/035_250815073628.csv,1,1,0,0
fit:a6b774a1f2999b796579114246cee0b4e1e606f476d6b3c15ce00e176bdfd56d,2025-08-15T07:39:42+00:00,219,159,147,91,8.904,19.600000000000023,31,fit:a6b774a1f2999b796579114246cee0b4e1e606f476d6b3c15ce00e176bdfd56d:segment:006,6,7393.0,7160,activities/035_250815073628.csv,1,1,0,0
fit:a6b774a1f2999b796579114246cee0b4e1e606f476d6b3c15ce00e176bdfd56d,2025-08-15T07:39:43+00:00,220,164,147,92,8.941,19.600000000000023,31,fit:a6b774a1f2999b796579114246cee0b4e1e606f476d6b3c15ce00e176bdfd56d:segment:006,6,7394.0,7161,activities/035_250815073628.csv,1,1,0,0
fit:a6b774a1f2999b796579114246cee0b4e1e606f476d6b3c15ce00e176bdfd56d,2025-08-15T07:39:44+00:00,221,156,147,93,8.952,19.600000000000023,31,fit:a6b774a1f2999b796579114246cee0b4e1e606f476d6b3c15ce00e176bdfd56d:segment:006,6,7395.0,7162,activities/035_250815073628.csv,1,1,0,0
fit:a6b774a1f2999b796579114246cee0b4e1e606f476d6b3c15ce00e176bdfd56d,2025-08-15T07:39:45+00:00,222,162,147,95,9.016,19.600000000000023,31,fit:a6b774a1f2999b796579114246cee0b4e1e606f476d6b3c15ce00e176bdfd56d:segment:006,6,7396.0,7163,activities/035_250815073628.csv,1,1,0,0
fit:a6b774a1f2999b796579114246cee0b4e1e606f476d6b3c15ce00e176bdfd56d,2025-08-15T07:39:46+00:00,223,180,147,95,9.122,19.600000000000023,31,fit:a6b774a1f2999b796579114246cee0b4e1e606f476d6b3c15ce00e176bdfd56d:segment:006,6,7397.0,7164,activities/035_250815073628.csv,1,1,0,0
fit:a6b774a1f2999b796579114246cee0b4e1e606f476d6b3c15ce00e176bdfd56d,2025-08-15T07:39:47+00:00,224,187,147,96,9.244,19.600000000000023,31,fit:a6b774a1f2999b796579114246cee0b4e1e606f476d6b3c15ce00e176bdfd56d:segment:006,6,7398.0,7165,activities/035_250815073628.csv,1,1,0,0
fit:a6b774a1f2999b796579114246cee0b4e1e606f476d6b3c15ce00e176bdfd56d,2025-08-15T07:39:48+00:00,225,186,147,97,9.297,19.600000000000023,31,fit:a6b774a1f2999b796579114246cee0b4e1e606f476d6b3c15ce00e176bdfd56d:segment:006,6,7399.0,7166,activities/035_250815073628.csv,1,1,0,0
fit:a6b774a1f2999b796579114246cee0b4e1e606f476d6b3c15ce00e176bdfd56d,2025-08-15T07:39:49+00:00,226,159,147,97,9.35,19.0,31,fit:a6b774a1f2999b796579114246cee0b4e1e606f476d6b3c15ce00e176bdfd56d:segment:006,6,7400.0,7167,activities/035_250815073628.csv,1,1,0,0
fit:a6b774a1f2999b796579114246cee0b4e1e606f476d6b3c15ce00e176bdfd56d,2025-08-15T07:39:50+00:00,227,122,147,97,9.377,19.399999999999977,31,fit:a6b774a1f2999b796579114246cee0b4e1e606f476d6b3c15ce00e176bdfd56d:segment:006,6,7401.0,7168,activities/035_250815073628.csv,1,1,0,0
fit:a6b774a1f2999b796579114246cee0b4e1e606f476d6b3c15ce00e176bdfd56d,2025-08-15T07:39:51+00:00,228,112,147,97,9.48,19.399999999999977,31,fit:a6b774a1f2999b796579114246cee0b4e1e606f476d6b3c15ce00e176bdfd56d:segment:006,6,7402.0,7169,activities/035_250815073628.csv,1,1,0,0
fit:a6b774a1f2999b796579114246cee0b4e1e606f476d6b3c15ce00e176bdfd56d,2025-08-15T07:39:52+00:00,229,116,147,97,9.53,19.399999999999977,31,fit:a6b774a1f2999b796579114246cee0b4e1e606f476d6b3c15ce00e176bdfd56d:segment:006,6,7403.0,7170,activities/035_250815073628.csv,1,1,0,0
fit:a6b774a1f2999b796579114246cee0b4e1e606f476d6b3c15ce00e176bdfd56d,2025-08-15T07:39:53+00:00,230,117,147,96,9.495,19.399999999999977,31,fit:a6b774a1f2999b796579114246cee0b4e1e606f476d6b3c15ce00e176bdfd56d:segment:006,6,7404.0,7171,activities/035_250815073628.csv,1,1,0,0
fit:a6b774a1f2999b796579114246cee0b4e1e606f476d6b3c15ce00e176bdfd56d,2025-08-15T07:39:54+00:00,231,131,147,97,9.476,19.0,31,fit:a6b774a1f2999b796579114246cee0b4e1e606f476d6b3c15ce00e176bdfd56d:segment:006,6,7405.0,7172,activities/035_250815073628.csv,1,1,0,0
fit:a6b774a1f2999b796579114246cee0b4e1e606f476d6b3c15ce00e176bdfd56d,2025-08-15T07:39:55+00:00,232,130,147,97,9.519,19.0,31,fit:a6b774a1f2999b796579114246cee0b4e1e606f476d6b3c15ce00e176bdfd56d:segment:006,6,7406.0,7173,activities/035_250815073628.csv,1,1,0,0
fit:a6b774a1f2999b796579114246cee0b4e1e606f476d6b3c15ce00e176bdfd56d,2025-08-15T07:39:56+00:00,233,127,147,98,9.55,19.0,31,fit:a6b774a1f2999b796579114246cee0b4e1e606f476d6b3c15ce00e176bdfd56d:segment:006,6,7407.0,7174,activities/035_250815073628.csv,1,1,0,0
fit:a6b774a1f2999b796579114246cee0b4e1e606f476d6b3c15ce00e176bdfd56d,2025-08-15T07:39:57+00:00,234,130,147,98,9.509,19.0,31,fit:a6b774a1f2999b796579114246cee0b4e1e606f476d6b3c15ce00e176bdfd56d:segment:006,6,7408.0,7175,activities/035_250815073628.csv,1,1,0,0
fit:a6b774a1f2999b796579114246cee0b4e1e606f476d6b3c15ce00e176bdfd56d,2025-08-15T07:39:58+00:00,235,119,147,98,9.524,18.600000000000023,31,fit:a6b774a1f2999b796579114246cee0b4e1e606f476d6b3c15ce00e176bdfd56d:segment:006,6,7409.0,7176,activities/035_250815073628.csv,1,1,0,0
fit:a6b774a1f2999b796579114246cee0b4e1e606f476d6b3c15ce00e176bdfd56d,2025-08-15T07:39:59+00:00,236,122,146,98,9.55,18.600000000000023,31,fit:a6b774a1f2999b796579114246cee0b4e1e606f476d6b3c15ce00e176bdfd56d:segment:006,6,7410.0,7177,activities/035_250815073628.csv,1,1,0,0
fit:a6b774a1f2999b796579114246cee0b4e1e606f476d6b3c15ce00e176bdfd56d,2025-08-15T07:40:00+00:00,237,125,146,97,9.56,18.600000000000023,31,fit:a6b774a1f2999b796579114246cee0b4e1e606f476d6b3c15ce00e176bdfd56d:segment:006,6,7411.0,7178,activities/035_250815073628.csv,1,1,0,0
fit:a6b774a1f2999b796579114246cee0b4e1e606f476d6b3c15ce00e176bdfd56d,2025-08-15T07:40:01+00:00,238,127,146,97,9.545,18.600000000000023,31,fit:a6b774a1f2999b796579114246cee0b4e1e606f476d6b3c15ce00e176bdfd56d:segment:006,6,7412.0,7179,activities/035_250815073628.csv,1,1,0,0
fit:a6b774a1f2999b796579114246cee0b4e1e606f476d6b3c15ce00e176bdfd56d,2025-08-15T07:40:02+00:00,239,152,146,98,9.538,18.200000000000045,31,fit:a6b774a1f2999b796579114246cee0b4e1e606f476d6b3c15ce00e176bdfd56d:segment:006,6,7413.0,7180,activities/035_250815073628.csv,1,1,0,0
fit:a6b774a1f2999b796579114246cee0b4e1e606f476d6b3c15ce00e176bdfd56d,2025-08-15T07:40:03+00:00,240,146,146,98,9.5,18.200000000000045,31,fit:a6b774a1f2999b796579114246cee0b4e1e606f476d6b3c15ce00e176bdfd56d:segment:006,6,7414.0,7181,activities/035_250815073628.csv,1,1,0,0
fit:a6b774a1f2999b796579114246cee0b4e1e606f476d6b3c15ce00e176bdfd56d,2025-08-15T07:40:04+00:00,241,141,145,97,9.523,18.200000000000045,31,fit:a6b774a1f2999b796579114246cee0b4e1e606f476d6b3c15ce00e176bdfd56d:segment:006,6,7415.0,7182,activities/035_250815073628.csv,1,1,0,0
fit:a6b774a1f2999b796579114246cee0b4e1e606f476d6b3c15ce00e176bdfd56d,2025-08-15T07:40:05+00:00,242,141,144,97,9.496,18.600000000000023,31,fit:a6b774a1f2999b796579114246cee0b4e1e606f476d6b3c15ce00e176bdfd56d:segment:006,6,7416.0,7183,activities/035_250815073628.csv,1,1,0,0
fit:a6b774a1f2999b796579114246cee0b4e1e606f476d6b3c15ce00e176bdfd56d,2025-08-15T07:40:06+00:00,243,140,144,97,9.516,18.0,31,fit:a6b774a1f2999b796579114246cee0b4e1e606f476d6b3c15ce00e176bdfd56d:segment:006,6,7417.0,7184,activities/035_250815073628.csv,1,1,0,0
fit:a6b774a1f2999b796579114246cee0b4e1e606f476d6b3c15ce00e176bdfd56d,2025-08-15T07:40:07+00:00,244,131,144,98,9.55,18.0,31,fit:a6b774a1f2999b796579114246cee0b4e1e606f476d6b3c15ce00e176bdfd56d:segment:006,6,7418.0,7185,activities/035_250815073628.csv,1,1,0,0
fit:a6b774a1f2999b796579114246cee0b4e1e606f476d6b3c15ce00e176bdfd56d,2025-08-15T07:40:08+00:00,245,135,144,98,9.523,18.0,31,fit:a6b774a1f2999b796579114246cee0b4e1e606f476d6b3c15ce00e176bdfd56d:segment:006,6,7419.0,7186,activities/035_250815073628.csv,1,1,0,0
fit:a6b774a1f2999b796579114246cee0b4e1e606f476d6b3c15ce00e176bdfd56d,2025-08-15T07:40:09+00:00,246,137,144,97,9.471,18.600000000000023,31,fit:a6b774a1f2999b796579114246cee0b4e1e606f476d6b3c15ce00e176bdfd56d:segment:006,6,7420.0,7187,activities/035_250815073628.csv,1,1,0,0
fit:a6b774a1f2999b796579114246cee0b4e1e606f476d6b3c15ce00e176bdfd56d,2025-08-15T07:40:10+00:00,247,147,144,97,9.538,18.399999999999977,31,fit:a6b774a1f2999b796579114246cee0b4e1e606f476d6b3c15ce00e176bdfd56d:segment:006,6,7421.0,7188,activities/035_250815073628.csv,1,1,0,0
fit:a6b774a1f2999b796579114246cee0b4e1e606f476d6b3c15ce00e176bdfd56d,2025-08-15T07:40:11+00:00,248,133,144,97,9.527,18.399999999999977,31,fit:a6b774a1f2999b796579114246cee0b4e1e606f476d6b3c15ce00e176bdfd56d:segment:006,6,7422.0,7189,activities/035_250815073628.csv,1,1,0,0
fit:a6b774a1f2999b796579114246cee0b4e1e606f476d6b3c15ce00e176bdfd56d,2025-08-15T07:40:12+00:00,249,137,144,97,9.455,18.399999999999977,31,fit:a6b774a1f2999b796579114246cee0b4e1e606f476d6b3c15ce00e176bdfd56d:segment:006,6,7423.0,7190,activities/035_250815073628.csv,1,1,0,0
fit:a6b774a1f2999b796579114246cee0b4e1e606f476d6b3c15ce00e176bdfd56d,2025-08-15T07:40:13+00:00,250,137,144,96,9.427,18.399999999999977,31,fit:a6b774a1f2999b796579114246cee0b4e1e606f476d6b3c15ce00e176bdfd56d:segment:006,6,7424.0,7191,activities/035_250815073628.csv,1,1,0,0
fit:a6b774a1f2999b796579114246cee0b4e1e606f476d6b3c15ce00e176bdfd56d,2025-08-15T07:40:14+00:00,251,141,143,96,9.489,18.200000000000045,31,fit:a6b774a1f2999b796579114246cee0b4e1e606f476d6b3c15ce00e176bdfd56d:segment:006,6,7425.0,7192,activities/035_250815073628.csv,1,1,0,0
fit:a6b774a1f2999b796579114246cee0b4e1e606f476d6b3c15ce00e176bdfd56d,2025-08-15T07:40:15+00:00,252,140,143,96,9.489,18.200000000000045,31,fit:a6b774a1f2999b796579114246cee0b4e1e606f476d6b3c15ce00e176bdfd56d:segment:006,6,7426.0,7193,activities/035_250815073628.csv,1,1,0,0
fit:a6b774a1f2999b796579114246cee0b4e1e606f476d6b3c15ce00e176bdfd56d,2025-08-15T07:40:16+00:00,253,149,143,96,9.379,18.200000000000045,31,fit:a6b774a1f2999b796579114246cee0b4e1e606f476d6b3c15ce00e176bdfd56d:segment:006,6,7427.0,7194,activities/035_250815073628.csv,1,1,0,0
fit:a6b774a1f2999b796579114246cee0b4e1e606f476d6b3c15ce00e176bdfd56d,2025-08-15T07:40:17+00:00,254,150,143,96,9.361,18.200000000000045,31,fit:a6b774a1f2999b796579114246cee0b4e1e606f476d6b3c15ce00e176bdfd56d:segment:006,6,7428.0,7195,activities/035_250815073628.csv,1,1,0,0
fit:a6b774a1f2999b796579114246cee0b4e1e606f476d6b3c15ce00e176bdfd56d,2025-08-15T07:40:18+00:00,255,140,143,96,9.389,18.200000000000045,31,fit:a6b774a1f2999b796579114246cee0b4e1e606f476d6b3c15ce00e176bdfd56d:segment:006,6,7429.0,7196,activities/035_250815073628.csv,1,1,0,0
fit:a6b774a1f2999b796579114246cee0b4e1e606f476d6b3c15ce00e176bdfd56d,2025-08-15T07:40:19+00:00,256,130,142,96,9.407,18.200000000000045,31,fit:a6b774a1f2999b796579114246cee0b4e1e606f476d6b3c15ce00e176bdfd56d:segment:006,6,7430.0,7197,activities/035_250815073628.csv,1,1,0,0
fit:a6b774a1f2999b796579114246cee0b4e1e606f476d6b3c15ce00e176bdfd56d,2025-08-15T07:40:20+00:00,257,135,142,95,9.377,18.200000000000045,31,fit:a6b774a1f2999b796579114246cee0b4e1e606f476d6b3c15ce00e176bdfd56d:segment:006,6,7431.0,7198,activities/035_250815073628.csv,1,1,0,0
fit:a6b774a1f2999b796579114246cee0b4e1e606f476d6b3c15ce00e176bdfd56d,2025-08-15T07:40:21+00:00,258,148,142,95,9.321,18.200000000000045,31,fit:a6b774a1f2999b796579114246cee0b4e1e606f476d6b3c15ce00e176bdfd56d:segment:006,6,7432.0,7199,activities/035_250815073628.csv,1,1,0,0
fit:a6b774a1f2999b796579114246cee0b4e1e606f476d6b3c15ce00e176bdfd56d,2025-08-15T07:40:22+00:00,259,150,142,96,9.304,18.0,31,fit:a6b774a1f2999b796579114246cee0b4e1e606f476d6b3c15ce00e176bdfd56d:segment:006,6,7433.0,7200,activities/035_250815073628.csv,1,1,0,0
fit:a6b774a1f2999b796579114246cee0b4e1e606f476d6b3c15ce00e176bdfd56d,2025-08-15T07:40:23+00:00,260,146,142,96,9.408,18.0,31,fit:a6b774a1f2999b796579114246cee0b4e1e606f476d6b3c15ce00e176bdfd56d:segment:006,6,7434.0,7201,activities/035_250815073628.csv,1,1,0,0
fit:a6b774a1f2999b796579114246cee0b4e1e606f476d6b3c15ce00e176bdfd56d,2025-08-15T07:40:24+00:00,261,132,142,96,9.469,18.0,31,fit:a6b774a1f2999b796579114246cee0b4e1e606f476d6b3c15ce00e176bdfd56d:segment:006,6,7435.0,7202,activities/035_250815073628.csv,1,1,0,0
fit:a6b774a1f2999b796579114246cee0b4e1e606f476d6b3c15ce00e176bdfd56d,2025-08-15T07:40:25+00:00,262,121,142,96,9.405,18.0,31,fit:a6b774a1f2999b796579114246cee0b4e1e606f476d6b3c15ce00e176bdfd56d:segment:006,6,7436.0,7203,activities/035_250815073628.csv,1,1,0,0
fit:a6b774a1f2999b796579114246cee0b4e1e606f476d6b3c15ce00e176bdfd56d,2025-08-15T07:40:26+00:00,263,125,142,96,9.321,18.200000000000045,31,fit:a6b774a1f2999b796579114246cee0b4e1e606f476d6b3c15ce00e176bdfd56d:segment:006,6,7437.0,7204,activities/035_250815073628.csv,1,1,0,0
fit:a6b774a1f2999b796579114246cee0b4e1e606f476d6b3c15ce00e176bdfd56d,2025-08-15T07:40:27+00:00,264,118,142,96,9.318,18.200000000000045,31,fit:a6b774a1f2999b796579114246cee0b4e1e606f476d6b3c15ce00e176bdfd56d:segment:006,6,7438.0,7205,activities/035_250815073628.csv,1,1,0,0
fit:a6b774a1f2999b796579114246cee0b4e1e606f476d6b3c15ce00e176bdfd56d,2025-08-15T07:40:28+00:00,265,113,142,95,9.377,18.200000000000045,31,fit:a6b774a1f2999b796579114246cee0b4e1e606f476d6b3c15ce00e176bdfd56d:segment:006,6,7439.0,7206,activities/035_250815073628.csv,1,1,0,0
fit:a6b774a1f2999b796579114246cee0b4e1e606f476d6b3c15ce00e176bdfd56d,2025-08-15T07:40:29+00:00,266,110,142,95,9.346,18.200000000000045,31,fit:a6b774a1f2999b796579114246cee0b4e1e606f476d6b3c15ce00e176bdfd56d:segment:006,6,7440.0,7207,activities/035_250815073628.csv,1,1,0,0
fit:a6b774a1f2999b796579114246cee0b4e1e606f476d6b3c15ce00e176bdfd56d,2025-08-15T07:40:30+00:00,267,112,141,95,9.253,18.200000000000045,31,fit:a6b774a1f2999b796579114246cee0b4e1e606f476d6b3c15ce00e176bdfd56d:segment:006,6,7441.0,7208,activities/035_250815073628.csv,1,1,0,0
fit:a6b774a1f2999b796579114246cee0b4e1e606f476d6b3c15ce00e176bdfd56d,2025-08-15T07:40:31+00:00,268,116,141,95,9.306,18.200000000000045,31,fit:a6b774a1f2999b796579114246cee0b4e1e606f476d6b3c15ce00e176bdfd56d:segment:006,6,7442.0,7209,activities/035_250815073628.csv,1,1,0,0
fit:a6b774a1f2999b796579114246cee0b4e1e606f476d6b3c15ce00e176bdfd56d,2025-08-15T07:40:32+00:00,269,108,141,96,9.272,18.200000000000045,31,fit:a6b774a1f2999b796579114246cee0b4e1e606f476d6b3c15ce00e176bdfd56d:segment:006,6,7443.0,7210,activities/035_250815073628.csv,1,1,0,0
fit:a6b774a1f2999b796579114246cee0b4e1e606f476d6b3c15ce00e176bdfd56d,2025-08-15T07:40:33+00:00,270,108,140,95,9.314,17.399999999999977,31,fit:a6b774a1f2999b796579114246cee0b4e1e606f476d6b3c15ce00e176bdfd56d:segment:006,6,7444.0,7211,activities/035_250815073628.csv,1,1,0,0
fit:a6b774a1f2999b796579114246cee0b4e1e606f476d6b3c15ce00e176bdfd56d,2025-08-15T07:40:34+00:00,271,109,140,95,9.137,18.0,31,fit:a6b774a1f2999b796579114246cee0b4e1e606f476d6b3c15ce00e176bdfd56d:segment:006,6,7445.0,7212,activities/035_250815073628.csv,1,1,0,0
fit:a6b774a1f2999b796579114246cee0b4e1e606f476d6b3c15ce00e176bdfd56d,2025-08-15T07:40:35+00:00,272,109,140,95,8.8,18.0,31,fit:a6b774a1f2999b796579114246cee0b4e1e606f476d6b3c15ce00e176bdfd56d:segment:006,6,7446.0,7213,activities/035_250815073628.csv,1,1,0,0
fit:a6b774a1f2999b796579114246cee0b4e1e606f476d6b3c15ce00e176bdfd56d,2025-08-15T07:40:36+00:00,273,11,140,0,8.818,18.0,31,fit:a6b774a1f2999b796579114246cee0b4e1e606f476d6b3c15ce00e176bdfd56d:segment:006,6,7447.0,7214,activities/035_250815073628.csv,1,1,0,0
fit:a6b774a1f2999b796579114246cee0b4e1e606f476d6b3c15ce00e176bdfd56d,2025-08-15T07:40:37+00:00,274,229,139,90,8.789,18.0,31,fit:a6b774a1f2999b796579114246cee0b4e1e606f476d6b3c15ce00e176bdfd56d:segment:006,6,7448.0,7215,activities/035_250815073628.csv,1,1,0,0
fit:a6b774a1f2999b796579114246cee0b4e1e606f476d6b3c15ce00e176bdfd56d,2025-08-15T07:40:38+00:00,275,229,138,90,8.784,17.600000000000023,31,fit:a6b774a1f2999b796579114246cee0b4e1e606f476d6b3c15ce00e176bdfd56d:segment:006,6,7449.0,7216,activities/035_250815073628.csv,1,1,0,0
fit:a6b774a1f2999b796579114246cee0b4e1e606f476d6b3c15ce00e176bdfd56d,2025-08-15T07:40:39+00:00,276,229,137,90,8.655,17.600000000000023,31,fit:a6b774a1f2999b796579114246cee0b4e1e606f476d6b3c15ce00e176bdfd56d:segment:006,6,7450.0,7217,activities/035_250815073628.csv,1,1,0,0
fit:a6b774a1f2999b796579114246cee0b4e1e606f476d6b3c15ce00e176bdfd56d,2025-08-15T07:40:40+00:00,277,5,137,90,8.569,17.600000000000023,31,fit:a6b774a1f2999b796579114246cee0b4e1e606f476d6b3c15ce00e176bdfd56d:segment:006,6,7451.0,7218,activities/035_250815073628.csv,1,1,0,0
fit:a6b774a1f2999b796579114246cee0b4e1e606f476d6b3c15ce00e176bdfd56d,2025-08-15T07:40:41+00:00,278,6,136,0,8.424,16.600000000000023,31,fit:a6b774a1f2999b796579114246cee0b4e1e606f476d6b3c15ce00e176bdfd56d:segment:006,6,7452.0,7219,activities/035_250815073628.csv,1,1,0,0
fit:a6b774a1f2999b796579114246cee0b4e1e606f476d6b3c15ce00e176bdfd56d,2025-08-15T07:40:42+00:00,279,36,135,0,8.24,17.200000000000045,31,fit:a6b774a1f2999b796579114246cee0b4e1e606f476d6b3c15ce00e176bdfd56d:segment:006,6,7453.0,7220,activities/035_250815073628.csv,1,1,0,0
fit:a6b774a1f2999b796579114246cee0b4e1e606f476d6b3c15ce00e176bdfd56d,2025-08-15T07:40:43+00:00,280,276,135,83,8.262,17.200000000000045,31,fit:a6b774a1f2999b796579114246cee0b4e1e606f476d6b3c15ce00e176bdfd56d:segment:006,6,7454.0,7221,activities/035_250815073628.csv,1,1,0,0
fit:a6b774a1f2999b796579114246cee0b4e1e606f476d6b3c15ce00e176bdfd56d,2025-08-15T07:40:44+00:00,281,229,134,84,8.101,17.200000000000045,31,fit:a6b774a1f2999b796579114246cee0b4e1e606f476d6b3c15ce00e176bdfd56d:segment:006,6,7455.0,7222,activities/035_250815073628.csv,1,1,0,0
fit:a6b774a1f2999b796579114246cee0b4e1e606f476d6b3c15ce00e176bdfd56d,2025-08-15T07:40:45+00:00,282,217,135,84,8.13,17.600000000000023,31,fit:a6b774a1f2999b796579114246cee0b4e1e606f476d6b3c15ce00e176bdfd56d:segment:006,6,7456.0,7223,activities/035_250815073628.csv,1,1,0,0
fit:a6b774a1f2999b796579114246cee0b4e1e606f476d6b3c15ce00e176bdfd56d,2025-08-15T07:40:46+00:00,283,179,134,84,8.094,17.799999999999955,31,fit:a6b774a1f2999b796579114246cee0b4e1e606f476d6b3c15ce00e176bdfd56d:segment:006,6,7457.0,7224,activities/035_250815073628.csv,1,1,0,0
fit:a6b774a1f2999b796579114246cee0b4e1e606f476d6b3c15ce00e176bdfd56d,2025-08-15T07:40:47+00:00,284,174,135,85,8.096,17.799999999999955,31,fit:a6b774a1f2999b796579114246cee0b4e1e606f476d6b3c15ce00e176bdfd56d:segment:006,6,7458.0,7225,activities/035_250815073628.csv,1,1,0,0
fit:a6b774a1f2999b796579114246cee0b4e1e606f476d6b3c15ce00e176bdfd56d,2025-08-15T07:40:48+00:00,285,174,135,85,8.23,17.799999999999955,31,fit:a6b774a1f2999b796579114246cee0b4e1e606f476d6b3c15ce00e176bdfd56d:segment:006,6,7459.0,7226,activities/035_250815073628.csv,1,1,0,0
fit:a6b774a1f2999b796579114246cee0b4e1e606f476d6b3c15ce00e176bdfd56d,2025-08-15T07:40:49+00:00,286,174,134,87,8.286,17.799999999999955,31,fit:a6b774a1f2999b796579114246cee0b4e1e606f476d6b3c15ce00e176bdfd56d:segment:006,6,7460.0,7227,activities/035_250815073628.csv,1,1,0,0
fit:a6b774a1f2999b796579114246cee0b4e1e606f476d6b3c15ce00e176bdfd56d,2025-08-15T07:40:50+00:00,287,180,134,88,8.438,17.200000000000045,31,fit:a6b774a1f2999b796579114246cee0b4e1e606f476d6b3c15ce00e176bdfd56d:segment:006,6,7461.0,7228,activities/035_250815073628.csv,1,1,0,0
fit:a6b774a1f2999b796579114246cee0b4e1e606f476d6b3c15ce00e176bdfd56d,2025-08-15T07:40:51+00:00,288,167,134,88,8.498,17.200000000000045,31,fit:a6b774a1f2999b796579114246cee0b4e1e606f476d6b3c15ce00e176bdfd56d:segment:006,6,7462.0,7229,activities/035_250815073628.csv,1,1,0,0
fit:a6b774a1f2999b796579114246cee0b4e1e606f476d6b3c15ce00e176bdfd56d,2025-08-15T07:40:52+00:00,289,168,134,88,8.598,17.200000000000045,31,fit:a6b774a1f2999b796579114246cee0b4e1e606f476d6b3c15ce00e176bdfd56d:segment:006,6,7463.0,7230,activities/035_250815073628.csv,1,1,0,0
fit:a6b774a1f2999b796579114246cee0b4e1e606f476d6b3c15ce00e176bdfd56d,2025-08-15T07:40:53+00:00,290,160,134,90,8.691,17.600000000000023,31,fit:a6b774a1f2999b796579114246cee0b4e1e606f476d6b3c15ce00e176bdfd56d:segment:006,6,7464.0,7231,activities/035_250815073628.csv,1,1,0,0
fit:a6b774a1f2999b796579114246cee0b4e1e606f476d6b3c15ce00e176bdfd56d,2025-08-15T07:40:54+00:00,291,146,134,90,8.76,17.200000000000045,31,fit:a6b774a1f2999b796579114246cee0b4e1e606f476d6b3c15ce00e176bdfd56d:segment:006,6,7465.0,7232,activities/035_250815073628.csv,1,1,0,0
fit:a6b774a1f2999b796579114246cee0b4e1e606f476d6b3c15ce00e176bdfd56d,2025-08-15T07:40:55+00:00,292,145,134,91,8.731,17.200000000000045,31,fit:a6b774a1f2999b796579114246cee0b4e1e606f476d6b3c15ce00e176bdfd56d:segment:006,6,7466.0,7233,activities/035_250815073628.csv,1,1,0,0
fit:a6b774a1f2999b796579114246cee0b4e1e606f476d6b3c15ce00e176bdfd56d,2025-08-15T07:40:56+00:00,293,148,134,91,8.725,17.200000000000045,31,fit:a6b774a1f2999b796579114246cee0b4e1e606f476d6b3c15ce00e176bdfd56d:segment:006,6,7467.0,7234,activities/035_250815073628.csv,1,1,0,0
fit:a6b774a1f2999b796579114246cee0b4e1e606f476d6b3c15ce00e176bdfd56d,2025-08-15T07:40:57+00:00,294,170,134,91,8.762,17.200000000000045,31,fit:a6b774a1f2999b796579114246cee0b4e1e606f476d6b3c15ce00e176bdfd56d:segment:006,6,7468.0,7235,activities/035_250815073628.csv,1,1,0,0
fit:a6b774a1f2999b796579114246cee0b4e1e606f476d6b3c15ce00e176bdfd56d,2025-08-15T07:40:58+00:00,295,151,134,91,8.837,17.399999999999977,31,fit:a6b774a1f2999b796579114246cee0b4e1e606f476d6b3c15ce00e176bdfd56d:segment:006,6,7469.0,7236,activities/035_250815073628.csv,1,1,0,0
fit:a6b774a1f2999b796579114246cee0b4e1e606f476d6b3c15ce00e176bdfd56d,2025-08-15T07:40:59+00:00,296,176,135,91,8.927,17.399999999999977,31,fit:a6b774a1f2999b796579114246cee0b4e1e606f476d6b3c15ce00e176bdfd56d:segment:006,6,7470.0,7237,activities/035_250815073628.csv,1,1,0,0
fit:a6b774a1f2999b796579114246cee0b4e1e606f476d6b3c15ce00e176bdfd56d,2025-08-15T07:41:00+00:00,297,146,135,92,8.946,17.399999999999977,31,fit:a6b774a1f2999b796579114246cee0b4e1e606f476d6b3c15ce00e176bdfd56d:segment:006,6,7471.0,7238,activities/035_250815073628.csv,1,1,0,0
fit:a6b774a1f2999b796579114246cee0b4e1e606f476d6b3c15ce00e176bdfd56d,2025-08-15T07:41:01+00:00,298,140,135,91,8.996,16.600000000000023,31,fit:a6b774a1f2999b796579114246cee0b4e1e606f476d6b3c15ce00e176bdfd56d:segment:006,6,7472.0,7239,activities/035_250815073628.csv,1,1,0,0
fit:a6b774a1f2999b796579114246cee0b4e1e606f476d6b3c15ce00e176bdfd56d,2025-08-15T07:41:02+00:00,299,184,136,91,9.011,17.200000000000045,31,fit:a6b774a1f2999b796579114246cee0b4e1e606f476d6b3c15ce00e176bdfd56d:segment:006,6,7473.0,7240,activities/035_250815073628.csv,1,1,0,0
fit:a6b774a1f2999b796579114246cee0b4e1e606f476d6b3c15ce00e176bdfd56d,2025-08-15T07:41:03+00:00,300,184,136,92,9.056,17.200000000000045,31,fit:a6b774a1f2999b796579114246cee0b4e1e606f476d6b3c15ce00e176bdfd56d:segment:006,6,7474.0,7241,activities/035_250815073628.csv,1,1,0,0
fit:a6b774a1f2999b796579114246cee0b4e1e606f476d6b3c15ce00e176bdfd56d,2025-08-15T07:41:04+00:00,301,192,137,92,9.046,17.200000000000045,31,fit:a6b774a1f2999b796579114246cee0b4e1e606f476d6b3c15ce00e176bdfd56d:segment:006,6,7475.0,7242,activities/035_250815073628.csv,1,1,0,0
fit:a6b774a1f2999b796579114246cee0b4e1e606f476d6b3c15ce00e176bdfd56d,2025-08-15T07:41:05+00:00,302,177,137,93,9.062,17.200000000000045,31,fit:a6b774a1f2999b796579114246cee0b4e1e606f476d6b3c15ce00e176bdfd56d:segment:006,6,7476.0,7243,activities/035_250815073628.csv,1,1,0,0
fit:a6b774a1f2999b796579114246cee0b4e1e606f476d6b3c15ce00e176bdfd56d,2025-08-15T07:41:06+00:00,303,129,138,93,9.027,17.0,31,fit:a6b774a1f2999b796579114246cee0b4e1e606f476d6b3c15ce00e176bdfd56d:segment:006,6,7477.0,7244,activities/035_250815073628.csv,1,1,0,0
fit:a6b774a1f2999b796579114246cee0b4e1e606f476d6b3c15ce00e176bdfd56d,2025-08-15T07:41:07+00:00,304,129,139,93,9.048,17.0,31,fit:a6b774a1f2999b796579114246cee0b4e1e606f476d6b3c15ce00e176bdfd56d:segment:006,6,7478.0,7245,activities/035_250815073628.csv,1,1,0,0
fit:a6b774a1f2999b796579114246cee0b4e1e606f476d6b3c15ce00e176bdfd56d,2025-08-15T07:41:08+00:00,305,132,140,93,9.004,17.0,31,fit:a6b774a1f2999b796579114246cee0b4e1e606f476d6b3c15ce00e176bdfd56d:segment:006,6,7479.0,7246,activities/035_250815073628.csv,1,1,0,0
fit:a6b774a1f2999b796579114246cee0b4e1e606f476d6b3c15ce00e176bdfd56d,2025-08-15T07:41:09+00:00,306,129,141,93,9.055,17.0,31,fit:a6b774a1f2999b796579114246cee0b4e1e606f476d6b3c15ce00e176bdfd56d:segment:006,6,7480.0,7247,activities/035_250815073628.csv,1,1,0,0
fit:a6b774a1f2999b796579114246cee0b4e1e606f476d6b3c15ce00e176bdfd56d,2025-08-15T07:41:10+00:00,307,124,141,93,9.065,17.200000000000045,31,fit:a6b774a1f2999b796579114246cee0b4e1e606f476d6b3c15ce00e176bdfd56d:segment:006,6,7481.0,7248,activities/035_250815073628.csv,1,1,0,0
fit:a6b774a1f2999b796579114246cee0b4e1e606f476d6b3c15ce00e176bdfd56d,2025-08-15T07:41:11+00:00,308,122,141,93,9.065,17.200000000000045,31,fit:a6b774a1f2999b796579114246cee0b4e1e606f476d6b3c15ce00e176bdfd56d:segment:006,6,7482.0,7249,activities/035_250815073628.csv,1,1,0,0
fit:a6b774a1f2999b796579114246cee0b4e1e606f476d6b3c15ce00e176bdfd56d,2025-08-15T07:41:12+00:00,309,128,141,93,9.074,17.200000000000045,31,fit:a6b774a1f2999b796579114246cee0b4e1e606f476d6b3c15ce00e176bdfd56d:segment:006,6,7483.0,7250,activities/035_250815073628.csv,1,1,0,0
fit:a6b774a1f2999b796579114246cee0b4e1e606f476d6b3c15ce00e176bdfd56d,2025-08-15T07:41:13+00:00,310,123,141,92,9.049,17.200000000000045,31,fit:a6b774a1f2999b796579114246cee0b4e1e606f476d6b3c15ce00e176bdfd56d:segment:006,6,7484.0,7251,activities/035_250815073628.csv,1,1,0,0
fit:a6b774a1f2999b796579114246cee0b4e1e606f476d6b3c15ce00e176bdfd56d,2025-08-15T07:41:14+00:00,311,117,141,92,9.017,15.799999999999955,31,fit:a6b774a1f2999b796579114246cee0b4e1e606f476d6b3c15ce00e176bdfd56d:segment:006,6,7485.0,7252,activities/035_250815073628.csv,1,1,0,0
fit:a6b774a1f2999b796579114246cee0b4e1e606f476d6b3c15ce00e176bdfd56d,2025-08-15T07:41:15+00:00,312,121,141,92,8.952,15.799999999999955,31,fit:a6b774a1f2999b796579114246cee0b4e1e606f476d6b3c15ce00e176bdfd56d:segment:006,6,7486.0,7253,activities/035_250815073628.csv,1,1,0,0
fit:a6b774a1f2999b796579114246cee0b4e1e606f476d6b3c15ce00e176bdfd56d,2025-08-15T07:41:16+00:00,313,131,141,92,8.882,15.799999999999955,31,fit:a6b774a1f2999b796579114246cee0b4e1e606f476d6b3c15ce00e176bdfd56d:segment:006,6,7487.0,7254,activities/035_250815073628.csv,1,1,0,0
fit:a6b774a1f2999b796579114246cee0b4e1e606f476d6b3c15ce00e176bdfd56d,2025-08-15T07:41:17+00:00,314,132,141,93,8.869,16.200000000000045,31,fit:a6b774a1f2999b796579114246cee0b4e1e606f476d6b3c15ce00e176bdfd56d:segment:006,6,7488.0,7255,activities/035_250815073628.csv,1,1,0,0
fit:a6b774a1f2999b796579114246cee0b4e1e606f476d6b3c15ce00e176bdfd56d,2025-08-15T07:41:18+00:00,315,132,140,93,8.851,16.399999999999977,31,fit:a6b774a1f2999b796579114246cee0b4e1e606f476d6b3c15ce00e176bdfd56d:segment:006,6,7489.0,7256,activities/035_250815073628.csv,1,1,0,0
fit:a6b774a1f2999b796579114246cee0b4e1e606f476d6b3c15ce00e176bdfd56d,2025-08-15T07:41:19+00:00,316,138,140,93,8.9,16.399999999999977,31,fit:a6b774a1f2999b796579114246cee0b4e1e606f476d6b3c15ce00e176bdfd56d:segment:006,6,7490.0,7257,activities/035_250815073628.csv,1,1,0,0
fit:a6b774a1f2999b796579114246cee0b4e1e606f476d6b3c15ce00e176bdfd56d,2025-08-15T07:41:20+00:00,317,136,140,93,8.976,16.399999999999977,31,fit:a6b774a1f2999b796579114246cee0b4e1e606f476d6b3c15ce00e176bdfd56d:segment:006,6,7491.0,7258,activities/035_250815073628.csv,1,1,0,0
fit:a6b774a1f2999b796579114246cee0b4e1e606f476d6b3c15ce00e176bdfd56d,2025-08-15T07:41:21+00:00,318,138,139,93,9.029,16.399999999999977,31,fit:a6b774a1f2999b796579114246cee0b4e1e606f476d6b3c15ce00e176bdfd56d:segment:006,6,7492.0,7259,activities/035_250815073628.csv,1,1,0,0
fit:a6b774a1f2999b796579114246cee0b4e1e606f476d6b3c15ce00e176bdfd56d,2025-08-15T07:41:22+00:00,319,137,139,93,9.001,16.0,31,fit:a6b774a1f2999b796579114246cee0b4e1e606f476d6b3c15ce00e176bdfd56d:segment:006,6,7493.0,7260,activities/035_250815073628.csv,1,1,0,0
fit:a6b774a1f2999b796579114246cee0b4e1e606f476d6b3c15ce00e176bdfd56d,2025-08-15T07:41:23+00:00,320,142,139,92,8.975,16.0,31,fit:a6b774a1f2999b796579114246cee0b4e1e606f476d6b3c15ce00e176bdfd56d:segment:006,6,7494.0,7261,activities/035_250815073628.csv,1,1,0,0
fit:a6b774a1f2999b796579114246cee0b4e1e606f476d6b3c15ce00e176bdfd56d,2025-08-15T07:41:24+00:00,321,280,138,93,9.03,16.0,31,fit:a6b774a1f2999b796579114246cee0b4e1e606f476d6b3c15ce00e176bdfd56d:segment:006,6,7495.0,7262,activities/035_250815073628.csv,1,1,0,0
fit:a6b774a1f2999b796579114246cee0b4e1e606f476d6b3c15ce00e176bdfd56d,2025-08-15T07:41:25+00:00,322,134,137,93,9.015,16.0,31,fit:a6b774a1f2999b796579114246cee0b4e1e606f476d6b3c15ce00e176bdfd56d:segment:006,6,7496.0,7263,activities/035_250815073628.csv,1,1,0,0
fit:a6b774a1f2999b796579114246cee0b4e1e606f476d6b3c15ce00e176bdfd56d,2025-08-15T07:41:26+00:00,323,144,137,93,8.953,15.799999999999955,31,fit:a6b774a1f2999b796579114246cee0b4e1e606f476d6b3c15ce00e176bdfd56d:segment:006,6,7497.0,7264,activities/035_250815073628.csv,1,1,0,0
fit:a6b774a1f2999b796579114246cee0b4e1e606f476d6b3c15ce00e176bdfd56d,2025-08-15T07:41:27+00:00,324,146,137,93,9.026,15.799999999999955,31,fit:a6b774a1f2999b796579114246cee0b4e1e606f476d6b3c15ce00e176bdfd56d:segment:006,6,7498.0,7265,activities/035_250815073628.csv,1,1,0,0
fit:a6b774a1f2999b796579114246cee0b4e1e606f476d6b3c15ce00e176bdfd56d,2025-08-15T07:41:28+00:00,325,146,137,93,9.105,15.799999999999955,31,fit:a6b774a1f2999b796579114246cee0b4e1e606f476d6b3c15ce00e176bdfd56d:segment:006,6,7499.0,7266,activities/035_250815073628.csv,1,1,0,0
fit:a6b774a1f2999b796579114246cee0b4e1e606f476d6b3c15ce00e176bdfd56d,2025-08-15T07:41:29+00:00,326,144,137,93,9.121,15.799999999999955,31,fit:a6b774a1f2999b796579114246cee0b4e1e606f476d6b3c15ce00e176bdfd56d:segment:006,6,7500.0,7267,activities/035_250815073628.csv,1,1,0,0
fit:a6b774a1f2999b796579114246cee0b4e1e606f476d6b3c15ce00e176bdfd56d,2025-08-15T07:41:30+00:00,327,116,137,93,9.196,16.600000000000023,31,fit:a6b774a1f2999b796579114246cee0b4e1e606f476d6b3c15ce00e176bdfd56d:segment:006,6,7501.0,7268,activities/035_250815073628.csv,1,1,0,0
fit:a6b774a1f2999b796579114246cee0b4e1e606f476d6b3c15ce00e176bdfd56d,2025-08-15T07:41:31+00:00,328,124,137,94,9.223,16.600000000000023,31,fit:a6b774a1f2999b796579114246cee0b4e1e606f476d6b3c15ce00e176bdfd56d:segment:006,6,7502.0,7269,activities/035_250815073628.csv,1,1,0,0
fit:a6b774a1f2999b796579114246cee0b4e1e606f476d6b3c15ce00e176bdfd56d,2025-08-15T07:41:32+00:00,329,144,137,94,9.184,16.600000000000023,31,fit:a6b774a1f2999b796579114246cee0b4e1e606f476d6b3c15ce00e176bdfd56d:segment:006,6,7503.0,7270,activities/035_250815073628.csv,1,1,0,0
fit:a6b774a1f2999b796579114246cee0b4e1e606f476d6b3c15ce00e176bdfd56d,2025-08-15T07:41:33+00:00,330,134,137,94,9.095,15.600000000000023,31,fit:a6b774a1f2999b796579114246cee0b4e1e606f476d6b3c15ce00e176bdfd56d:segment:006,6,7504.0,7271,activities/035_250815073628.csv,1,1,0,0
fit:a6b774a1f2999b796579114246cee0b4e1e606f476d6b3c15ce00e176bdfd56d,2025-08-15T07:41:34+00:00,331,134,137,94,9.118,15.399999999999977,31,fit:a6b774a1f2999b796579114246cee0b4e1e606f476d6b3c15ce00e176bdfd56d:segment:006,6,7505.0,7272,activities/035_250815073628.csv,1,1,0,0
fit:a6b774a1f2999b796579114246cee0b4e1e606f476d6b3c15ce00e176bdfd56d,2025-08-15T07:41:35+00:00,332,118,137,94,9.077,15.399999999999977,31,fit:a6b774a1f2999b796579114246cee0b4e1e606f476d6b3c15ce00e176bdfd56d:segment:006,6,7506.0,7273,activities/035_250815073628.csv,1,1,0,0
fit:a6b774a1f2999b796579114246cee0b4e1e606f476d6b3c15ce00e176bdfd56d,2025-08-15T07:41:36+00:00,333,118,137,94,9.2,15.399999999999977,31,fit:a6b774a1f2999b796579114246cee0b4e1e606f476d6b3c15ce00e176bdfd56d:segment:006,6,7507.0,7274,activities/035_250815073628.csv,1,1,0,0
fit:a6b774a1f2999b796579114246cee0b4e1e606f476d6b3c15ce00e176bdfd56d,2025-08-15T07:41:37+00:00,334,115,137,94,9.208,15.399999999999977,31,fit:a6b774a1f2999b796579114246cee0b4e1e606f476d6b3c15ce00e176bdfd56d:segment:006,6,7508.0,7275,activities/035_250815073628.csv,1,1,0,0
fit:a6b774a1f2999b796579114246cee0b4e1e606f476d6b3c15ce00e176bdfd56d,2025-08-15T07:41:38+00:00,335,120,137,93,9.174,15.0,31,fit:a6b774a1f2999b796579114246cee0b4e1e606f476d6b3c15ce00e176bdfd56d:segment:006,6,7509.0,7276,activities/035_250815073628.csv,1,1,0,0
fit:a6b774a1f2999b796579114246cee0b4e1e606f476d6b3c15ce00e176bdfd56d,2025-08-15T07:41:39+00:00,336,140,137,93,9.069,15.0,31,fit:a6b774a1f2999b796579114246cee0b4e1e606f476d6b3c15ce00e176bdfd56d:segment:006,6,7510.0,7277,activities/035_250815073628.csv,1,1,0,0
fit:a6b774a1f2999b796579114246cee0b4e1e606f476d6b3c15ce00e176bdfd56d,2025-08-15T07:41:40+00:00,337,129,137,92,9.031,15.0,31,fit:a6b774a1f2999b796579114246cee0b4e1e606f476d6b3c15ce00e176bdfd56d:segment:006,6,7511.0,7278,activities/035_250815073628.csv,1,1,0,0
fit:a6b774a1f2999b796579114246cee0b4e1e606f476d6b3c15ce00e176bdfd56d,2025-08-15T07:41:41+00:00,338,136,137,92,9.013,15.399999999999977,31,fit:a6b774a1f2999b796579114246cee0b4e1e606f476d6b3c15ce00e176bdfd56d:segment:006,6,7512.0,7279,activities/035_250815073628.csv,1,1,0,0
fit:a6b774a1f2999b796579114246cee0b4e1e606f476d6b3c15ce00e176bdfd56d,2025-08-15T07:41:42+00:00,339,136,136,92,8.958,16.0,31,fit:a6b774a1f2999b796579114246cee0b4e1e606f476d6b3c15ce00e176bdfd56d:segment:006,6,7513.0,7280,activities/035_250815073628.csv,1,1,0,0
fit:a6b774a1f2999b796579114246cee0b4e1e606f476d6b3c15ce00e176bdfd56d,2025-08-15T07:41:43+00:00,340,129,136,92,8.957,16.0,31,fit:a6b774a1f2999b796579114246cee0b4e1e606f476d6b3c15ce00e176bdfd56d:segment:006,6,7514.0,7281,activities/035_250815073628.csv,1,1,0,0
fit:a6b774a1f2999b796579114246cee0b4e1e606f476d6b3c15ce00e176bdfd56d,2025-08-15T07:41:44+00:00,341,152,136,92,8.829,16.0,31,fit:a6b774a1f2999b796579114246cee0b4e1e606f476d6b3c15ce00e176bdfd56d:segment:006,6,7515.0,7282,activities/035_250815073628.csv,1,1,0,0
fit:a6b774a1f2999b796579114246cee0b4e1e606f476d6b3c15ce00e176bdfd56d,2025-08-15T07:41:45+00:00,342,148,136,93,8.925,15.0,31,fit:a6b774a1f2999b796579114246cee0b4e1e606f476d6b3c15ce00e176bdfd56d:segment:006,6,7516.0,7283,activities/035_250815073628.csv,1,1,0,0
fit:a6b774a1f2999b796579114246cee0b4e1e606f476d6b3c15ce00e176bdfd56d,2025-08-15T07:41:46+00:00,343,147,136,93,9.042,16.200000000000045,31,fit:a6b774a1f2999b796579114246cee0b4e1e606f476d6b3c15ce00e176bdfd56d:segment:006,6,7517.0,7284,activities/035_250815073628.csv,1,1,0,0
fit:a6b774a1f2999b796579114246cee0b4e1e606f476d6b3c15ce00e176bdfd56d,2025-08-15T07:41:47+00:00,344,149,136,93,9.085,16.200000000000045,31,fit:a6b774a1f2999b796579114246cee0b4e1e606f476d6b3c15ce00e176bdfd56d:segment:006,6,7518.0,7285,activities/035_250815073628.csv,1,1,0,0
fit:a6b774a1f2999b796579114246cee0b4e1e606f476d6b3c15ce00e176bdfd56d,2025-08-15T07:41:48+00:00,345,130,136,92,9.08,16.200000000000045,31,fit:a6b774a1f2999b796579114246cee0b4e1e606f476d6b3c15ce00e176bdfd56d:segment:006,6,7519.0,7286,activities/035_250815073628.csv,1,1,0,0
fit:a6b774a1f2999b796579114246cee0b4e1e606f476d6b3c15ce00e176bdfd56d,2025-08-15T07:41:49+00:00,346,94,136,91,8.923,15.799999999999955,31,fit:a6b774a1f2999b796579114246cee0b4e1e606f476d6b3c15ce00e176bdfd56d:segment:006,6,7520.0,7287,activities/035_250815073628.csv,1,1,0,0
fit:a6b774a1f2999b796579114246cee0b4e1e606f476d6b3c15ce00e176bdfd56d,2025-08-15T07:41:50+00:00,347,52,136,84,8.902,16.0,31,fit:a6b774a1f2999b796579114246cee0b4e1e606f476d6b3c15ce00e176bdfd56d:segment:006,6,7521.0,7288,activities/035_250815073628.csv,1,1,0,0
fit:a6b774a1f2999b796579114246cee0b4e1e606f476d6b3c15ce00e176bdfd56d,2025-08-15T07:41:51+00:00,348,52,136,84,8.756,16.0,31,fit:a6b774a1f2999b796579114246cee0b4e1e606f476d6b3c15ce00e176bdfd56d:segment:006,6,7522.0,7289,activities/035_250815073628.csv,1,1,0,0
fit:a6b774a1f2999b796579114246cee0b4e1e606f476d6b3c15ce00e176bdfd56d,2025-08-15T07:41:52+00:00,349,52,136,84,8.584,16.0,31,fit:a6b774a1f2999b796579114246cee0b4e1e606f476d6b3c15ce00e176bdfd56d:segment:006,6,7523.0,7290,activities/035_250815073628.csv,1,1,0,0
fit:a6b774a1f2999b796579114246cee0b4e1e606f476d6b3c15ce00e176bdfd56d,2025-08-15T07:41:53+00:00,350,53,136,84,8.474,16.0,31,fit:a6b774a1f2999b796579114246cee0b4e1e606f476d6b3c15ce00e176bdfd56d:segment:006,6,7524.0,7291,activities/035_250815073628.csv,1,1,0,0
fit:a6b774a1f2999b796579114246cee0b4e1e606f476d6b3c15ce00e176bdfd56d,2025-08-15T07:41:54+00:00,351,53,136,84,8.019,15.799999999999955,31,fit:a6b774a1f2999b796579114246cee0b4e1e606f476d6b3c15ce00e176bdfd56d:segment:006,6,7525.0,7292,activities/035_250815073628.csv,1,1,0,0
fit:a6b774a1f2999b796579114246cee0b4e1e606f476d6b3c15ce00e176bdfd56d,2025-08-15T07:41:55+00:00,352,53,135,84,7.079,15.799999999999955,31,fit:a6b774a1f2999b796579114246cee0b4e1e606f476d6b3c15ce00e176bdfd56d:segment:006,6,7526.0,7293,activities/035_250815073628.csv,1,1,0,0
fit:a6b774a1f2999b796579114246cee0b4e1e606f476d6b3c15ce00e176bdfd56d,2025-08-15T07:41:56+00:00,353,51,135,83,6.049,15.799999999999955,31,fit:a6b774a1f2999b796579114246cee0b4e1e606f476d6b3c15ce00e176bdfd56d:segment:006,6,7527.0,7294,activities/035_250815073628.csv,1,1,0,0
fit:a6b774a1f2999b796579114246cee0b4e1e606f476d6b3c15ce00e176bdfd56d,2025-08-15T07:41:57+00:00,354,46,134,79,5.161,15.799999999999955,31,fit:a6b774a1f2999b796579114246cee0b4e1e606f476d6b3c15ce00e176bdfd56d:segment:006,6,7528.0,7295,activities/035_250815073628.csv,1,1,0,0
fit:a6b774a1f2999b796579114246cee0b4e1e606f476d6b3c15ce00e176bdfd56d,2025-08-15T07:41:58+00:00,355,0,133,0,4.773,15.799999999999955,31,fit:a6b774a1f2999b796579114246cee0b4e1e606f476d6b3c15ce00e176bdfd56d:segment:006,6,7529.0,7296,activities/035_250815073628.csv,1,1,0,0
fit:a6b774a1f2999b796579114246cee0b4e1e606f476d6b3c15ce00e176bdfd56d,2025-08-15T07:41:59+00:00,356,0,132,0,4.681,15.799999999999955,31,fit:a6b774a1f2999b796579114246cee0b4e1e606f476d6b3c15ce00e176bdfd56d:segment:006,6,7530.0,7297,activities/035_250815073628.csv,1,1,0,0
fit:a6b774a1f2999b796579114246cee0b4e1e606f476d6b3c15ce00e176bdfd56d,2025-08-15T07:42:00+00:00,357,0,132,0,4.653,15.799999999999955,31,fit:a6b774a1f2999b796579114246cee0b4e1e606f476d6b3c15ce00e176bdfd56d:segment:006,6,7531.0,7298,activities/035_250815073628.csv,1,1,0,0
fit:a6b774a1f2999b796579114246cee0b4e1e606f476d6b3c15ce00e176bdfd56d,2025-08-15T07:42:01+00:00,358,0,132,39,4.603,15.799999999999955,31,fit:a6b774a1f2999b796579114246cee0b4e1e606f476d6b3c15ce00e176bdfd56d:segment:006,6,7532.0,7299,activities/035_250815073628.csv,1,1,0,0
fit:a6b774a1f2999b796579114246cee0b4e1e606f476d6b3c15ce00e176bdfd56d,2025-08-15T07:42:02+00:00,359,0,131,39,4.442,15.600000000000023,31,fit:a6b774a1f2999b796579114246cee0b4e1e606f476d6b3c15ce00e176bdfd56d:segment:006,6,7533.0,7300,activities/035_250815073628.csv,1,1,0,0
fit:a6b774a1f2999b796579114246cee0b4e1e606f476d6b3c15ce00e176bdfd56d,2025-08-15T07:42:03+00:00,360,0,131,39,4.49,15.600000000000023,31,fit:a6b774a1f2999b796579114246cee0b4e1e606f476d6b3c15ce00e176bdfd56d:segment:006,6,7534.0,7301,activities/035_250815073628.csv,1,1,0,0
fit:a6b774a1f2999b796579114246cee0b4e1e606f476d6b3c15ce00e176bdfd56d,2025-08-15T07:42:04+00:00,361,0,131,37,4.456,15.600000000000023,31,fit:a6b774a1f2999b796579114246cee0b4e1e606f476d6b3c15ce00e176bdfd56d:segment:006,6,7535.0,7302,activities/035_250815073628.csv,1,1,0,0
fit:a6b774a1f2999b796579114246cee0b4e1e606f476d6b3c15ce00e176bdfd56d,2025-08-15T07:42:05+00:00,362,0,130,35,4.576,15.600000000000023,31,fit:a6b774a1f2999b796579114246cee0b4e1e606f476d6b3c15ce00e176bdfd56d:segment:006,6,7536.0,7303,activities/035_250815073628.csv,1,1,0,0
fit:a6b774a1f2999b796579114246cee0b4e1e606f476d6b3c15ce00e176bdfd56d,2025-08-15T07:42:06+00:00,363,0,128,33,4.415,16.0,31,fit:a6b774a1f2999b796579114246cee0b4e1e606f476d6b3c15ce00e176bdfd56d:segment:006,6,7537.0,7304,activities/035_250815073628.csv,1,1,0,0
fit:a6b774a1f2999b796579114246cee0b4e1e606f476d6b3c15ce00e176bdfd56d,2025-08-15T07:42:07+00:00,364,0,128,0,4.354,16.0,31,fit:a6b774a1f2999b796579114246cee0b4e1e606f476d6b3c15ce00e176bdfd56d:segment:006,6,7538.0,7305,activities/035_250815073628.csv,1,1,0,0
